R
Px,Ix,Dx,Py,Iy,Dy,Pz,Iz,FFrx,FFry,FFdrx,FFdry,satI,satPID,DTermC,GparamC,AparamC,KFQAng,KFQbias,KFRmeas,CPx,CIx,CPy,CIy,CsatI,CsatPID,CFFdrx,CFFdry
175,25,1900,200,25,2100,500,150,0,0,0,0,7,75,10,10.0,32.0,0.000100,0.003000,20,0,0,0,0,10,75,0,0
sysTime
12.899
12.911
12.922
12.933
12.945
12.956
12.967
12.979
12.990
13.001
13.012
13.024
13.035
13.046
13.058
13.069
13.080
13.092
13.103
13.114
13.126
13.137
13.148
13.160
13.171
13.182
13.193
13.205
13.216
13.227
13.239
13.250
13.261
13.272
13.284
13.295
13.306
13.317
13.328
13.340
13.351
13.362
13.374
13.385
13.396
13.408
13.419
13.430
13.441
13.453
13.464
13.475
13.486
13.498
13.509
13.520
13.532
13.543
13.554
13.565
13.577
13.588
13.599
13.611
13.622
13.633
13.644
13.656
13.667
13.678
13.690
13.701
13.712
13.724
13.735
13.746
13.758
13.769
13.780
13.792
13.803
13.814
13.826
13.837
13.848
13.859
13.871
13.882
13.893
13.905
13.916
13.927
13.939
13.950
13.961
13.973
13.984
13.995
14.006
14.018
14.029
14.040
14.052
14.063
14.074
14.086
14.097
14.108
14.120
14.131
14.142
14.153
14.164
14.176
14.187
14.198
14.210
14.221
14.232
14.243
14.255
14.266
14.277
14.289
14.300
14.311
14.323
14.334
14.345
14.356
14.368
14.379
14.390
14.402
14.413
14.424
14.436
14.447
14.458
14.469
14.481
14.492
14.503
14.515
14.526
14.537
14.549
14.560
14.571
14.583
14.594
14.605
14.617
14.628
14.639
14.651
14.662
14.673
14.684
14.696
14.707
14.718
14.730
14.741
14.752
14.764
14.775
14.786
14.797
14.809
14.820
14.831
14.843
14.854
14.865
14.877
14.888
14.899
14.911
14.922
14.933
14.945
14.956
14.967
14.978
14.989
15.001
15.012
15.023
15.034
15.046
15.057
15.068
15.080
15.091
15.102
15.114
15.125
15.136
15.148
15.159
15.170
15.182
15.193
15.204
15.216
15.227
15.238
15.249
15.261
15.272
15.283
15.295
15.306
15.317
15.329
15.340
15.351
15.362
15.374
15.385
15.396
15.407
15.419
15.430
15.441
15.453
15.464
15.475
15.487
15.498
15.509
15.521
15.532
15.543
15.555
15.566
15.577
15.588
15.600
15.611
15.622
15.634
15.645
15.656
15.668
15.679
15.690
15.702
15.713
15.724
15.736
15.747
15.758
15.770
15.781
15.792
15.803
15.814
15.826
15.837
15.848
15.859
15.871
15.882
15.893
15.904
15.916
15.927
15.938
15.950
15.961
15.972
15.984
15.995
16.006
16.018
16.029
16.040
16.052
16.063
16.074
16.086
16.097
16.108
16.119
16.131
16.142
16.153
16.165
16.176
16.187
16.199
16.210
16.221
16.232
16.244
16.255
16.266
16.277
16.289
16.300
16.311
16.323
16.334
16.345
16.356
16.368
16.379
16.390
16.402
16.413
16.424
16.435
16.447
16.458
16.469
16.480
16.492
16.503
16.514
16.526
16.537
16.548
16.560
16.571
16.582
16.594
16.605
16.616
16.627
16.638
16.650
16.661
16.672
16.683
16.695
16.706
16.717
16.729
16.740
16.751
16.763
16.774
16.785
16.796
16.808
16.819
16.830
16.841
16.853
16.864
16.875
16.887
16.898
16.909
16.921
16.932
16.943
16.955
16.966
16.977
16.988
16.999
17.011
17.022
17.033
17.045
17.056
17.067
17.079
17.090
17.101
17.113
17.124
17.135
17.147
17.158
17.169
17.180
17.192
17.203
17.214
17.226
17.237
17.248
17.260
17.271
17.282
17.294
17.305
17.316
17.327
17.339
17.350
17.361
17.373
17.384
17.395
17.406
17.418
17.429
17.