R
Px,Ix,Dx,Py,Iy,Dy,Pz,Iz,FFrx,FFry,FFdrx,FFdry,satI,satPID,DTermC,GparamC,AparamC,KFQAng,KFQbias,KFRmeas,CPx,CIx,CPy,CIy,CsatI,CsatPID,CFFdrx,CFFdry
175,25,1900,200,25,2100,500,150,0,0,0,0,7,75,10,10.0,32.0,0.000100,0.003000,20,0,0,0,0,10,75,0,0
sysTime
8.215
8.225
8.235
8.245
8.255
8.265
8.275
8.286
8.296
8.306
8.316
8.326
8.336
8.346
8.356
8.366
8.376
8.386
8.396
8.406
8.416
8.426
8.436
8.446
8.456
8.467
8.477
8.487
8.497
8.507
8.517
8.527
8.537
8.547
8.557
8.567
8.577
8.587
8.597
8.607
8.617
8.628
8.638
8.649
8.659
8.669
8.679
8.689
8.699
8.709
8.719
8.729
8.739
8.749
8.761
8.771
8.781
8.791
8.801
8.811
8.821
8.831
8.841
8.851
8.861
8.871
8.881
8.891
8.901
8.911
8.923
8.933
8.943
8.953
8.964
8.974
8.984
8.994
9.004
9.014
9.024
9.034
9.044
9.054
9.064
9.076
9.086
9.096
9.106
9.116
9.127
9.138
9.148
9.158
9.169
9.180
9.190
9.200
9.210
9.220
9.231
9.241
9.251
9.261
9.271
9.281
9.291
9.301
9.311
9.321
9.332
9.342
9.354
9.364
9.375
9.386
9.396
9.408
9.419
9.429
9.440
9.450
9.462
9.473
9.483
9.493
9.503
9.513
9.523
9.534
9.544
9.554
9.564
9.574
9.584
9.595
9.605
9.615
9.625
9.635
9.645
9.655
9.665
9.675
9.685
9.695
9.705
9.715
9.725
9.735
9.745
9.755
9.765
9.777
9.787
9.797
9.807
9.817
9.827
9.837
9.847
9.857
9.867
9.877
9.887
9.897
9.907
9.917
9.927
9.938
9.948
9.958
9.968
9.978
9.988
9.998
10.008
10.018
10.028
10.038
10.048
10.058
10.068
10.078
10.088
10.098
10.108
10.118
10.128
10.138
10.148
10.159
10.169
10.179
10.189
10.199
10.209
10.219
10.229
10.239
10.249
10.259
10.270
10.280
10.290
10.300
10.310
10.320
1