R
Px,Ix,Dx,Py,Iy,Dy,Pz,Iz,FFrx,FFry,FFdrx,FFdry,satI,satPID,DTermC,GparamC,AparamC,KFQAng,KFQbias,KFRmeas,CPx,CIx,CPy,CIy,CsatI,CsatPID,CFFdrx,CFFdry,CFalpha,FFDTermC,IRelaxR,IRelaxE,DmaxR,DmaxE,DMx,DMy
330,0,1900,330,0,2100,500,150,0,0,0,0,7,75,10,10.0,64.0,0.000100,0.003000,50,30,0,30,0,75,300,0,0,0.995,10.000,300,100,300,100,1900,2100
sysTime,PIDRefX,PIDRefY,PIDRefZ,PIDSensX,PIDSensY,PIDSensZ
218.319,0.000,-94.496,0.000,-16.310,-90.309,-9.517
218.324,0.000,-94.496,0.000,-16.310,-90.309,-9.517
218.329,0.000,-94.496,0.000,-16.310,-90.309,-9.517
218.335,0.000,-94.496,0.000,-16.310,-90.309,-9.517
218.340,0.000,-94.496,0.000,-16.310,-90.309,-9.517
218.345,0.000,-94.496,0.000,-16.310,-90.309,-9.517
218.350,0.000,-94.496,0.000,-16.310,-90.309,-9.517
218.355,0.000,-94.496,0.000,-16.310,-90.309,-9.517
218.360,0.000,-94.496,0.000,-16.310,-90.309,-9.517
218.365,0.000,-94.496,0.000,-16.310,-90.309,-9.517
218.370,0.000,-94.496,0.000,-16.310,-90.309,-9.517
218.375,0.000,-94.496,0.000,-16.310,-90.309,-9.517
218.380,0.000,-94.496,0.000,-16.310,-90.309,-9.517
218.386,0.000,-94.496,0.000,-16.310,-90.309,-9.517
218.391,0.000,-94.496,0.000,-16.310,-90.309,-9.517
218.396,0.000,-94.496,0.000,-16.310,-90.309,-9.517
218.401,0.000,-94.496,0.000,-16.310,-90.309,-9.517
218.406,0.000,-94.496,0.000,-16.310,-90.309,-9.517
218.411,0.000,-94.496,0.000,-16.310,-90.309,-9.517
218.416,0.000,-94.496,0.000,-16.310,-90.309,-9.517
218.421,0.000,-94.496,0.000,-16.310,-90.309,-9.517
218.426,0.000,-94.496,0.000,-16.310,-90.309,-9.517
218.431,0.000,-94.496,0.000,-16.310,-90.309,-9.517
218.437,0.000,-94.496,0.000,-16.310,-90.309,-9.517
218.442,0.000,-94.496,0.000,-16.310,-90.309,-9.517
218.447,0.000,-94.496,0.000,-16.310,-90.309,-9.517
218.452,0.000,-94.496,0.000,-16.310,-90.309,-9.517
218.457,0.000,-94.496,0.000,-16.310,-90.309,-9.517
218.462,0.000,-94.496,0.000,-16.310,-90.309,-9.517
218.467,0.000,-94.496,0.000,-16.310,-90.309,-9.517
218.472,0.000,-94.496,0.000,-16.310,-90.309,-9.517
218.478,0.000,-94.496,0.000,-16.310,-90.309,-9.517
218.483,0.000,-94.496,0.000,-16.310,-90.309,-9.517
218.488,0.000,-94.496,0.000,-16.310,-90.309,-9.517
218.493,0.000,-94.496,0.000,-16.310,-90.309,-9.517
218.498,0.000,-94.496,0.000,-16.310,-90.309,-9.517
218.503,0.000,-94.496,0.000,-16.310,-90.309,-9.517
218.508,0.000,-94.496,0.000,-16.310,-90.309,-9.517
218.513,0.000,-94.496,0.000,-16.310,-90.309,-9.517
218.518,0.000,-94.496,0.000,-16.310,-90.309,-9.517
218.524,0.000,-94.496,0.000,-16.310,-90.309,-9.517
218.529,0.000,-94.496,0.000,-16.310,-90.309,-9.517
218.534,0.000,-94.496,0.000,-16.310,-90.309,-9.517
218.539,0.000,-94.496,0.000,-16.310,-90.309,-9.517
218.544,0.000,-94.496,0.000,-16.310,-90.309,-9.517
218.549,0.000,-94.496,0.000,-16.310,-90.309,-9.517
218.554,0.000,-94.496,0.000,-16.310,-90.309,-9.517
218.559,0.000,-94.496,0.000,-16.310,-90.309,-9.517
218.564,0.000,-94.496,0.000,-16.310,-90.309,-9.517
218.570,0.000,-94.496,0.000,-16.310,-90.309,-9.517
218.575,0.000,-94.496,0.000,-16.310,-90.309,-9.517
218.580,0.000,-94.496,0.000,-16.310,-90.309,-9.517
218.585,0.000,-94.496,0.000,-16.310,-90.309,-9.517
218.590,0.000,-94.496,0.000,-16.310,-90.309,-9.517
218.595,0.000,-94.496,0.000,-16.310,-90.309,-9.517
218.600,0.000,-94.496,0.000,-16.310,-90.309,-9.517
218.605,0.000,-94.496,0.000,-16.310,-90.309,-9.517
218.610,0.000,-94.496,0.000,-16.310,-90.309,-9.517
218.615,0.000,-94.496,0.000,-16.310,-90.309,-9.517
218.621,0.000,-94.496,0.000,-16.310,-90.309,-9.517
218.626,0.000,-94.496,0.000,-16.310,-90.309,-9.517
218.631,0.000,-94.496,0.000,-16.310,-90.309,-9.517
218.636,0.000,-94.496,0.000,-16.310,-90.309,-9.517
218.641,0.000,-94.496,0.000,-16.310,-90.309,-9.517
218.646,0.000,-94.496,0.000,-16.310,-90.309,-9.517
218.651,0.000,-94.496,0.000,-16.310,-90.309,-9.517
218.656,0.000,-94.496,0.000,-16.310,-90.309,-9.517
218.662,0.000,-94.496,0.000,-16.310,-90.309,-9.517
218.667,0.000,-94.496,0.000,-16.310,-90.309,-9.517
218.672,0.000,-94.496,0.000,-16.310,-90.309,-9.517
218.677,0.000,-94.496,0.000,-16.310,-90.309,-9.517
218.682,0.000,-94.496,0.000,-16.310,-90.309,-9.517
218.687,0.000,-94.496,0.000,-16.310,-90.309,-9.517
218.692,0.000,-94.496,0.000,-16.310,-90.309,-9.517
218.697,0.000,-94.496,0.000,-16.310,-90.309,-9.517
218.702,0.000,-94.496,0.000,-16.310,-90.309,-9.517
218.708,0.000,-94.496,0.000,-16.310,-90.309,-9.517
218.713,0.000,-94.496,0.000,-16.310,-90.309,-9.517
218.718,0.000,-94.496,0.000,-16.310,-90.309,-9.517
218.723,0.000,-94.496,0.000,-16.310,-90.309,-9.517
218.728,0.000,-94.496,0.000,-16.310,-90.309,-9.517
218.733,0.000,-94.496,0.000,-16.310,-90.309,-9.517
218.738,0.000,-94.496,0.000,-16.310,-90.309,-9.517
218.743,0.000,-94.496,0.000,-16.310,-90.309,-9.517
218.748,0.000,-94.496,0.000,-16.310,-90.309,-9.517
218.754,0.000,-94.496,0.000,-16.310,-90.309,-9.517
218.759,0.000,-94.496,0.000,-16.310,-90.309,-9.517
218.764,0.000,-94.496,0.000,-16.310,-90.309,-9.517
218.770,0.000,-0.297,1.000,0.950,-1.722,0.496
218.776,0.000,-0.297,1.000,0.273,-2.282,0.452
218.782,0.000,-0.297,1.000,-0.053,-2.454,0.366
218.788,0.000,-0.297,1.000,0.441,-1.917,0.138
218.794,0.000,-0.297,1.000,0.473,-1.740,0.153
218.800,0.000,-0.297,1.000,0.187,-1.423,-0.366
218.807,0.000,-0.297,1.000,0.147,-0.349,-0.292
218.813,0.000,-0.297,1.000,-0.013,-0.757,-0.380
218.819,0.000,-0.297,1.000,-0.265,-1.029,-0.234
218.825,0.000,-0.297,1.000,-0.215,0.018,-1.213
218.831,0.000,-0.297,1.000,-0.500,0.673,-0.505
218.838,0.000,-0.297,1.000,-0.814,0.601,0.831
218.844,0.000,-0.297,1.000,-0.910,0.720,0.231
218.850,0.000,-0.297,1.000,-0.778,0.247,-0.169
218.856,0.000,-0.297,1.000,0.123,-0.093,-1.576
218.862,0.000,-0.297,1.000,0.294,0.651,-0.598
218.869,0.000,-0.297,1.000,-0.272,0.705,0.059
218.875,0.000,-0.297,1.000,0.004,0.551,0.549
218.881,0.000,-0.297,1.000,-0.035,0.130,0.396
218.887,0.000,-0.297,1.000,-0.475,0.722,0.073
218.893,0.000,-0.297,1.000,0.330,0.170,-0.068
218.900,0.000,-0.297,1.000,0.205,0.059,0.326
218.906,0.000,-0.297,1.000,0.616,-0.579,1.108
218.912,0.000,-0.297,1.000,0.693,-0.025,0.675
218.918,0.000,-0.297,1.000,-0.256,-0.147,0.124
218.924,0.000,-0.297,1.000,-0.304,-0.226,1.368
218.930,0.000,-0.297,1.000,0.506,0.209,0.528
218.936,0.000,-0.297,1.000,0.307,0.347,2.718
218.943,0.000,-0.297,1.000,0.852,1.045,-1.471
218.949,0.000,-0.297,1.000,1.032,1.151,-0.288
218.955,0.000,-0.297,1.000,1.665,0.411,0.063
218.961,0.000,-0.297,1.000,1.296,0.166,-1.893
218.968,0.000,-0.297,1.000,1.591,-0.305,1.115
218.974,0.000,-0.297,1.000,0.545,0.246,0.827
218.980,0.000,-0.297,1.000,0.357,-0.137,-2.013
218.986,0.000,-0.297,1.000,0.440,-0.282,-0.563
218.992,0.000,-0.297,1.000,-0.628,-0.224,-1.301
218.998,0.000,-0.297,1.000,0.069,-0.411,-2.014
219.005,0.000,-0.297,1.000,-0.084,-0.853,-0.878
219.011,0.000,-0.297,1.000,-0.534,-1.278,-0.838
219.017,0.000,-0.297,1.000,0.476,-2.192,-1.007
219.023,0.000,-0.297,1.000,0.946,-1.703,-0.098
219.029,0.000,-0.297,1.000,1.152,-0.108,-0.469
219.036,0.000,-0.297,1.000,0.930,-0.745,0.864
219.042,0.000,-0.297,1.000,0.796,-0.712,0.168
219.048,0.000,-0.297,1.000,0.801,0.603,0.966
219.054,0.000,-0.297,1.000,-0.201,0.231,2.007
219.060,0.000,-0.297,1.000,-0.050,0.529,0.473
219.066,0.000,-0.297,1.000,-0.246,0.460,-0.165
219.073,0.000,-0.297,1.000,0.640,0.385,-0.935
219.079,0.000,-0.297,1.000,9.871,3.589,-1.965
219.085,0.000,-0.297,1.000,6.348,3.702,-1.751
219.091,0.000,-0.297,1.000,5.497,3.140,-0.705
219.097,0.000,-0.297,1.000,4.856,2.931,-1.297
219.104,0.000,-0.297,1.000,3.549,2.039,2.250
219.110,0.000,-0.297,1.000,1.798,2.458,1.937
219.116,0.000,-0.297,1.000,0.702,2.164,0.501
219.122,0.000,-0.297,1.000,0.140,2.717,1.900
219.128,0.000,-0.297,1.000,1.060,0.711,2.867
219.135,0.000,-0.297,1.000,-0.288,0.386,0.996
219.141,0.000,-0.297,1.000,-0.497,1.192,1.157
219.147,0.000,-0.297,1.000,-1.012,1.530,-0.724
219.153,0.000,-0.297,1.000,-0.949,1.331,0.014
219.159,0.000,-0.297,1.000,0.369,0.785,1.496
219.166,0.000,-0.297,1.000,0.359,0.642,0.877
219.172,0.000,-0.297,1.000,0.181,0.533,1.209
219.178,0.000,-0.595,1.000,0.357,-0.184,1.373
219.184,-0.148,-0.744,1.000,0.933,0.226,1.426
219.191,-0.148,-0.744,1.000,1.555,0.435,0.215
219.198,-0.148,-0.744,1.000,0.988,0.884,0.222
219.204,-0.446,-1.042,1.000,0.386,0.851,-0.710
219.210,-0.446,-1.042,1.000,0.598,0.455,-0.705
219.215,-0.595,-1.042,1.000,1.667,0.869,-1.338
219.221,-0.595,-1.042,1.000,1.309,1.364,-1.987
219.226,-0.595,-1.042,1.000,2.331,1.968,-0.963
219.231,-0.595,-1.042,1.000,2.618,0.784,-1.350
219.237,-0.595,-1.042,1.000,2.882,0.809,-1.436
219.242,-0.595,-1.042,1.000,1.936,0.935,-0.320
219.247,-0.595,-1.042,1.000,2.074,2.749,0.079
219.252,-0.595,-1.192,1.000,1.342,3.844,-0.676
219.257,-0.595,-1.192,1.000,0.510,3.507,-0.142
219.263,-0.595,-1.192,1.000,0.360,4.511,0.175
219.268,-0.595,-1.341,1.000,1.153,5.176,1.129
219.273,-0.595,-1.492,1.000,1.052,5.350,0.093
219.279,-0.595,-1.492,1.000,-1.225,6.790,0.346
219.284,-0.595,-1.492,1.000,-1.318,5.408,1.348
219.289,-0.595,-1.642,1.000,-2.203,6.885,0.596
219.295,-0.595,-1.642,1.000,-1.420,6.601,-0.695
219.300,-0.446,-1.642,1.000,-2.753,8.903,-1.128
219.306,-0.446,-1.642,1.000,-1.594,9.487,0.257
219.311,-0.297,-1.642,1.000,-1.009,10.407,0.662
219.317,-0.297,-1.642,1.000,-4.348,10.540,2.802
219.322,-0.297,-1.642,1.000,-2.028,10.086,2.869
219.327,-0.297,-1.642,1.000,-2.718,7.702,3.241
219.333,-0.297,-1.642,1.000,-3.829,9.633,2.393
219.338,-0.297,-1.642,1.000,-3.585,8.747,2.805
219.343,0.000,-2.247,1.000,-5.118,12.203,1.377
219.350,0.000,-2.399,1.000,-3.030,11.693,2.320
219.356,0.000,-2.399,1.000,-2.034,13.443,3.101
219.363,0.000,-2.552,1.000,-1.957,14.475,3.337
219.370,0.000,-2.552,1.000,-0.132,16.150,4.178
219.376,0.000,-2.399,1.000,0.041,14.790,4.844
219.382,0.000,-2.552,1.000,-1.503,16.245,5.603
219.389,0.000,-2.552,1.000,2.718,16.085,5.356
219.396,0.000,-2.552,1.000,3.080,16.818,4.839
219.401,0.000,-2.552,1.000,3.499,17.201,6.426
219.408,0.000,-2.399,1.000,5.050,18.153,7.072
219.414,0.000,-2.399,1.000,4.837,17.676,7.329
219.420,0.000,-2.399,1.000,3.856,20.232,7.669
219.426,0.000,-2.399,1.000,1.785,24.513,8.432
219.433,0.000,-2.399,1.000,1.981,26.885,7.186
219.439,0.000,-6.099,1.000,-0.865,31.419,5.047
219.446,0.000,-6.099,1.000,-2.229,34.265,2.733
219.453,0.000,-7.333,1.000,-5.146,35.069,3.796
219.459,0.000,-7.333,1.000,-9.042,39.886,3.237
219.466,0.000,-8.068,1.000,-8.580,40.790,3.627
219.471,0.000,-8.068,1.000,-9.823,42.804,3.366
219.478,0.000,-8.636,1.000,-10.712,45.012,3.010
219.485,0.000,-9.218,1.000,-13.344,48.035,1.732
219.491,0.000,-9.218,1.000,-10.840,46.419,0.995
219.496,0.000,-12.154,1.000,-13.286,49.542,1.778
219.503,0.000,-12.154,1.000,-14.109,50.225,0.976
219.508,0.000,-12.836,1.000,-14.921,54.451,1.554
219.513,0.000,-12.836,1.000,-13.794,58.592,3.902
219.520,0.000,-15.517,1.000,-14.186,59.763,1.629
219.525,0.000,-15.517,1.000,-12.535,61.643,2.604
219.530,0.000,-15.517,1.000,-12.038,62.330,4.663
219.535,0.000,-18.808,1.000,-10.097,62.083,3.566
219.542,0.000,-18.808,1.000,-9.517,61.639,1.541
219.548,0.000,-18.808,1.000,-8.561,63.548,0.606
219.555,0.000,-26.395,1.000,-9.056,62.479,-0.992
219.562,0.000,-33.294,1.000,-7.682,59.735,0.649
219.568,0.000,-36.981,1.000,-7.760,58.511,-0.056
219.575,0.000,-40.977,1.000,-7.858,54.980,-1.217
219.582,0.000,-40.977,1.000,-9.276,56.314,-0.941
219.588,0.000,-40.977,1.000,-11.731,56.144,-1.851
219.595,0.000,-40.977,1.000,-10.994,53.902,-0.745
219.600,0.000,-45.869,1.000,-12.827,51.602,-1.214
219.605,0.000,-45.304,1.000,-12.535,47.611,-1.573
219.612,0.000,-45.304,1.000,-13.181,43.847,1.674
219.617,0.000,-45.304,1.000,-12.380,38.589,1.165
219.624,0.000,-47.016,1.000,-15.121,35.012,2.787
219.630,0.000,-47.016,1.000,-14.316,32.795,4.415
219.635,0.000,-47.016,1.000,-16.903,30.811,5.945
219.642,0.000,-47.016,1.000,-17.152,29.478,7.937
219.647,0.000,-47.016,1.000,-20.794,27.106,9.373
219.652,0.000,-47.016,1.000,-21.635,25.151,10.534
219.657,0.000,-64.096,1.000,-21.217,22.620,9.931
219.662,0.000,-64.096,1.000,-22.379,22.666,11.364
219.667,0.000,-72.656,1.000,-23.537,24.013,11.742
219.672,0.000,-72.656,1.000,-25.791,29.706,14.308
219.679,0.000,-82.101,1.000,-28.071,35.077,16.241
219.684,0.000,-85.768,1.000,-29.753,39.074,17.409
219.689,0.000,-85.768,1.000,-31.759,44.216,18.021
219.696,0.000,-97.558,1.000,-31.453,45.517,19.054
219.701,0.000,-97.558,1.000,-31.472,48.591,20.831
219.708,0.000,-100.697,1.000,-32.118,47.889,21.256
219.713,0.000,-103.917,1.000,-34.358,48.021,22.279
219.718,0.000,-103.917,1.000,-35.803,48.501,23.773
219.725,0.000,-105.008,1.000,-35.608,45.451,23.449
219.730,0.000,-105.008,1.000,-38.075,43.349,24.615
219.736,0.000,-105.008,1.000,-40.839,39.196,23.760
219.743,0.000,-105.008,1.000,-39.056,32.305,23.052
219.748,0.000,-105.008,1.000,-39.542,30.391,22.820
219.753,0.000,-116.430,1.000,-39.251,27.668,23.419
219.758,0.000,-118.828,1.000,-37.639,24.054,24.100
219.763,0.000,-118.828,1.000,-35.096,18.065,23.345
219.768,0.000,-118.828,1.000,-31.197,10.324,22.059
219.773,0.000,-124.996,1.000,-26.230,4.414,20.518
219.780,0.000,-124.996,1.000,-21.748,-1.229,20.264
219.785,0.000,-124.996,1.000,-18.849,-4.874,19.878
219.792,0.000,-124.996,1.000,-14.505,-11.600,18.608
219.797,0.000,-132.732,1.000,-12.368,-12.533,17.879
219.803,0.000,-132.732,1.000,-11.142,-17.104,15.517
219.810,0.000,-132.732,1.000,-9.924,-22.211,15.139
219.817,0.000,-136.739,1.000,-11.592,-23.629,14.321
219.824,0.000,-136.739,1.000,-13.459,-25.796,12.933
219.829,0.000,-145.044,1.000,-13.738,-27.191,13.349
219.834,0.000,-145.044,1.000,-14.716,-27.705,12.527
219.839,0.000,-143.632,1.000,-14.512,-28.872,13.253
219.845,0.000,-146.466,1.000,-18.240,-30.094,11.953
219.852,0.000,-147.899,1.000,-20.852,-30.559,9.591
219.857,0.000,-147.899,1.000,-22.073,-29.959,9.407
219.862,0.000,-147.899,1.000,-27.502,-29.742,8.064
219.869,0.000,-149.343,1.000,-30.806,-29.908,4.983
219.876,0.000,-149.343,1.000,-33.629,-32.417,2.647
219.882,0.000,-150.799,1.000,-38.400,-32.244,0.316
219.887,0.000,-150.799,1.000,-41.527,-31.928,-2.000
219.894,0.000,-150.799,1.000,-38.875,-33.842,-3.073
219.901,0.000,-150.799,1.000,-39.315,-34.355,-5.539
219.908,0.000,-150.799,1.000,-39.057,-34.550,-8.359
219.913,0.000,-150.799,1.000,-39.168,-34.625,-11.607
219.919,0.000,-143.632,1.000,-37.762,-35.735,-12.961
219.926,0.000,-143.632,1.000,-36.549,-38.594,-13.999
219.933,0.148,-143.632,1.000,-36.354,-39.329,-13.184
219.938,0.148,-143.632,1.000,-34.649,-41.727,-14.632
219.943,0.595,-147.899,1.000,-32.001,-43.109,-17.266
219.948,0.595,-147.899,1.000,-29.334,-44.118,-17.624
219.954,4.114,-162.854,1.000,-28.036,-44.577,-18.583
219.960,4.760,-164.414,1.000,-26.760,-45.598,-20.115
219.965,6.445,-165.985,1.000,-26.259,-47.307,-19.386
219.971,6.445,-165.985,1.000,-25.602,-50.991,-20.707
219.977,6.445,-165.985,1.000,-26.695,-53.424,-20.691
219.983,9.816,-167.568,1.000,-27.089,-55.327,-20.778
219.988,10.430,-165.985,1.000,-28.306,-56.808,-20.316
219.994,10.430,-165.985,1.000,-27.657,-58.657,-20.212
220.000,10.430,-165.985,1.000,-27.058,-62.075,-18.623
220.005,16.302,-162.854,1.000,-27.867,-65.296,-17.569
220.011,16.302,-162.854,1.000,-28.263,-68.081,-17.171
220.017,16.302,-162.854,1.000,-29.580,-69.795,-16.482
220.023,22.870,-147.899,1.000,-30.049,-70.438,-15.215
220.028,24.236,-140.843,1.000,-29.323,-72.184,-14.190
220.034,24.236,-140.843,1.000,-29.772,-74.626,-14.177
220.040,24.236,-140.843,1.000,-28.623,-76.007,-14.435
220.045,24.236,-140.843,1.000,-27.256,-77.969,-14.447
220.051,27.145,-122.499,1.000,-25.707,-79.556,-15.324
220.057,27.145,-122.499,1.000,-23.800,-80.162,-16.594
220.063,28.693,-109.464,1.000,-20.844,-81.100,-16.940
220.068,28.693,-109.464,1.000,-19.144,-81.642,-17.543
220.074,28.693,-109.464,1.000,-16.992,-80.369,-16.284
220.080,28.693,-109.464,1.000,-15.285,-78.471,-16.214
220.085,28.693,-109.464,1.000,-12.178,-76.976,-15.610
220.091,43.098,-108.336,1.000,-8.719,-73.549,-13.108
220.097,43.098,-108.336,1.000,-6.771,-69.357,-11.710
220.102,43.098,-108.336,1.000,-5.167,-64.677,-10.437
220.108,43.098,-108.336,1.000,-3.174,-60.555,-7.161
220.114,122.499,-111.748,1.000,-1.622,-55.535,-4.432
220.120,122.499,-111.748,1.000,0.402,-49.828,-1.161
220.125,122.499,-111.748,1.000,1.429,-43.190,1.207
220.131,155.233,-111.748,0.000,1.912,-37.429,3.720
220.137,165.985,-111.748,0.000,4.336,-33.585,6.971
220.142,177.320,-111.748,0.000,8.509,-32.148,7.720
220.148,177.320,-111.748,0.000,12.928,-29.381,8.699
220.154,198.178,-111.748,-1.000,18.831,-28.211,7.846
220.159,198.178,-109.464,-1.000,24.875,-27.260,6.732
220.165,198.178,-109.464,-1.000,31.789,-25.840,5.367
220.171,198.178,-109.464,-1.000,39.743,-25.202,4.632
220.177,198.178,-109.464,-1.000,49.394,-27.565,3.821
220.183,184.068,-109.464,-1.000,58.750,-29.483,4.351
220.188,184.068,-109.464,-1.000,68.977,-30.726,4.097
220.194,184.068,-109.464,-1.000,80.054,-31.743,5.203
220.200,149.343,-109.464,-1.000,88.581,-32.031,6.431
220.205,138.096,-109.464,-1.000,98.971,-33.298,7.856
220.211,138.096,-109.464,-1.000,108.494,-33.837,7.519
220.217,135.393,-109.464,-1.000,117.796,-35.783,7.734
220.223,130.112,-109.464,-1.000,126.971,-36.907,6.971
220.228,126.260,-109.464,-1.000,134.756,-38.872,6.247
220.234,126.260,-109.464,-1.000,143.467,-41.459,4.583
220.240,126.260,-109.464,-1.000,147.804,-42.786,3.919
220.245,117.624,-109.464,-1.000,151.123,-42.544,2.509
220.251,116.430,-109.464,-1.000,152.200,-44.088,1.493
220.257,116.430,-109.464,-1.000,152.693,-44.064,2.387
220.262,116.430,-109.464,-1.000,150.364,-41.910,1.659
220.268,116.430,-109.464,-1.000,148.810,-41.071,1.761
220.274,111.748,-106.108,-1.000,145.506,-39.927,2.769
220.280,111.748,-106.108,-1.000,141.328,-39.981,3.334
220.286,111.748,-106.108,-1.000,135.849,-39.551,2.858
220.291,111.748,-102.835,0.000,128.887,-37.891,3.294
220.297,112.904,-101.762,0.000,123.217,-37.019,4.714
220.303,112.904,-101.762,0.000,116.804,-36.916,4.847
220.308,112.904,-101.762,0.000,108.974,-34.941,5.840
220.314,123.743,-102.835,-1.000,100.304,-34.410,5.946
220.320,127.534,-102.835,-1.000,92.272,-34.186,5.811
220.325,127.534,-102.835,-1.000,85.355,-32.571,5.110
220.331,127.534,-102.835,-1.000,79.617,-32.938,4.777
220.337,127.534,-102.835,-1.000,74.509,-33.241,4.193
220.342,127.534,-102.835,-1.000,73.851,-33.623,3.816
220.348,127.534,-102.835,-1.000,73.396,-34.654,3.683
220.354,127.534,-102.835,-1.000,72.448,-35.243,1.510
220.360,143.632,-103.917,-1.000,73.499,-35.371,1.314
220.365,143.632,-103.917,-1.000,74.742,-32.920,1.791
220.371,145.044,-105.008,-1.000,75.635,-31.700,2.263
220.377,145.044,-105.008,-1.000,78.744,-30.219,2.922
220.382,153.744,-105.008,0.000,83.399,-28.322,3.208
220.388,153.744,-105.008,0.000,88.234,-27.402,3.019
220.394,156.734,-105.008,0.000,92.896,-24.890,2.489
220.400,156.734,-105.008,0.000,97.697,-23.582,2.877
220.405,169.163,-105.008,0.000,103.532,-21.777,2.846
220.411,169.163,-105.008,0.000,110.380,-20.568,3.251
220.417,169.163,-105.008,0.000,117.287,-20.698,1.603
220.422,169.163,-105.008,0.000,124.291,-20.982,1.699
220.428,169.163,-114.070,0.000,131.410,-21.939,1.142
220.434,169.163,-114.070,0.000,138.326,-22.497,-0.061
220.439,169.163,-114.070,0.000,144.132,-22.041,0.149
220.445,169.163,-114.070,0.000,148.758,-21.758,-0.275
220.451,162.854,-142.232,0.000,151.306,-21.086,-0.472
220.457,162.854,-142.232,0.000,151.259,-20.881,-1.085
220.462,155.233,-147.899,0.000,150.066,-19.585,-2.019
220.468,155.233,-147.899,0.000,151.673,-21.858,-3.193
220.474,124.996,-159.771,0.000,155.046,-22.924,-3.544
220.480,124.996,-159.771,0.000,156.025,-23.011,-3.842
220.485,124.996,-159.771,0.000,155.952,-25.830,-3.475
220.491,124.996,-159.771,0.000,154.047,-29.877,-4.627
220.497,68.659,-150.799,0.000,152.498,-34.161,-4.083
220.502,68.659,-150.799,0.000,149.886,-38.820,-3.453
220.508,68.659,-150.799,0.000,146.154,-43.173,-3.598
220.514,40.460,-140.843,0.000,142.118,-47.801,-3.414
220.520,34.188,-135.393,0.000,138.312,-52.513,-1.671
220.525,34.188,-135.393,0.000,132.788,-59.108,-1.976
220.531,34.188,-135.393,0.000,125.876,-61.923,-2.196
220.537,34.188,-135.393,0.000,121.190,-65.089,-0.946
220.542,34.188,-135.393,0.000,114.054,-69.257,-0.526
220.548,26.768,-134.057,0.000,105.430,-70.531,-1.250
220.554,21.242,-135.393,0.000,97.892,-72.305,0.474
220.560,20.614,-136.739,0.000,90.726,-73.990,2.090
220.565,20.614,-136.739,0.000,84.378,-75.281,3.078
220.571,20.927,-135.393,0.000,75.402,-74.692,4.661
220.577,20.927,-135.393,0.000,66.553,-75.297,4.659
220.582,20.614,-134.057,0.000,57.224,-74.877,3.917
220.588,20.614,-134.057,0.000,50.110,-75.021,3.807
220.594,20.614,-134.057,0.000,43.316,-75.283,4.109
220.599,20.614,-134.057,0.000,37.803,-76.097,3.908
220.605,15.261,-111.748,0.000,29.955,-74.897,3.271
220.611,15.261,-111.748,0.000,23.710,-73.004,3.220
220.617,15.007,-109.464,0.000,20.383,-72.404,4.045
220.622,15.007,-109.464,0.000,18.788,-71.624,4.212
220.628,8.636,-94.496,0.000,16.247,-70.459,2.775
220.634,8.636,-94.496,0.000,15.865,-69.201,4.402
220.639,8.636,-94.496,0.000,17.116,-68.546,3.145
220.645,8.636,-94.496,0.000,17.639,-67.655,3.493
220.651,0.595,-72.656,0.000,18.327,-66.343,2.861
220.656,0.595,-72.656,0.000,18.924,-62.523,2.168
220.662,0.446,-66.346,0.000,19.669,-58.287,1.933
220.667,0.446,-66.346,0.000,20.012,-55.985,1.422
220.673,0.446,-66.346,0.000,21.677,-54.663,2.185
220.678,0.000,-59.776,0.000,23.217,-50.890,2.540
220.683,0.000,-59.776,0.000,26.517,-51.221,3.475
220.688,0.000,-59.776,0.000,27.749,-50.990,3.412
220.695,0.000,-59.776,0.000,30.336,-49.899,3.043
220.700,0.000,-59.776,0.000,32.282,-47.411,2.355
220.705,0.000,-59.776,0.000,31.779,-47.278,1.930
220.710,0.000,-59.776,0.000,33.112,-50.577,2.411
220.715,-0.297,-64.096,0.000,31.150,-49.475,0.618
220.720,-0.297,-64.096,0.000,30.838,-48.388,0.602
220.726,-0.297,-64.096,0.000,28.908,-49.070,2.955
220.731,-0.297,-64.096,0.000,23.810,-48.765,3.970
220.737,-2.859,-59.080,0.000,21.394,-50.935,5.712
220.742,-2.859,-59.080,0.000,16.488,-48.095,5.558
220.748,-2.859,-59.080,0.000,12.904,-47.178,4.615
220.754,-8.445,-53.734,0.000,7.892,-44.404,3.463
220.759,-9.816,-53.093,0.000,3.602,-42.888,2.566
220.765,-9.816,-53.093,0.000,-0.015,-40.778,2.053
220.771,-9.816,-53.093,0.000,-3.556,-39.592,1.339
220.777,-18.808,-51.208,0.000,-5.883,-38.628,-0.123
220.782,-18.808,-51.208,0.000,-6.494,-38.223,-1.186
220.788,-18.808,-51.208,0.000,-7.453,-38.163,-1.173
220.793,-18.808,-51.208,0.000,-9.805,-37.115,-0.800
220.799,-34.188,-47.016,0.000,-11.675,-35.408,0.200
220.805,-44.744,-45.304,0.000,-13.910,-32.473,0.342
220.811,-44.744,-45.304,0.000,-15.771,-31.946,0.426
220.816,-44.744,-45.304,0.000,-16.645,-31.190,-0.573
220.822,-44.744,-45.304,0.000,-17.368,-30.771,-1.030
220.828,-55.033,-42.560,0.000,-17.849,-30.715,0.026
220.833,-55.033,-42.560,0.000,-19.730,-29.724,-0.017
220.839,-55.033,-42.560,0.000,-22.206,-28.024,-1.503
220.845,-65.589,-35.100,0.000,-24.112,-27.090,-1.407
220.851,-67.881,-30.306,0.000,-25.164,-26.176,-2.065
220.856,-67.881,-30.306,0.000,-27.434,-26.089,-2.392
220.862,-67.881,-30.306,0.000,-30.188,-24.485,-2.424
220.868,-84.840,-23.889,1.000,-33.126,-23.701,-2.922
220.873,-84.840,-23.889,1.000,-34.768,-23.423,-2.426
220.879,-84.840,-23.889,1.000,-36.125,-21.755,-2.612
220.885,-84.840,-23.889,1.000,-37.454,-20.840,-2.173
220.891,-84.840,-23.889,1.000,-39.758,-19.405,-3.503
220.896,-84.840,-23.889,1.000,-43.092,-16.734,-4.786
220.902,-84.840,-23.889,1.000,-45.660,-14.115,-5.220
220.908,-84.840,-23.889,1.000,-48.222,-11.823,-5.742
220.914,-167.568,-11.932,0.000,-51.128,-8.390,-6.673
220.919,-167.568,-11.932,0.000,-54.045,-5.800,-6.295
220.925,-167.568,-11.932,0.000,-56.485,-3.665,-5.078
220.931,-167.568,-11.932,0.000,-58.517,-0.749,-5.951
220.936,-167.568,-11.932,0.000,-61.061,2.729,-7.263
220.942,-167.568,-11.932,0.000,-64.972,6.031,-6.145
220.948,-167.568,-11.932,0.000,-68.133,7.597,-5.758
220.953,-231.022,-6.974,0.000,-72.062,9.346,-6.007
220.959,-233.081,-6.099,0.000,-77.699,12.345,-7.457
220.965,-233.081,-6.099,0.000,-82.911,16.896,-7.869
220.971,-233.081,-6.099,0.000,-86.993,20.904,-7.577
220.976,-247.906,-3.638,0.000,-93.777,23.090,-7.542
220.982,-261.203,-2.095,0.000,-100.435,25.257,-7.088
220.988,-261.203,-2.095,0.000,-107.490,27.645,-5.447
220.993,-261.203,-2.095,0.000,-116.151,31.548,-4.794
220.999,-272.712,-1.042,0.000,-125.442,32.875,-3.873
221.005,-272.712,-1.042,0.000,-136.400,33.722,-3.411
221.011,-272.712,-1.042,0.000,-146.944,34.621,-2.428
221.016,-277.428,-0.893,0.000,-157.572,34.658,-2.026
221.022,-279.810,-0.595,0.000,-168.405,36.418,-2.721
221.027,-279.810,-0.595,0.000,-178.858,37.815,-3.232
221.032,-279.810,-0.595,0.000,-190.531,36.653,-4.305
221.038,-279.810,-0.595,0.000,-201.822,34.172,-3.392
221.043,-279.810,-0.595,0.000,-212.632,33.984,-3.550
221.049,-279.810,-0.595,0.000,-222.198,32.037,-4.614
221.054,-279.810,-0.595,0.000,-232.252,29.631,-4.354
221.060,-277.428,-0.595,0.000,-243.118,26.461,-4.142
221.065,-277.428,-0.595,0.000,-251.509,24.115,-4.879
221.070,-272.712,-0.595,0.000,-261.877,23.549,-5.510
221.076,-256.709,-0.446,0.000,-269.822,24.231,-4.206
221.082,-247.906,-0.446,0.000,-275.607,24.366,-4.354
221.087,-247.906,-0.446,0.000,-283.201,25.490,-5.052
221.093,-247.906,-0.446,0.000,-289.223,25.727,-5.284
221.098,-247.906,-0.446,0.000,-293.788,26.023,-5.681
221.104,-247.906,-0.446,0.000,-297.244,26.339,-7.042
221.110,-226.948,-0.446,0.000,-301.021,27.626,-7.066
221.115,-222.931,-0.446,0.000,-302.422,28.159,-5.762
221.121,-205.549,-0.595,0.000,-302.724,29.796,-5.262
221.126,-205.549,-0.595,0.000,-303.155,30.884,-4.650
221.132,-194.573,-0.595,0.000,-302.049,31.484,-3.212
221.137,-194.573,-0.595,0.000,-297.724,32.424,-1.421
221.142,-194.573,-0.595,0.000,-294.237,32.805,1.238
221.148,-194.573,-0.595,0.000,-290.933,33.447,2.029
221.153,-143.632,-0.744,0.000,-287.832,35.031,2.672
221.159,-126.260,-1.042,0.000,-283.931,36.731,3.126
221.165,-126.260,-1.042,0.000,-278.835,38.274,2.809
221.171,-126.260,-1.042,0.000,-273.782,39.753,2.385
221.176,-107.218,-1.341,0.000,-270.227,41.138,3.215
221.182,-107.218,-1.341,0.000,-266.155,41.501,4.277
221.188,-107.218,-1.341,0.000,-261.080,42.562,5.543
221.193,-107.218,-1.341,0.000,-256.139,44.816,7.436
221.199,-102.835,-2.247,0.000,-251.248,48.579,8.564
221.205,-101.762,-2.706,0.000,-246.481,52.313,8.313
221.210,-101.762,-2.706,0.000,-241.429,55.512,9.375
221.216,-101.762,-2.706,0.000,-235.461,60.031,10.362
221.222,-89.565,-6.445,0.000,-230.192,62.427,11.715
221.227,-89.565,-6.445,0.000,-225.427,66.059,12.892
221.233,-84.840,-6.796,0.000,-220.468,69.530,13.556
221.239,-84.840,-6.796,0.000,-215.484,72.091,15.752
221.245,-51.208,-13.777,0.000,-211.898,73.606,15.538
221.250,-51.208,-13.777,0.000,-206.451,74.674,15.112
221.256,-51.208,-13.777,0.000,-202.310,74.868,15.373
221.262,-51.208,-13.777,0.000,-198.198,74.674,14.884
221.267,-17.665,-24.586,0.000,-193.882,75.251,14.855
221.273,-17.665,-24.586,0.000,-189.890,74.354,15.390
221.279,-11.061,-39.441,0.000,-185.533,75.046,15.902
221.285,-4.597,-51.208,0.000,-179.646,73.850,17.193
221.290,-1.793,-59.080,0.000,-173.900,71.949,16.941
221.296,-1.793,-59.080,0.000,-168.714,69.282,15.197
221.301,-1.793,-59.080,0.000,-161.048,66.983,14.506
221.307,0.000,-95.508,0.000,-153.621,64.105,13.115
221.313,0.000,-103.917,0.000,-145.333,60.256,11.771
221.318,0.000,-103.917,0.000,-140.004,55.532,11.425
221.324,0.000,-103.917,0.000,-132.185,50.223,9.928
221.329,0.000,-103.917,0.000,-124.803,43.974,9.619
221.334,0.000,-103.917,0.000,-117.308,40.055,7.061
221.339,0.000,-111.748,0.000,-110.687,35.379,6.285
221.345,0.000,-111.748,0.000,-100.328,24.372,7.168
221.352,0.148,-111.748,0.000,-89.190,15.948,7.501
221.359,0.148,-111.748,0.000,-83.050,9.313,8.074
221.366,0.148,-111.748,0.000,-75.163,1.641,6.652
221.372,0.148,-111.748,0.000,-70.281,-5.008,5.228
221.378,4.597,-112.904,0.000,-65.167,-8.810,4.242
221.383,11.492,-111.748,0.000,-60.509,-11.504,2.380
221.389,11.492,-111.748,0.000,-59.095,-13.522,1.169
221.395,11.492,-111.748,0.000,-57.613,-16.308,0.216
221.400,34.188,-112.904,0.000,-57.433,-17.268,-0.365
221.406,56.356,-112.904,0.000,-54.987,-19.831,-1.435
221.412,56.356,-112.904,0.000,-52.121,-23.602,-2.667
221.417,56.356,-112.904,0.000,-48.902,-25.207,-4.167
221.423,135.393,-111.748,0.000,-43.934,-27.859,-4.373
221.429,155.233,-109.464,0.000,-40.108,-29.583,-5.815
221.434,155.233,-109.464,0.000,-37.066,-29.052,-8.288
221.440,164.414,-109.464,0.000,-32.021,-29.392,-7.802
221.446,198.178,-109.464,0.000,-27.777,-27.181,-9.786
221.452,198.178,-109.464,0.000,-23.336,-26.201,-11.190
221.457,198.178,-109.464,0.000,-16.764,-24.726,-12.029
221.463,198.178,-109.464,0.000,-7.658,-22.459,-11.593
221.469,198.178,-109.464,0.000,5.864,-21.670,-12.036
221.474,342.058,-110.602,0.000,18.619,-20.102,-13.163
221.480,342.058,-110.602,0.000,31.213,-19.149,-13.518
221.486,368.065,-110.602,0.000,44.777,-16.061,-13.835
221.492,368.065,-110.602,0.000,60.151,-14.802,-14.097
221.497,515.067,-110.602,0.000,77.417,-13.620,-13.905
221.503,515.067,-110.602,0.000,94.604,-14.390,-13.459
221.509,559.356,-110.602,0.000,113.069,-16.811,-12.556
221.515,559.356,-110.602,0.000,132.436,-19.600,-12.816
221.520,559.356,-110.602,0.000,153.505,-21.746,-13.998
221.526,559.356,-110.602,0.000,176.228,-25.404,-16.214
221.532,715.979,-109.464,0.000,200.346,-31.418,-18.277
221.537,715.979,-109.464,0.000,223.816,-35.393,-19.064
221.543,715.979,-109.464,0.000,249.246,-39.330,-18.891
221.549,817.807,-106.108,0.000,275.340,-41.299,-18.510
221.555,834.903,-106.108,0.000,303.228,-44.593,-18.517
221.560,864.037,-101.762,0.000,331.684,-48.061,-19.808
221.566,864.037,-101.762,0.000,360.500,-49.080,-21.899
221.572,864.037,-101.762,0.000,393.362,-53.789,-23.898
221.578,864.037,-101.762,0.000,424.127,-56.223,-24.512
221.583,789.944,-88.603,0.000,453.653,-56.966,-26.136
221.589,789.944,-88.603,0.000,484.972,-58.400,-25.611
221.595,789.944,-88.603,0.000,515.952,-62.357,-26.777
221.600,606.656,-58.389,0.000,545.293,-62.520,-29.206
221.606,551.084,-54.380,0.000,571.953,-62.295,-30.357
221.612,551.084,-54.380,0.000,593.347,-61.463,-29.721
221.618,551.084,-54.380,0.000,611.136,-60.129,-29.190
221.623,320.193,-43.641,0.000,625.509,-59.966,-27.806
221.629,256.709,-38.442,0.000,633.587,-58.314,-27.356
221.635,256.709,-38.442,0.000,634.096,-57.150,-26.381
221.641,256.709,-38.442,0.000,626.214,-53.823,-25.368
221.646,256.709,-38.442,0.000,613.091,-51.926,-21.434
221.652,116.430,-23.206,0.000,592.739,-47.998,-18.077
221.658,116.430,-23.206,0.000,565.672,-42.110,-15.744
221.664,116.430,-23.206,0.000,532.917,-38.644,-11.659
221.669,116.430,-23.206,0.000,496.789,-33.893,-6.905
221.675,39.441,-21.883,0.000,455.256,-27.430,-4.542
221.681,39.441,-21.883,0.000,410.687,-21.039,-1.038
221.686,39.441,-21.883,0.000,365.338,-15.350,3.022
221.692,20.614,-20.305,0.000,319.148,-9.463,5.916
221.698,20.614,-20.305,0.000,276.097,-3.977,9.832
221.703,20.614,-20.305,0.000,231.466,0.658,14.371
221.709,9.218,-20.305,0.000,189.529,6.103,18.011
221.715,4.760,-19.398,0.000,151.757,9.280,22.073
221.721,4.760,-19.398,0.000,118.707,12.047,24.834
221.726,4.760,-19.398,0.000,92.222,14.655,26.745
221.732,-0.446,-13.538,0.000,71.025,14.835,27.344
221.738,-1.492,-12.836,0.000,54.916,15.213,26.443
221.743,-1.492,-12.836,0.000,41.745,16.007,25.636
221.749,-5.589,-8.068,0.000,34.201,17.143,25.894
221.755,-7.698,-7.333,1.000,30.074,18.563,26.609
221.760,-7.698,-7.333,1.000,29.271,19.130,26.251
221.766,-7.698,-7.333,1.000,29.918,19.648,25.770
221.771,-7.698,-7.333,1.000,30.855,22.619,25.692
221.777,-13.302,-4.760,1.000,34.523,23.803,23.782
221.783,-13.302,-4.760,1.000,38.821,26.002,22.817
221.789,-13.302,-4.760,1.000,45.181,26.440,21.069
221.794,-13.302,-4.760,1.000,51.965,24.944,20.474
221.800,-13.302,-4.760,1.000,51.965,24.944,20.474
221.806,-13.302,-4.760,1.000,51.965,24.944,20.474
221.811,-13.302,-4.760,1.000,51.965,24.944,20.474
221.816,-13.302,-4.760,1.000,51.965,24.944,20.474
221.821,-13.302,-4.760,1.000,51.965,24.944,20.474
221.827,-13.302,-4.760,1.000,51.965,24.944,20.474
221.832,-13.302,-4.760,1.000,51.965,24.944,20.474
221.837,-13.302,-4.760,1.000,51.965,24.944,20.474
221.843,-13.302,-4.760,1.000,51.965,24.944,20.474
221.848,-13.302,-4.760,1.000,51.965,24.944,20.474
221.853,-13.302,-4.760,1.000,51.965,24.944,20.474
221.859,-13.302,-4.760,1.000,51.965,24.944,20.474
221.864,-13.302,-4.760,1.000,51.965,24.944,20.474
221.869,-13.302,-4.760,1.000,51.965,24.944,20.474
221.875,-13.302,-4.760,1.000,51.965,24.944,20.474
221.880,-13.302,-4.760,1.000,51.965,24.944,20.474
221.885,-13.302,-4.760,1.000,51.965,24.944,20.474
221.891,-13.302,-4.760,1.000,51.965,24.944,20.474
221.896,-13.302,-4.760,1.000,51.965,24.944,20.474
221.901,-13.302,-4.760,1.000,51.965,24.944,20.474
221.906,-13.302,-4.760,1.000,51.965,24.944,20.474
221.911,-13.302,-4.760,1.000,51.965,24.944,20.474
221.917,-13.302,-4.760,1.000,51.965,24.944,20.474
221.922,-13.302,-4.760,1.000,51.965,24.944,20.474
221.927,-13.302,-4.760,1.000,51.965,24.944,20.474
221.932,-13.302,-4.760,1.000,51.965,24.944,20.474
221.937,-13.302,-4.760,1.000,51.965,24.944,20.474
221.943,-13.302,-4.760,1.000,51.965,24.944,20.474
221.948,-13.302,-4.760,1.000,51.965,24.944,20.474
221.953,-13.302,-4.760,1.000,51.965,24.944,20.474
221.958,-13.302,-4.760,1.000,51.965,24.944,20.474
221.964,-13.302,-4.760,1.000,51.965,24.944,20.474
221.969,-13.302,-4.760,1.000,51.965,24.944,20.474
221.974,-13.302,-4.760,1.000,51.965,24.944,20.474
221.979,-13.302,-4.760,1.000,51.965,24.944,20.474
221.984,-13.302,-4.760,1.000,51.965,24.944,20.474
221.990,-13.302,-4.760,1.000,51.965,24.944,20.474
221.995,-13.302,-4.760,1.000,51.965,24.944,20.474
222.000,-13.302,-4.760,1.000,51.965,24.944,20.474
222.005,-13.302,-4.760,1.000,51.965,24.944,20.474
222.010,-13.302,-4.760,1.000,51.965,24.944,20.474
222.016,-13.302,-4.760,1.000,51.965,24.944,20.474
222.021,-13.302,-4.760,1.000,51.965,24.944,20.474
222.026,-13.302,-4.760,1.000,51.965,24.944,20.474
222.031,-13.302,-4.760,1.000,51.965,24.944,20.474
222.036,-13.302,-4.760,1.000,51.965,24.944,20.474
222.042,-13.302,-4.760,1.000,51.965,24.944,20.474
222.047,-13.302,-4.760,1.000,51.965,24.944,20.474
222.052,-13.302,-4.760,1.000,51.965,24.944,20.474
222.057,-13.302,-4.760,1.000,51.965,24.944,20.474
222.062,-13.302,-4.760,1.000,51.965,24.944,20.474
222.068,-13.302,-4.760,1.000,51.965,24.944,20.474
222.073,-13.302,-4.760,1.000,51.965,24.944,20.474
222.078,-13.302,-4.760,1.000,51.965,24.944,20.474
222.083,-13.302,-4.760,1.000,51.965,24.944,20.474
222.088,-13.302,-4.760,1.000,51.965,24.944,20.474
222.094,-13.302,-4.760,1.000,51.965,24.944,20.474
222.099,-13.302,-4.760,1.000,51.965,24.944,20.474
222.104,-13.302,-4.760,1.000,51.965,24.944,20.474
222.109,-13.302,-4.760,1.000,51.965,24.944,20.474
222.114,-13.302,-4.760,1.000,51.965,24.944,20.474
222.120,-13.302,-4.760,1.000,51.965,24.944,20.474
222.125,-13.302,-4.760,1.000,51.965,24.944,20.474
222.130,-13.302,-4.760,1.000,51.965,24.944,20.474
222.135,-13.302,-4.760,1.000,51.965,24.944,20.474
222.141,-13.302,-4.760,1.000,51.965,24.944,20.474
222.146,-13.302,-4.760,1.000,51.965,24.944,20.474
222.151,-13.302,-4.760,1.000,51.965,24.944,20.474
222.156,-13.302,-4.760,1.000,51.965,24.944,20.474
222.161,-13.302,-4.760,1.000,51.965,24.944,20.474
222.167,-13.302,-4.760,1.000,51.965,24.944,20.474
222.172,-13.302,-4.760,1.000,51.965,24.944,20.474
222.177,-13.302,-4.760,1.000,51.965,24.944,20.474
222.182,-13.302,-4.760,1.000,51.965,24.944,20.474
222.187,-13.302,-4.760,1.000,51.965,24.944,20.474
222.193,-13.302,-4.760,1.000,51.965,24.944,20.474
222.198,-13.302,-4.760,1.000,51.965,24.944,20.474
222.203,-13.302,-4.760,1.000,51.965,24.944,20.474
222.208,-13.302,-4.760,1.000,51.965,24.944,20.474
222.213,-13.302,-4.760,1.000,51.965,24.944,20.474
222.218,-13.302,-4.760,1.000,51.965,24.944,20.474
222.223,-13.302,-4.760,1.000,51.965,24.944,20.474
222.229,-13.302,-4.760,1.000,51.965,24.944,20.474
222.234,-13.302,-4.760,1.000,51.965,24.944,20.474
222.239,-13.302,-4.760,1.000,51.965,24.944,20.474
222.244,-13.302,-4.760,1.000,51.965,24.944,20.474
222.249,-13.302,-4.760,1.000,51.965,24.944,20.474
222.255,-13.302,-4.760,1.000,51.965,24.944,20.474
222.260,-13.302,-4.760,1.000,51.965,24.944,20.474
222.265,-13.302,-4.760,1.000,51.965,24.944,20.474
222.270,-13.302,-4.760,1.000,51.965,24.944,20.474
222.275,-13.302,-4.760,1.000,51.965,24.944,20.474
222.280,-13.302,-4.760,1.000,51.965,24.944,20.474
222.285,-13.302,-4.760,1.000,51.965,24.944,20.474
222.290,-13.302,-4.760,1.000,51.965,24.944,20.474
222.296,-13.302,-4.760,1.000,51.965,24.944,20.474
222.301,-13.302,-4.760,1.000,51.965,24.944,20.474
222.306,0.000,-0.297,2.000,2.389,1.152,-1.184
222.312,0.000,-0.297,2.000,1.938,1.046,-1.220
222.318,0.000,-0.297,2.000,1.764,-0.206,-1.074
222.325,0.000,-0.297,2.000,0.455,0.481,-2.409
222.331,0.000,-0.297,2.000,0.287,-0.140,-2.307
222.337,0.000,-0.297,2.000,0.548,-0.553,-3.139
222.343,0.000,-0.297,2.000,0.442,-0.324,-2.637
222.349,0.000,-0.297,2.000,-0.759,-0.393,-2.768
222.355,0.000,-0.297,2.000,-0.930,-0.537,-2.955
222.362,0.000,-0.297,2.000,-1.063,-0.270,-3.238
222.368,0.000,-0.297,2.000,-0.740,-0.028,-2.352
222.374,0.000,-0.297,2.000,0.673,0.240,-1.739
222.380,0.000,-0.297,2.000,0.568,0.641,-1.032
222.387,0.000,-0.446,2.000,-0.094,1.280,-1.334
222.393,0.000,-0.446,2.000,0.235,1.279,-0.859
222.400,0.000,-0.446,2.000,-0.025,0.918,-1.175
222.406,0.000,-0.446,2.000,0.215,1.220,-0.335
222.413,0.000,-0.446,2.000,0.175,1.110,-0.257
222.419,0.000,-0.446,2.000,0.132,0.851,-0.225
222.425,0.000,-0.446,2.000,-0.279,0.371,0.595
222.432,0.000,-0.446,2.000,0.095,-0.329,1.226
222.438,0.000,-0.446,2.000,0.525,-0.350,0.357
222.445,0.000,-0.446,2.000,0.988,0.063,0.578
222.451,0.000,-0.446,2.000,0.379,0.473,0.903
222.458,0.000,-0.446,2.000,-0.000,0.820,-0.847
222.464,0.000,-0.595,2.000,-0.125,0.447,-1.847
222.470,0.000,-0.595,2.000,0.085,-0.122,0.165
222.477,0.000,-0.595,2.000,1.288,-1.055,-0.873
222.483,0.000,-0.595,2.000,0.838,0.010,-3.791
222.489,0.000,-0.595,2.000,0.922,0.270,0.523
222.495,0.000,-0.595,2.000,2.306,-0.158,-0.576
222.501,0.000,-0.595,2.000,-0.181,0.344,-4.004
222.507,0.000,-0.595,2.000,-0.018,0.525,0.313
222.514,0.000,-0.595,2.000,-0.431,0.280,-0.787
222.520,0.000,-0.595,2.000,-0.307,-0.946,-0.953
222.526,0.000,-0.595,2.000,0.522,-0.372,0.355
222.532,0.000,-0.595,2.000,0.236,-0.363,-0.407
222.539,0.000,-0.446,2.000,1.668,-0.667,0.577
222.545,0.000,-0.446,2.000,1.627,-0.648,2.097
222.551,0.000,-0.446,2.000,0.358,-0.350,0.300
222.558,0.000,-0.446,2.000,0.232,-0.913,1.181
222.564,0.000,-0.446,2.000,1.325,-2.172,1.990
222.571,0.000,-0.446,2.000,0.622,-0.786,0.055
222.577,0.000,-0.446,2.000,0.354,0.250,1.248
222.584,0.000,-0.446,2.000,-0.440,-0.502,2.042
222.590,0.000,-0.446,2.000,-0.118,0.051,0.445
222.597,0.000,-0.446,2.000,-0.881,0.814,1.178
222.603,0.000,-0.446,2.000,-1.303,1.973,0.624
222.610,0.000,-0.446,2.000,-1.228,0.554,-0.112
222.616,0.000,-0.446,2.000,-2.340,0.310,-0.428
222.623,0.000,-0.297,2.000,-3.041,-0.513,-0.445
222.629,0.000,-0.446,2.000,-1.526,-1.241,1.679
222.635,0.000,-0.446,2.000,-1.093,-1.492,2.122
222.642,0.000,-0.446,2.000,-0.356,-0.988,1.396
222.648,0.000,-0.297,2.000,0.054,-1.797,1.795
222.654,0.000,-0.297,2.000,-0.081,-1.669,1.810
222.661,0.000,-0.297,2.000,0.401,-2.490,1.821
222.667,0.000,-0.297,2.000,0.045,0.116,1.179
222.673,0.000,-0.297,2.000,-0.699,0.182,1.230
222.679,0.000,-0.297,2.000,-0.894,0.167,0.687
222.686,0.000,-0.446,2.000,-0.764,0.150,-0.140
222.692,0.000,-0.446,2.000,-0.306,0.363,-0.062
222.699,0.000,-0.446,2.000,-0.325,0.856,0.414
222.705,0.000,-0.446,2.000,-0.300,0.683,0.365
222.711,0.000,-0.595,2.000,-0.911,-0.172,-0.880
222.718,0.000,-0.595,2.000,-0.646,0.021,-1.025
222.724,0.000,-0.744,2.000,-0.990,-0.146,-0.659
222.730,0.000,-0.893,2.000,-1.209,-0.326,-0.078
222.737,0.000,-0.893,2.000,-2.044,-0.408,-0.306
222.744,0.000,-0.893,2.000,-2.157,-2.288,-0.616
222.750,0.000,-1.944,2.000,-3.540,-2.898,0.840
222.757,0.000,-1.944,2.000,-4.117,-2.460,1.440
222.764,0.000,-1.944,2.000,-4.283,-0.597,1.570
222.770,0.000,-1.944,2.000,-4.056,-0.068,0.406
222.777,0.000,-1.944,2.000,-4.225,0.669,0.965
222.784,0.000,-7.153,2.000,-3.280,0.989,1.054
222.791,0.000,-7.153,2.000,-1.088,0.322,2.601
222.797,0.000,-7.153,2.000,-0.055,-0.266,2.734
222.804,0.000,-7.153,2.000,-0.192,-1.762,4.067
222.809,0.000,-10.223,2.000,0.680,-2.553,3.936
222.814,0.000,-10.223,2.000,-0.669,-1.729,2.110
222.821,0.000,-10.223,2.000,-1.145,-2.640,2.262
222.828,0.000,-12.836,2.000,0.565,-4.510,3.783
222.834,0.000,-13.068,2.000,-0.931,-3.261,3.680
222.841,0.000,-13.777,2.000,-3.748,-1.118,3.358
222.846,0.000,-14.756,2.000,-1.041,-4.074,3.759
222.853,0.000,-15.261,2.000,-6.369,-1.117,5.121
222.860,0.000,-15.261,2.000,-3.510,-3.344,6.368
222.866,0.000,-15.261,2.000,-7.317,1.925,7.570
222.872,0.000,-16.839,2.000,-7.012,1.931,8.892
222.877,0.000,-18.808,2.000,-7.495,-0.236,10.578
222.883,0.000,-18.808,2.000,-9.333,2.028,13.070
222.890,0.000,-18.808,2.000,-11.380,4.132,14.020
222.897,0.000,-23.206,2.000,-10.006,5.635,13.617
222.902,0.000,-28.693,2.000,-8.147,5.860,14.377
222.907,0.000,-40.977,2.000,-9.572,8.589,17.427
222.912,0.000,-40.977,2.000,-9.872,12.179,18.772
222.918,0.000,-42.560,2.000,-8.630,10.444,19.601
222.925,0.000,-42.560,2.000,-8.753,13.490,20.217
222.930,0.000,-42.560,2.000,-10.477,15.675,18.976
222.935,0.000,-42.560,2.000,-9.573,16.368,20.221
222.940,0.000,-44.744,2.000,-11.626,17.466,21.388
222.945,0.000,-44.744,2.000,-11.923,15.120,18.848
222.950,0.000,-44.744,2.000,-14.241,13.285,17.829
222.955,0.000,-44.744,2.000,-14.137,13.407,17.148
222.960,0.000,-44.744,2.000,-16.649,12.026,17.064
222.965,0.000,-44.744,2.000,-16.253,11.561,15.042
222.970,0.000,-44.744,2.000,-15.512,7.984,14.447
222.977,0.000,-44.744,2.000,-15.438,7.525,16.380
222.982,0.000,-44.744,2.000,-15.871,6.894,13.502
222.987,0.000,-57.705,2.000,-15.846,5.094,12.858
222.992,0.000,-60.480,2.000,-15.227,6.416,13.732
222.999,0.000,-77.694,2.000,-15.858,8.893,15.575
223.004,0.000,-77.694,2.000,-16.701,11.339,14.240
223.011,0.000,-77.694,2.000,-17.224,12.203,14.931
223.018,0.000,-111.748,2.000,-18.260,14.395,16.233
223.023,0.000,-126.260,2.000,-19.500,17.781,15.047
223.029,0.000,-153.744,2.000,-21.152,17.244,15.688
223.034,0.000,-153.744,2.000,-23.730,21.055,15.304
223.039,0.000,-156.734,2.000,-23.247,20.335,15.316
223.045,0.000,-156.734,2.000,-23.020,19.683,15.366
223.051,0.000,-156.734,2.000,-24.261,16.693,14.912
223.056,0.000,-156.734,2.000,-24.126,14.583,14.262
223.061,0.000,-167.568,2.000,-24.765,12.648,13.852
223.068,0.000,-167.568,2.000,-28.957,8.731,14.054
223.075,0.000,-167.568,2.000,-30.638,0.419,14.158
223.080,0.000,-165.985,2.000,-34.010,-3.137,12.503
223.085,0.000,-165.985,2.000,-35.176,-5.246,11.033
223.090,0.000,-165.985,2.000,-35.719,-10.196,10.681
223.096,0.000,-165.985,2.000,-38.875,-17.941,11.058
223.102,0.000,-165.985,2.000,-38.267,-24.679,10.201
223.107,0.000,-165.985,2.000,-39.328,-29.635,9.871
223.113,0.000,-165.985,2.000,-39.415,-37.344,9.728
223.118,0.000,-165.985,2.000,-41.283,-41.842,10.546
223.123,0.000,-165.985,2.000,-42.883,-46.662,10.276
223.130,0.000,-165.985,2.000,-42.945,-55.175,9.450
223.137,0.000,-165.985,2.000,-41.852,-59.068,9.203
223.144,0.000,-165.985,2.000,-40.052,-63.040,8.270
223.150,0.000,-165.985,2.000,-39.468,-67.291,7.681
223.157,0.000,-165.985,2.000,-38.367,-72.641,7.782
223.162,0.000,-169.163,2.000,-35.249,-74.317,7.253
223.167,0.000,-169.163,2.000,-35.384,-76.504,8.296
223.172,0.000,-169.163,2.000,-32.859,-77.962,6.377
223.177,0.000,-169.163,2.000,-28.628,-81.535,3.861
223.184,0.000,-164.414,2.000,-27.855,-83.807,3.058
223.191,0.000,-164.414,2.000,-27.240,-83.944,1.997
223.196,0.000,-164.414,2.000,-25.993,-86.083,1.938
223.201,0.000,-164.414,2.000,-24.687,-86.915,1.078
223.207,0.000,-159.771,2.000,-23.479,-89.628,2.166
223.212,0.000,-159.771,2.000,-23.158,-90.145,3.406
223.218,0.000,-159.771,2.000,-22.293,-94.301,2.406
223.223,0.000,-159.771,2.000,-21.051,-94.263,0.949
223.229,0.000,-147.899,2.000,-20.920,-93.644,-0.182
223.236,0.000,-147.899,2.000,-19.638,-96.382,0.353
223.241,0.000,-140.843,2.000,-20.296,-97.519,0.780
223.246,0.000,-124.996,2.000,-19.429,-100.071,1.787
223.251,0.000,-124.996,2.000,-19.946,-99.163,3.073
223.256,0.000,-124.996,2.000,-20.758,-97.902,3.089
223.261,0.000,-124.996,2.000,-19.474,-97.600,3.777
223.266,0.000,-124.996,2.000,-19.248,-96.762,4.541
223.271,0.000,-124.996,2.000,-20.399,-94.736,4.254
223.276,0.000,-94.496,2.000,-20.521,-94.611,4.520
223.281,0.000,-94.496,2.000,-21.204,-93.345,3.338
223.286,0.000,-88.603,2.000,-21.818,-91.077,2.617
223.293,0.000,-88.603,2.000,-23.956,-85.372,2.059
223.298,0.000,-88.603,2.000,-25.485,-81.988,3.123
223.305,0.000,-56.356,2.000,-28.833,-77.346,3.739
223.310,0.000,-53.734,2.000,-31.459,-75.019,3.246
223.315,0.000,-49.981,2.000,-32.995,-68.371,1.609
223.322,0.000,-48.185,2.000,-32.835,-63.273,0.774
223.327,0.000,-48.185,2.000,-34.272,-60.150,0.257
223.332,0.000,-48.185,2.000,-36.442,-56.019,1.133
223.337,0.000,-45.304,2.000,-37.108,-50.040,-0.001
223.344,0.000,-45.304,2.000,-36.605,-42.238,-2.529
223.349,0.000,-44.744,2.000,-35.505,-36.451,-4.016
223.354,0.000,-44.744,2.000,-34.528,-31.678,-3.817
223.360,0.000,-42.560,2.000,-31.989,-24.603,-3.480
223.367,0.000,-42.560,2.000,-27.612,-20.636,-4.867
223.372,0.000,-42.560,2.000,-23.913,-18.534,-4.134
223.379,0.000,-31.560,2.000,-18.678,-14.623,-5.629
223.384,0.000,-23.546,2.000,-14.701,-12.523,-6.419
223.389,0.000,-23.546,2.000,-11.204,-9.587,-7.062
223.394,0.148,-23.206,2.000,-9.239,-7.103,-6.747
223.401,0.148,-23.206,2.000,-4.175,-5.893,-7.193
223.407,0.148,-16.569,2.000,0.000,-4.501,-8.014
223.414,0.148,-15.007,2.000,0.817,-1.316,-8.838
223.421,0.148,-15.007,2.000,4.211,-1.416,-8.774
223.428,0.148,-10.430,2.000,6.453,0.533,-9.758
223.434,0.148,-10.430,2.000,8.740,2.262,-11.232
223.441,0.148,-10.430,2.000,10.240,1.920,-10.887
223.448,0.148,-6.445,2.000,12.485,1.712,-10.412
223.453,0.148,-2.552,2.000,12.335,0.162,-11.710
223.460,0.148,-2.552,2.000,14.442,2.404,-12.287
223.466,0.148,-2.552,2.000,15.482,4.871,-9.136
223.471,0.148,-2.552,2.000,17.901,6.372,-8.339
223.476,0.148,-0.893,2.000,17.984,10.556,-8.550
223.483,0.148,-0.893,2.000,17.097,13.317,-7.774
223.489,0.148,-0.893,2.000,13.781,15.711,-5.680
223.495,0.446,-0.297,2.000,11.453,16.050,-3.337
223.500,0.446,-0.297,2.000,7.422,16.394,-2.291
223.505,0.446,-0.297,2.000,4.408,18.891,-2.830
223.510,0.446,-0.297,2.000,0.385,21.529,-3.336
223.516,7.698,-0.148,2.000,-1.903,24.697,-2.294
223.522,7.698,-0.148,2.000,-6.131,27.568,-0.986
223.529,7.698,-0.148,2.000,-7.022,28.795,-0.592
223.535,7.698,-0.148,2.000,-8.083,27.480,-1.114
223.541,7.698,-0.148,2.000,-8.083,27.480,-1.114
223.546,7.698,-0.148,2.000,-8.083,27.480,-1.114
223.551,7.698,-0.148,2.000,-8.083,27.480,-1.114
223.557,7.698,-0.148,2.000,-8.083,27.480,-1.114
223.562,7.698,-0.148,2.000,-8.083,27.480,-1.114
223.567,7.698,-0.148,2.000,-8.083,27.480,-1.114
223.572,7.698,-0.148,2.000,-8.083,27.480,-1.114
223.577,7.698,-0.148,2.000,-8.083,27.480,-1.114
223.583,7.698,-0.148,2.000,-8.083,27.480,-1.114
223.588,7.698,-0.148,2.000,-8.083,27.480,-1.114
223.593,7.698,-0.148,2.000,-8.083,27.480,-1.114
223.598,7.698,-0.148,2.000,-8.083,27.480,-1.114
223.603,7.698,-0.148,2.000,-8.083,27.480,-1.114
223.608,7.698,-0.148,2.000,-8.083,27.480,-1.114
223.614,7.698,-0.148,2.000,-8.083,27.480,-1.114
223.619,7.698,-0.148,2.000,-8.083,27.480,-1.114
223.624,7.698,-0.148,2.000,-8.083,27.480,-1.114
223.629,7.698,-0.148,2.000,-8.083,27.480,-1.114
223.634,7.698,-0.148,2.000,-8.083,27.480,-1.114
223.639,7.698,-0.148,2.000,-8.083,27.480,-1.114
223.644,7.698,-0.148,2.000,-8.083,27.480,-1.114
223.650,7.698,-0.148,2.000,-8.083,27.480,-1.114
223.655,7.698,-0.148,2.000,-8.083,27.480,-1.114
223.660,7.698,-0.148,2.000,-8.083,27.480,-1.114
223.665,7.698,-0.148,2.000,-8.083,27.480,-1.114
223.670,7.698,-0.148,2.000,-8.083,27.480,-1.114
223.675,7.698,-0.148,2.000,-8.083,27.480,-1.114
223.681,7.698,-0.148,2.000,-8.083,27.480,-1.114
223.686,7.698,-0.148,2.000,-8.083,27.480,-1.114
223.691,7.698,-0.148,2.000,-8.083,27.480,-1.114
223.697,7.698,-0.148,2.000,-8.083,27.480,-1.114
223.702,7.698,-0.148,2.000,-8.083,27.480,-1.114
223.707,7.698,-0.148,2.000,-8.083,27.480,-1.114
223.712,7.698,-0.148,2.000,-8.083,27.480,-1.114
223.717,7.698,-0.148,2.000,-8.083,27.480,-1.114
223.723,7.698,-0.148,2.000,-8.083,27.480,-1.114
223.728,7.698,-0.148,2.000,-8.083,27.480,-1.114
223.733,7.698,-0.148,2.000,-8.083,27.480,-1.114
223.738,7.698,-0.148,2.000,-8.083,27.480,-1.114
223.743,7.698,-0.148,2.000,-8.083,27.480,-1.114
223.749,7.698,-0.148,2.000,-8.083,27.480,-1.114
223.754,7.698,-0.148,2.000,-8.083,27.480,-1.114
223.759,7.698,-0.148,2.000,-8.083,27.480,-1.114
223.764,7.698,-0.148,2.000,-8.083,27.480,-1.114
223.769,7.698,-0.148,2.000,-8.083,27.480,-1.114
223.774,7.698,-0.148,2.000,-8.083,27.480,-1.114
223.780,7.698,-0.148,2.000,-8.083,27.480,-1.114
223.785,7.698,-0.148,2.000,-8.083,27.480,-1.114
223.790,7.698,-0.148,2.000,-8.083,27.480,-1.114
223.795,7.698,-0.148,2.000,-8.083,27.480,-1.114
223.800,7.698,-0.148,2.000,-8.083,27.480,-1.114
223.806,7.698,-0.148,2.000,-8.083,27.480,-1.114
223.811,7.698,-0.148,2.000,-8.083,27.480,-1.114
223.816,7.698,-0.148,2.000,-8.083,27.480,-1.114
223.821,7.698,-0.148,2.000,-8.083,27.480,-1.114
223.826,7.698,-0.148,2.000,-8.083,27.480,-1.114
223.831,7.698,-0.148,2.000,-8.083,27.480,-1.114
223.836,7.698,-0.148,2.000,-8.083,27.480,-1.114
223.841,7.698,-0.148,2.000,-8.083,27.480,-1.114
223.846,7.698,-0.148,2.000,-8.083,27.480,-1.114
223.852,7.698,-0.148,2.000,-8.083,27.480,-1.114
223.857,7.698,-0.148,2.000,-8.083,27.480,-1.114
223.862,7.698,-0.148,2.000,-8.083,27.480,-1.114
223.867,7.698,-0.148,2.000,-8.083,27.480,-1.114
223.872,7.698,-0.148,2.000,-8.083,27.480,-1.114
223.877,7.698,-0.148,2.000,-8.083,27.480,-1.114
223.882,7.698,-0.148,2.000,-8.083,27.480,-1.114
223.887,7.698,-0.148,2.000,-8.083,27.480,-1.114
223.892,7.698,-0.148,2.000,-8.083,27.480,-1.114
223.897,7.698,-0.148,2.000,-8.083,27.480,-1.114
223.902,7.698,-0.148,2.000,-8.083,27.480,-1.114
223.907,7.698,-0.148,2.000,-8.083,27.480,-1.114
223.912,7.698,-0.148,2.000,-8.083,27.480,-1.114
223.917,7.698,-0.148,2.000,-8.083,27.480,-1.114
223.922,7.698,-0.148,2.000,-8.083,27.480,-1.114
223.927,7.698,-0.148,2.000,-8.083,27.480,-1.114
223.932,7.698,-0.148,2.000,-8.083,27.480,-1.114
223.938,7.698,-0.148,2.000,-8.083,27.480,-1.114
223.943,7.698,-0.148,2.000,-8.083,27.480,-1.114
223.948,7.698,-0.148,2.000,-8.083,27.480,-1.114
223.953,7.698,-0.148,2.000,-8.083,27.480,-1.114
223.958,7.698,-0.148,2.000,-8.083,27.480,-1.114
223.963,7.698,-0.148,2.000,-8.083,27.480,-1.114
223.968,7.698,-0.148,2.000,-8.083,27.480,-1.114
223.973,7.698,-0.148,2.000,-8.083,27.480,-1.114
223.978,7.698,-0.148,2.000,-8.083,27.480,-1.114
223.983,7.698,-0.148,2.000,-8.083,27.480,-1.114
223.988,7.698,-0.148,2.000,-8.083,27.480,-1.114
223.993,7.698,-0.148,2.000,-8.083,27.480,-1.114
223.998,7.698,-0.148,2.000,-8.083,27.480,-1.114
224.003,7.698,-0.148,2.000,-8.083,27.480,-1.114
224.008,7.698,-0.148,2.000,-8.083,27.480,-1.114
224.013,7.698,-0.148,2.000,-8.083,27.480,-1.114
224.018,7.698,-0.148,2.000,-8.083,27.480,-1.114
224.023,7.698,-0.148,2.000,-8.083,27.480,-1.114
224.028,7.698,-0.148,2.000,-8.083,27.480,-1.114
224.033,7.698,-0.148,2.000,-8.083,27.480,-1.114
224.039,7.698,-0.148,2.000,-8.083,27.480,-1.114
224.044,7.698,-0.148,2.000,-8.083,27.480,-1.114
224.049,7.698,-0.148,2.000,-8.083,27.480,-1.114
224.054,7.698,-0.148,2.000,-8.083,27.480,-1.114
224.059,7.698,-0.148,2.000,-8.083,27.480,-1.114
224.064,7.698,-0.148,2.000,-8.083,27.480,-1.114
224.069,7.698,-0.148,2.000,-8.083,27.480,-1.114
224.074,7.698,-0.148,2.000,-8.083,27.480,-1.114
224.079,7.698,-0.148,2.000,-8.083,27.480,-1.114
224.084,7.698,-0.148,2.000,-8.083,27.480,-1.114
224.089,7.698,-0.148,2.000,-8.083,27.480,-1.114
224.094,7.698,-0.148,2.000,-8.083,27.480,-1.114
224.099,7.698,-0.148,2.000,-8.083,27.480,-1.114
224.104,7.698,-0.148,2.000,-8.083,27.480,-1.114
224.109,7.698,-0.148,2.000,-8.083,27.480,-1.114
224.114,7.698,-0.148,2.000,-8.083,27.480,-1.114
224.119,7.698,-0.148,2.000,-8.083,27.480,-1.114
224.124,7.698,-0.148,2.000,-8.083,27.480,-1.114
224.129,7.698,-0.148,2.000,-8.083,27.480,-1.114
224.135,7.698,-0.148,2.000,-8.083,27.480,-1.114
224.140,7.698,-0.148,2.000,-8.083,27.480,-1.114
224.145,7.698,-0.148,2.000,-8.083,27.480,-1.114
224.150,7.698,-0.148,2.000,-8.083,27.480,-1.114
224.155,7.698,-0.148,2.000,-8.083,27.480,-1.114
224.160,7.698,-0.148,2.000,-8.083,27.480,-1.114
224.165,7.698,-0.148,2.000,-8.083,27.480,-1.114
224.170,7.698,-0.148,2.000,-8.083,27.480,-1.114
224.175,7.698,-0.148,2.000,-8.083,27.480,-1.114
224.180,7.698,-0.148,2.000,-8.083,27.480,-1.114
224.185,7.698,-0.148,2.000,-8.083,27.480,-1.114
224.190,7.698,-0.148,2.000,-8.083,27.480,-1.114
224.195,7.698,-0.148,2.000,-8.083,27.480,-1.114
224.200,7.698,-0.148,2.000,-8.083,27.480,-1.114
224.205,7.698,-0.148,2.000,-8.083,27.480,-1.114
224.210,7.698,-0.148,2.000,-8.083,27.480,-1.114
224.215,7.698,-0.148,2.000,-8.083,27.480,-1.114
224.220,7.698,-0.148,2.000,-8.083,27.480,-1.114
224.225,7.698,-0.148,2.000,-8.083,27.480,-1.114
224.231,7.698,-0.148,2.000,-8.083,27.480,-1.114
224.236,7.698,-0.148,2.000,-8.083,27.480,-1.114
224.241,7.698,-0.148,2.000,-8.083,27.480,-1.114
224.246,7.698,-0.148,2.000,-8.083,27.480,-1.114
224.251,7.698,-0.148,2.000,-8.083,27.480,-1.114
224.256,7.698,-0.148,2.000,-8.083,27.480,-1.114
224.261,7.698,-0.148,2.000,-8.083,27.480,-1.114
224.266,7.698,-0.148,2.000,-8.083,27.480,-1.114
224.271,7.698,-0.148,2.000,-8.083,27.480,-1.114
224.276,7.698,-0.148,2.000,-8.083,27.480,-1.114
224.281,7.698,-0.148,2.000,-8.083,27.480,-1.114
224.286,7.698,-0.148,2.000,-8.083,27.480,-1.114
224.291,7.698,-0.148,2.000,-8.083,27.480,-1.114
224.296,7.698,-0.148,2.000,-8.083,27.480,-1.114
224.301,7.698,-0.148,2.000,-8.083,27.480,-1.114
224.306,7.698,-0.148,2.000,-8.083,27.480,-1.114
224.311,7.698,-0.148,2.000,-8.083,27.480,-1.114
224.316,7.698,-0.148,2.000,-8.083,27.480,-1.114
224.321,7.698,-0.148,2.000,-8.083,27.480,-1.114
224.326,7.698,-0.148,2.000,-8.083,27.480,-1.114
224.332,7.698,-0.148,2.000,-8.083,27.480,-1.114
224.337,7.698,-0.148,2.000,-8.083,27.480,-1.114
224.342,7.698,-0.148,2.000,-8.083,27.480,-1.114
224.347,7.698,-0.148,2.000,-8.083,27.480,-1.114
224.352,7.698,-0.148,2.000,-8.083,27.480,-1.114
224.357,7.698,-0.148,2.000,-8.083,27.480,-1.114
224.362,7.698,-0.148,2.000,-8.083,27.480,-1.114
224.367,7.698,-0.148,2.000,-8.083,27.480,-1.114
224.372,7.698,-0.148,2.000,-8.083,27.480,-1.114
224.377,7.698,-0.148,2.000,-8.083,27.480,-1.114
224.382,7.698,-0.148,2.000,-8.083,27.480,-1.114
224.387,7.