R
Px,Ix,Dx,Py,Iy,Dy,Pz,Iz,FFrx,FFry,FFdrx,FFdry,satI,satPID,DTermC,GparamC,AparamC,KFQAng,KFQbias,KFRmeas,CPx,CIx,CPy,CIy,CsatI,CsatPID,CFFdrx,CFFdry,CFalpha,FFDTermC,IRelaxR,IRelaxE,DmaxR,DmaxE,DMx,DMy
300,0,1900,300,0,2100,500,150,0,0,0,0,7,75,10,10.0,64.0,0.000100,0.003000,50,30,0,30,0,75,300,0,0,0.995,10.000,300,100,300,100,1900,2100
sysTime,PIDRefX,PIDRefY,PIDRefZ,PIDSensX,PIDSensY,PIDSensZ
143.086,1.341,-3.014,0.000,18.966,27.494,-3.450
143.091,1.341,-3.014,0.000,18.966,27.494,-3.450
143.096,1.341,-3.014,0.000,18.966,27.494,-3.450
143.102,1.341,-3.014,0.000,18.966,27.494,-3.450
143.107,1.341,-3.014,0.000,18.966,27.494,-3.450
143.112,1.341,-3.014,0.000,18.966,27.494,-3.450
143.117,1.341,-3.014,0.000,18.966,27.494,-3.450
143.122,1.341,-3.014,0.000,18.966,27.494,-3.450
143.127,1.341,-3.014,0.000,18.966,27.494,-3.450
143.132,1.341,-3.014,0.000,18.966,27.494,-3.450
143.137,1.341,-3.014,0.000,18.966,27.494,-3.450
143.143,1.341,-3.014,0.000,18.966,27.494,-3.450
143.148,1.341,-3.014,0.000,18.966,27.494,-3.450
143.153,1.341,-3.014,0.000,18.966,27.494,-3.450
143.158,1.341,-3.014,0.000,18.966,27.494,-3.450
143.163,1.341,-3.014,0.000,18.966,27.494,-3.450
143.168,1.341,-3.014,0.000,18.966,27.494,-3.450
143.173,1.341,-3.014,0.000,18.966,27.494,-3.450
143.178,1.341,-3.014,0.000,18.966,27.494,-3.450
143.183,1.341,-3.014,0.000,18.966,27.494,-3.450
143.189,1.341,-3.014,0.000,18.966,27.494,-3.450
143.194,1.341,-3.014,0.000,18.966,27.494,-3.450
143.199,1.341,-3.014,0.000,18.966,27.494,-3.450
143.204,1.341,-3.014,0.000,18.966,27.494,-3.450
143.209,1.341,-3.014,0.000,18.966,27.494,-3.450
143.214,1.341,-3.014,0.000,18.966,27.494,-3.450
143.219,1.341,-3.014,0.000,18.966,27.494,-3.450
143.224,1.341,-3.014,0.000,18.966,27.494,-3.450
143.230,1.341,-3.014,0.000,18.966,27.494,-3.450
143.235,1.341,-3.014,0.000,18.966,27.494,-3.450
143.240,1.341,-3.014,0.000,18.966,27.494,-3.450
143.245,1.341,-3.014,0.000,18.966,27.494,-3.450
143.250,1.341,-3.014,0.000,18.966,27.494,-3.450
143.255,1.341,-3.014,0.000,18.966,27.494,-3.450
143.260,1.341,-3.014,0.000,18.966,27.494,-3.450
143.265,1.341,-3.014,0.000,18.966,27.494,-3.450
143.270,1.341,-3.014,0.000,18.966,27.494,-3.450
143.276,1.341,-3.014,0.000,18.966,27.494,-3.450
143.281,1.341,-3.014,0.000,18.966,27.494,-3.450
143.286,1.341,-3.014,0.000,18.966,27.494,-3.450
143.291,1.341,-3.014,0.000,18.966,27.494,-3.450
143.296,1.341,-3.014,0.000,18.966,27.494,-3.450
143.301,1.341,-3.014,0.000,18.966,27.494,-3.450
143.306,1.341,-3.014,0.000,18.966,27.494,-3.450
143.311,1.341,-3.014,0.000,18.966,27.494,-3.450
143.316,1.341,-3.014,0.000,18.966,27.494,-3.450
143.322,1.341,-3.014,0.000,18.966,27.494,-3.450
143.327,1.341,-3.014,0.000,18.966,27.494,-3.450
143.332,1.341,-3.014,0.000,18.966,27.494,-3.450
143.337,1.341,-3.014,0.000,18.966,27.494,-3.450
143.342,1.341,-3.014,0.000,18.966,27.494,-3.450
143.347,1.341,-3.014,0.000,18.966,27.494,-3.450
143.352,1.341,-3.014,0.000,18.966,27.494,-3.450
143.357,1.341,-3.014,0.000,18.966,27.494,-3.450
143.362,1.341,-3.014,0.000,18.966,27.494,-3.450
143.367,1.341,-3.014,0.000,18.966,27.494,-3.450
143.373,1.341,-3.014,0.000,18.966,27.494,-3.450
143.378,1.341,-3.014,0.000,18.966,27.494,-3.450
143.383,1.341,-3.014,0.000,18.966,27.494,-3.450
143.388,1.341,-3.014,0.000,18.966,27.494,-3.450
143.393,1.341,-3.014,0.000,18.966,27.494,-3.450
143.398,1.341,-3.014,0.000,18.966,27.494,-3.450
143.403,1.341,-3.014,0.000,18.966,27.494,-3.450
143.408,1.341,-3.014,0.000,18.966,27.494,-3.450
143.413,1.341,-3.014,0.000,18.966,27.494,-3.450
143.419,1.341,-3.014,0.000,18.966,27.494,-3.450
143.424,1.341,-3.014,0.000,18.966,27.494,-3.450
143.429,1.341,-3.014,0.000,18.966,27.494,-3.450
143.434,1.341,-3.014,0.000,18.966,27.494,-3.450
143.439,1.341,-3.014,0.000,18.966,27.494,-3.450
143.444,1.341,-3.014,0.000,18.966,27.494,-3.450
143.449,1.341,-3.014,0.000,18.966,27.494,-3.450
143.454,1.341,-3.014,0.000,18.966,27.494,-3.450
143.460,1.341,-3.014,0.000,18.966,27.494,-3.450
143.465,1.341,-3.014,0.000,18.966,27.494,-3.450
143.470,1.341,-3.014,0.000,18.966,27.494,-3.450
143.475,1.341,-3.014,0.000,18.966,27.494,-3.450
143.480,1.341,-3.014,0.000,18.966,27.494,-3.450
143.485,1.341,-3.014,0.000,18.966,27.494,-3.450
143.490,1.341,-3.014,0.000,18.966,27.494,-3.450
143.495,1.341,-3.014,0.000,18.966,27.494,-3.450
143.500,1.341,-3.014,0.000,18.966,27.494,-3.450
143.506,1.341,-3.014,0.000,18.966,27.494,-3.450
143.511,1.341,-3.014,0.000,18.966,27.494,-3.450
143.516,1.341,-3.014,0.000,18.966,27.494,-3.450
143.521,1.341,-3.014,0.000,18.966,27.494,-3.450
143.526,1.341,-3.014,0.000,18.966,27.494,-3.450
143.531,1.341,-3.014,0.000,18.966,27.494,-3.450
143.536,1.341,-3.014,0.000,18.966,27.494,-3.450
143.541,1.341,-3.014,0.000,18.966,27.494,-3.450
143.546,1.341,-3.014,0.000,18.966,27.494,-3.450
143.551,1.341,-3.014,0.000,18.966,27.494,-3.450
143.557,1.341,-3.014,0.000,18.966,27.494,-3.450
143.562,1.341,-3.014,0.000,18.966,27.494,-3.450
143.567,1.341,-3.014,0.000,18.966,27.494,-3.450
143.572,1.341,-3.014,0.000,18.966,27.494,-3.450
143.577,1.341,-3.014,0.000,18.966,27.494,-3.450
143.582,1.341,-3.014,0.000,18.966,27.494,-3.450
143.587,1.341,-3.014,0.000,18.966,27.494,-3.450
143.592,1.341,-3.014,0.000,18.966,27.494,-3.450
143.598,1.341,-3.014,0.000,18.966,27.494,-3.450
143.603,1.341,-3.014,0.000,18.966,27.494,-3.450
143.608,1.341,-3.014,0.000,18.966,27.494,-3.450
143.613,1.341,-3.014,0.000,18.966,27.494,-3.450
143.618,1.341,-3.014,0.000,18.966,27.494,-3.450
143.623,1.341,-3.014,0.000,18.966,27.494,-3.450
143.628,1.341,-3.014,0.000,18.966,27.494,-3.450
143.633,1.341,-3.014,0.000,18.966,27.494,-3.450
143.638,1.341,-3.014,0.000,18.966,27.494,-3.450
143.643,1.341,-3.014,0.000,18.966,27.494,-3.450
143.649,1.341,-3.014,0.000,18.966,27.494,-3.450
143.654,1.341,-3.014,0.000,18.966,27.494,-3.450
143.659,1.341,-3.014,0.000,18.966,27.494,-3.450
143.664,1.341,-3.014,0.000,18.966,27.494,-3.450
143.669,1.341,-3.014,0.000,18.966,27.494,-3.450
143.674,1.341,-3.014,0.000,18.966,27.494,-3.450
143.679,1.341,-3.014,0.000,18.966,27.494,-3.450
143.684,1.341,-3.014,0.000,18.966,27.494,-3.450
143.689,1.341,-3.014,0.000,18.966,27.494,-3.450
143.694,1.341,-3.014,0.000,18.966,27.494,-3.450
143.700,1.341,-3.014,0.000,18.966,27.494,-3.450
143.705,1.341,-3.014,0.000,18.966,27.494,-3.450
143.710,0.000,-0.297,1.000,0.699,0.227,0.584
143.716,0.000,-0.297,1.000,-0.287,0.432,0.133
143.723,0.000,-0.297,1.000,0.508,-0.917,-0.925
143.729,0.000,-0.297,1.000,0.452,-0.434,-1.091
143.735,0.000,-0.297,1.000,-0.064,-1.123,-1.420
143.741,0.000,-0.297,1.000,-0.320,-1.053,-1.095
143.747,0.000,-0.297,1.000,-0.337,-0.251,-1.421
143.754,0.000,-0.297,1.000,-0.153,0.105,-2.046
143.760,0.000,-0.297,0.000,0.697,-0.931,-1.399
143.766,0.000,-0.297,0.000,0.439,-0.634,-1.134
143.772,0.000,-0.297,1.000,0.881,-0.455,-1.281
143.778,0.000,-0.297,1.000,-0.291,-1.105,-0.932
143.785,0.000,-0.297,1.000,0.672,-0.873,-2.138
143.791,0.000,-0.297,1.000,1.519,-0.929,0.026
143.797,0.000,-0.297,1.000,1.583,-0.955,0.240
143.803,0.000,-0.297,1.000,0.877,-0.901,-0.050
143.809,0.000,-0.297,1.000,0.439,0.719,-0.485
143.815,0.000,-0.297,1.000,0.787,0.437,-0.677
143.822,0.000,-0.297,1.000,0.671,-0.392,-0.496
143.828,0.000,-0.297,0.000,0.617,0.233,-0.571
143.834,0.000,-0.297,0.000,-0.070,0.505,-0.289
143.840,0.000,-0.297,0.000,-0.578,0.346,-1.367
143.846,0.000,-0.297,0.000,-1.416,1.320,-1.555
143.853,0.000,-0.297,0.000,-0.959,1.060,-0.358
143.859,0.000,-0.297,0.000,-0.566,0.899,0.195
143.865,0.000,-0.297,0.000,-0.343,0.242,-2.680
143.871,0.000,-0.297,0.000,1.086,-0.098,-0.729
143.877,0.000,-0.297,0.000,0.637,0.741,1.267
143.883,0.000,-0.297,0.000,1.022,1.264,-1.270
143.890,0.000,-0.297,0.000,-0.161,1.442,-0.911
143.896,0.000,-0.446,0.000,-0.663,2.125,2.815
143.902,0.000,-0.446,0.000,-1.461,1.606,0.182
143.909,0.000,-0.297,0.000,-0.436,-0.040,-0.793
143.915,0.000,-0.297,0.000,-0.679,-0.376,-0.003
143.921,0.000,-0.297,0.000,-0.923,0.230,0.697
143.927,0.000,-0.297,0.000,-0.699,1.330,0.100
143.934,0.000,-0.446,0.000,0.291,0.425,0.323
143.940,0.000,-0.446,0.000,-0.249,0.305,1.415
143.947,0.000,-0.446,0.000,-0.189,0.060,-0.123
143.953,0.000,-0.446,0.000,0.533,-0.024,0.083
143.960,0.000,-0.446,0.000,1.126,-1.393,0.077
143.966,0.000,-0.446,0.000,0.940,-2.480,0.034
143.973,0.000,-0.297,0.000,1.366,-3.000,1.495
143.979,0.000,-0.297,0.000,2.122,-4.241,1.639
143.985,0.000,-0.297,0.000,1.729,-3.648,1.445
143.991,0.000,-0.297,0.000,1.790,-4.495,1.171
143.997,0.000,-0.297,0.000,1.621,-4.210,0.876
144.003,0.000,-0.297,0.000,1.167,-3.055,1.347
144.010,0.000,-0.297,0.000,0.729,-1.521,0.703
144.016,0.000,-0.297,0.000,1.232,-1.558,0.923
144.022,0.000,-0.297,0.000,0.173,-0.767,0.234
144.028,0.000,-0.297,0.000,-0.940,0.211,-0.627
144.034,0.000,-0.297,0.000,-1.232,0.228,-0.303
144.041,0.000,-0.297,0.000,-0.774,0.465,0.103
144.047,0.000,-0.297,0.000,-1.176,0.052,0.423
144.053,0.000,-0.297,0.000,-0.321,0.355,1.629
144.059,0.000,-0.297,0.000,-0.395,0.552,2.143
144.065,0.000,-0.297,0.000,-0.181,0.777,2.779
144.071,0.000,-0.297,0.000,0.150,0.534,2.697
144.078,0.000,-0.297,0.000,0.732,0.425,2.496
144.084,0.000,-0.297,0.000,0.345,-0.122,2.564
144.090,0.000,-0.297,0.000,-0.053,0.093,1.696
144.096,0.000,-0.297,0.000,0.097,0.777,1.090
144.102,0.000,-0.297,0.000,0.142,0.476,1.055
144.108,0.000,-0.297,0.000,0.390,-0.162,0.527
144.115,0.000,-0.297,0.000,0.769,-0.769,0.323
144.121,0.000,-0.297,0.000,1.346,-1.035,0.275
144.127,0.000,-0.297,0.000,1.288,-1.224,-0.069
144.133,0.000,-0.297,0.000,2.008,-0.641,0.514
144.139,0.000,-0.297,0.000,1.042,-1.333,0.043
144.145,0.000,-0.297,1.000,0.487,-0.831,0.193
144.152,0.000,-0.297,1.000,-1.065,0.389,-0.618
144.158,0.000,-0.446,0.000,0.088,0.342,-0.167
144.164,0.000,-0.446,0.000,0.150,0.730,0.602
144.171,0.000,-0.446,0.000,-0.079,0.648,1.187
144.177,0.000,-0.446,0.000,0.416,0.801,0.197
144.184,0.000,-0.297,0.000,0.840,0.760,-0.564
144.190,0.000,-0.297,0.000,0.845,1.120,0.529
144.196,0.000,-0.297,0.000,0.880,1.268,0.650
144.202,0.000,-0.297,0.000,1.967,1.511,-0.157
144.208,0.000,-0.297,0.000,2.424,1.172,0.133
144.214,0.000,-0.297,0.000,1.652,1.697,0.598
144.221,0.000,-0.297,0.000,1.149,1.277,0.833
144.227,0.000,-0.297,0.000,1.040,0.547,1.724
144.233,0.000,-0.297,0.000,0.794,0.208,0.245
144.239,0.000,-0.297,0.000,0.704,-0.838,0.808
144.245,0.000,-0.297,0.000,-0.459,-1.180,-0.576
144.252,0.000,-0.297,0.000,-0.457,-2.273,-0.189
144.258,0.000,-0.297,0.000,-0.446,-0.636,-0.288
144.264,0.000,-0.297,0.000,-0.177,-0.355,1.250
144.270,0.000,-0.297,0.000,0.494,0.153,-0.175
144.276,0.000,-0.446,0.000,0.408,-1.018,0.050
144.283,0.000,-0.446,0.000,0.238,-1.655,0.228
144.289,0.000,-0.446,0.000,-0.848,-1.548,1.065
144.296,0.000,-0.446,0.000,-0.677,-0.799,-1.316
144.302,0.000,-0.446,0.000,0.417,-0.422,-0.444
144.309,0.000,-0.446,0.000,1.418,0.159,-1.055
144.315,0.000,-0.446,0.000,-0.073,0.867,-2.483
144.322,0.000,-0.446,0.000,0.338,0.605,-1.663
144.328,0.000,-0.446,0.000,-0.649,-0.263,-1.886
144.335,0.000,-0.446,0.000,-1.473,0.622,-0.288
144.341,0.000,-0.446,0.000,-1.063,0.716,-1.272
144.348,0.000,-0.446,1.000,-0.567,-0.083,-0.983
144.354,0.000,-0.446,1.000,-1.295,-0.168,-0.001
144.361,0.000,-0.446,1.000,-1.267,-0.064,-1.721
144.367,0.000,-0.446,1.000,-0.637,0.070,-1.347
144.374,0.000,-0.446,1.000,-0.220,0.394,-2.181
144.380,0.000,-0.446,1.000,0.289,0.390,-1.091
144.387,0.000,-0.446,1.000,-0.354,0.739,-0.850
144.393,0.000,-0.446,1.000,-0.319,0.909,-1.326
144.400,0.000,-0.446,1.000,1.109,0.989,-1.965
144.406,0.000,-0.446,1.000,1.081,0.570,-0.395
144.413,0.000,-0.446,1.000,0.760,-0.294,0.195
144.419,0.000,-0.446,1.000,1.945,-1.719,-0.592
144.426,0.000,-0.446,1.000,1.788,-1.626,-1.279
144.432,0.000,-0.446,1.000,1.922,-1.306,-0.383
144.439,0.000,-0.446,1.000,1.849,-2.127,1.052
144.445,0.000,-0.446,1.000,3.127,-1.780,1.082
144.452,0.000,-0.446,1.000,2.851,-0.566,-0.772
144.458,0.000,-0.446,1.000,2.959,-1.119,-1.753
144.465,0.000,-0.446,1.000,2.408,-1.824,-1.213
144.472,0.000,-0.446,1.000,1.183,-1.825,-1.251
144.478,0.000,-0.446,1.000,-0.785,-0.581,0.403
144.485,0.000,-0.446,1.000,-1.301,-1.159,0.515
144.491,0.000,-0.446,1.000,-1.473,-0.335,0.209
144.498,0.000,-0.446,1.000,0.536,0.177,-0.531
144.504,0.000,-0.446,1.000,1.101,0.411,-0.241
144.511,0.000,-0.446,1.000,0.275,-0.807,-1.216
144.517,0.000,-0.446,1.000,0.516,-2.418,0.276
144.524,0.000,-0.446,1.000,0.483,-2.566,0.064
144.531,0.000,-0.446,1.000,-0.594,-1.325,-0.230
144.537,0.000,-0.446,1.000,-0.632,-2.006,-0.081
144.544,0.000,-0.446,1.000,-0.595,-0.872,0.211
144.550,0.000,-0.446,1.000,-0.793,-0.171,1.065
144.557,0.000,-0.446,1.000,0.874,-0.476,1.264
144.563,0.000,-0.446,1.000,2.342,-0.257,2.292
144.570,0.000,-0.446,1.000,2.685,-0.611,1.319
144.576,0.000,-0.446,1.000,3.462,-1.953,0.349
144.583,0.000,-0.446,1.000,3.326,-1.722,0.910
144.589,0.000,-0.446,1.000,3.439,-0.819,2.081
144.596,0.000,-0.446,1.000,3.784,0.264,2.675
144.603,0.000,-0.595,1.000,2.070,0.952,3.149
144.609,0.000,-0.595,1.000,1.627,0.106,3.220
144.615,0.000,-0.595,1.000,2.780,-1.104,3.082
144.622,0.000,-0.595,1.000,3.826,-0.638,2.102
144.628,0.000,-0.595,1.000,2.079,-0.818,3.992
144.634,0.000,-0.595,1.000,0.884,-1.258,3.987
144.640,0.000,-0.744,1.000,-0.649,-1.029,3.252
144.647,0.000,-0.744,1.000,-1.573,-2.699,2.861
144.654,0.000,-0.744,1.000,-1.728,-3.626,3.059
144.661,0.000,-0.744,1.000,-2.079,-3.555,4.080
144.667,0.000,-0.893,1.000,-1.007,-4.529,4.993
144.674,0.000,-0.893,1.000,1.373,-4.906,5.591
144.679,0.000,-0.893,1.000,-1.166,-2.770,5.795
144.685,0.000,-0.893,1.000,-2.076,0.114,4.206
144.692,0.000,-0.893,1.000,0.023,-0.481,4.762
144.699,0.000,-0.893,1.000,4.167,-3.505,5.657
144.705,-0.148,-0.893,1.000,4.756,-2.205,6.503
144.712,-0.148,-0.893,1.000,3.692,3.164,6.542
144.718,-0.148,-0.893,1.000,5.619,6.228,4.564
144.725,-0.148,-0.893,1.000,10.529,3.406,5.296
144.731,-0.148,-0.893,1.000,14.047,6.541,7.181
144.738,-0.148,-0.893,1.000,14.593,11.100,6.110
144.744,-0.148,-0.893,1.000,19.376,8.500,6.595
144.749,-0.148,-0.893,1.000,18.920,12.246,5.760
144.756,-0.148,-0.893,1.000,21.971,12.791,7.167
144.762,-0.148,-0.893,1.000,22.634,17.178,8.406
144.769,-0.148,-0.893,1.000,21.925,21.968,11.229
144.776,-0.148,-0.893,1.000,21.987,21.933,10.247
144.782,-0.148,-1.042,1.000,16.782,25.054,9.981
144.787,-0.148,-1.042,1.000,18.639,23.591,8.987
144.794,-0.148,-1.042,1.000,19.453,22.230,8.662
144.801,-0.148,-1.042,1.000,19.749,21.633,8.452
144.807,-0.148,-1.042,1.000,19.006,25.538,7.004
144.813,-0.148,-1.042,1.000,18.882,26.665,6.119
144.818,-0.148,-1.042,1.000,20.147,24.691,6.214
144.824,-0.148,-1.042,1.000,21.113,25.039,3.195
144.829,-0.148,-1.042,1.000,20.410,28.583,4.373
144.836,-0.148,-1.042,1.000,19.730,28.810,3.464
144.843,-0.148,-1.042,1.000,20.303,26.720,1.402
144.849,-0.148,-1.042,1.000,19.732,24.802,1.926
144.856,-0.148,-1.042,1.000,18.023,26.998,1.925
144.863,-0.148,-1.042,1.000,18.018,29.058,1.470
144.870,-0.148,-1.042,1.000,18.279,29.312,2.099
144.876,-0.148,-1.042,1.000,17.211,29.311,2.845
144.881,-0.148,-1.042,1.000,15.589,30.829,2.950
144.888,-0.148,-1.042,1.000,16.607,29.283,2.770
144.895,-0.148,-1.042,1.000,14.133,28.948,3.833
144.901,-0.148,-1.042,1.000,13.480,27.956,3.639
144.908,-0.148,-1.042,1.000,14.246,27.788,5.139
144.915,-0.148,-1.042,1.000,14.640,29.781,6.050
144.922,-0.148,-1.042,1.000,14.302,30.012,5.981
144.928,-0.148,-1.042,1.000,16.780,27.668,7.775
144.935,-0.148,-1.192,1.000,15.401,27.320,7.603
144.941,-0.297,-1.341,1.000,13.480,28.804,7.301
144.947,-0.297,-1.341,1.000,13.381,28.471,7.709
144.952,-0.297,-1.492,1.000,13.415,27.836,7.726
144.957,-0.297,-1.492,1.000,13.603,28.145,8.846
144.963,-0.297,-1.492,1.000,13.252,29.921,9.463
144.968,-0.595,-2.247,1.000,13.031,30.656,9.141
144.973,-0.595,-2.247,1.000,12.335,32.116,8.144
144.979,-0.595,-2.247,1.000,11.346,33.865,7.916
144.984,-1.192,-3.638,1.000,12.013,34.846,8.487
144.989,-1.192,-3.638,1.000,11.744,35.836,8.488
144.995,-1.192,-3.638,1.000,12.109,35.388,8.054
145.000,-1.192,-3.638,1.000,11.981,35.270,7.812
145.005,-3.014,-6.974,1.000,12.479,34.425,7.199
145.011,-3.325,-6.974,1.000,10.940,33.989,5.748
145.017,-3.325,-6.974,1.000,9.839,34.958,3.561
145.023,-3.325,-6.974,1.000,7.947,36.009,1.773
145.028,-3.325,-6.974,1.000,6.696,37.119,0.468
145.034,-3.325,-6.974,1.000,4.626,38.513,-1.021
145.040,-3.325,-6.974,1.000,3.578,38.724,-2.807
145.045,-4.114,-9.615,1.000,3.846,38.056,-3.305
145.051,-4.114,-9.615,1.000,6.276,37.153,-3.352
145.057,-5.254,-13.302,1.000,8.096,36.754,-4.425
145.062,-5.254,-13.302,1.000,9.326,35.494,-6.690
145.068,-5.758,-14.508,1.000,8.957,34.430,-5.794
145.074,-6.272,-15.776,1.000,9.101,34.496,-6.831
145.080,-7.333,-18.808,1.000,9.532,35.232,-6.305
145.085,-7.333,-18.808,1.000,10.308,34.530,-7.493
145.091,-7.698,-20.000,1.000,9.147,33.615,-6.475
145.096,-7.698,-20.000,1.000,7.030,33.200,-6.735
145.102,-7.698,-20.000,1.000,5.780,31.283,-6.810
145.107,-9.416,-24.236,1.000,5.285,28.377,-6.624
145.113,-9.816,-24.236,1.000,4.543,25.152,-6.281
145.119,-9.816,-24.236,1.000,3.771,22.097,-4.899
145.125,-9.816,-24.236,1.000,2.280,18.943,-4.143
145.130,-11.276,-27.526,1.000,1.339,15.565,-3.004
145.136,-11.711,-36.031,1.000,1.154,14.365,-2.164
145.142,-11.711,-36.031,1.000,-0.564,12.358,-2.004
145.148,-11.711,-36.031,1.000,-1.234,11.550,-1.415
145.153,-11.711,-36.031,1.000,-2.700,12.174,-1.594
145.159,-11.711,-36.031,1.000,-2.078,11.844,-0.580
145.165,-13.302,-43.641,1.000,-1.326,12.018,-2.265
145.170,-13.302,-43.641,1.000,0.041,11.594,-1.259
145.176,-13.302,-44.190,1.000,0.939,11.967,0.253
145.182,-13.777,-45.304,1.000,1.657,11.591,2.668
145.188,-13.777,-45.304,1.000,0.907,11.838,3.017
145.193,-13.777,-45.304,1.000,0.700,11.563,3.588
145.199,-13.777,-45.304,1.000,-0.147,11.044,2.926
145.205,-13.777,-45.304,1.000,-1.479,11.538,3.199
145.211,-13.777,-47.016,1.000,-2.077,12.458,3.157
145.216,-13.777,-47.016,1.000,-4.203,12.572,3.301
145.222,-13.777,-47.016,1.000,-4.263,11.970,3.500
145.228,-13.538,-47.597,1.000,-3.242,10.965,2.075
145.233,-13.538,-47.597,1.000,-1.462,9.803,0.545
145.239,-13.538,-47.597,1.000,-0.727,10.391,0.359
145.245,-14.018,-50.592,1.000,-1.380,12.673,-2.156
145.251,-14.018,-50.592,1.000,-3.352,12.618,-0.869
145.256,-14.018,-50.592,1.000,-3.980,12.751,-0.605
145.262,-14.018,-50.592,1.000,-6.188,12.833,-1.411
145.268,-14.756,-51.831,1.000,-6.080,12.258,0.362
145.273,-15.517,-52.459,1.000,-6.120,11.702,0.375
145.279,-15.517,-52.459,1.000,-6.478,9.557,1.899
145.285,-15.517,-52.459,1.000,-7.375,9.510,4.530
145.291,-16.839,-51.831,1.000,-9.284,7.605,5.874
145.296,-16.839,-51.831,1.000,-11.159,3.263,7.204
145.302,-16.839,-51.831,1.000,-13.170,0.132,7.989
145.308,-17.946,-51.831,1.000,-15.912,-1.646,7.289
145.314,-17.946,-51.831,1.000,-16.916,-4.049,6.434
145.319,-17.946,-51.831,1.000,-16.916,-7.224,4.742
145.325,-17.946,-51.831,1.000,-15.872,-10.787,3.851
145.331,-17.946,-51.831,1.000,-13.302,-14.503,2.967
145.336,-17.946,-49.377,1.000,-10.429,-16.947,1.589
145.342,-17.946,-48.778,1.000,-8.243,-18.951,1.032
145.348,-17.946,-48.778,1.000,-6.877,-19.497,0.997
145.354,-17.946,-48.778,1.000,-6.663,-19.616,1.170
145.359,-17.665,-47.597,1.000,-7.053,-18.643,-1.358
145.365,-17.665,-48.185,1.000,-6.036,-18.310,-2.420
145.371,-17.665,-48.185,1.000,-6.330,-17.229,-3.806
145.377,-17.665,-48.185,1.000,-6.320,-15.293,-3.605
145.382,-17.665,-48.185,1.000,-7.687,-12.639,-4.131
145.388,-17.665,-48.185,1.000,-7.322,-10.851,-4.653
145.394,-17.665,-48.185,1.000,-5.301,-10.682,-4.841
145.399,-20.000,-51.831,1.000,-4.011,-10.584,-5.136
145.405,-20.000,-51.831,1.000,-3.987,-11.454,-4.427
145.411,-20.927,-51.831,1.000,-3.831,-11.369,-3.168
145.417,-20.927,-51.831,1.000,-4.931,-11.732,-2.938
145.422,-21.242,-51.831,1.000,-3.685,-14.264,-0.229
145.428,-21.242,-52.459,1.000,-3.277,-14.312,1.689
145.434,-21.242,-52.459,1.000,-6.009,-14.204,3.082
145.439,-21.242,-52.459,1.000,-10.337,-12.543,3.842
145.445,-20.927,-52.459,1.000,-14.107,-11.437,5.872
145.451,-20.927,-51.831,1.000,-15.687,-11.832,5.783
145.457,-20.927,-51.831,1.000,-17.197,-12.794,4.950
145.462,-20.927,-51.831,1.000,-20.249,-12.125,4.075
145.468,-20.000,-51.831,1.000,-22.782,-10.171,3.417
145.474,-20.000,-51.831,1.000,-24.323,-9.672,2.010
145.480,-20.000,-51.831,1.000,-25.200,-7.623,1.912
145.485,-20.000,-51.831,1.000,-25.687,-7.971,2.498
145.491,-20.000,-51.831,1.000,-24.773,-8.439,3.899
145.497,-20.000,-51.831,1.000,-25.528,-9.346,4.847
145.502,-19.697,-51.831,1.000,-27.008,-12.113,4.945
145.508,-19.697,-51.831,1.000,-27.975,-16.017,5.451
145.514,-20.000,-51.831,1.000,-29.828,-19.056,4.983
145.520,-19.697,-51.208,1.000,-31.216,-23.903,3.000
145.525,-19.697,-51.208,1.000,-32.967,-28.628,1.021
145.531,-19.697,-48.778,1.000,-33.640,-32.852,-1.143
145.537,-19.697,-47.016,1.000,-34.254,-35.704,-3.210
145.543,-19.697,-47.016,1.000,-34.784,-35.745,-3.637
145.548,-19.697,-47.016,1.000,-33.903,-36.201,-1.698
145.554,-19.697,-47.016,1.000,-32.788,-37.008,-2.192
145.560,-19.697,-47.016,1.000,-30.380,-38.172,-3.342
145.565,-19.697,-47.016,1.000,-29.051,-37.360,-3.675
145.571,-19.697,-47.016,1.000,-27.613,-37.676,-3.767
145.577,-18.231,-43.641,1.000,-26.002,-36.598,-3.932
145.583,-16.302,-41.500,1.000,-25.620,-34.233,-3.328
145.589,-16.302,-41.500,1.000,-24.096,-31.429,-2.605
145.594,-16.302,-41.500,1.000,-21.770,-29.568,-2.057
145.600,-17.111,-45.869,1.000,-21.190,-28.470,-1.684
145.606,-17.111,-49.377,1.000,-19.781,-27.311,-0.809
145.611,-17.665,-55.033,1.000,-17.977,-25.947,0.976
145.617,-17.665,-55.033,1.000,-17.272,-23.263,1.503
145.623,-17.665,-63.359,1.000,-16.413,-21.644,1.878
145.629,-17.665,-64.839,1.000,-17.036,-20.064,1.453
145.634,-17.665,-64.839,1.000,-17.039,-19.157,1.341
145.640,-17.665,-64.839,1.000,-18.188,-19.453,1.897
145.646,-17.946,-70.236,1.000,-17.475,-20.400,1.886
145.651,-17.946,-70.236,1.000,-16.410,-23.996,3.473
145.657,-17.946,-75.985,1.000,-16.659,-26.224,4.433
145.663,-17.946,-75.985,1.000,-16.259,-29.766,4.927
145.669,-17.946,-77.694,1.000,-15.972,-33.073,6.286
145.674,-17.946,-77.694,1.000,-17.048,-34.401,6.646
145.680,-17.946,-77.694,1.000,-18.313,-35.767,7.193
145.686,-17.946,-77.694,1.000,-20.461,-37.079,6.128
145.692,-17.946,-88.603,1.000,-23.435,-37.766,4.702
145.697,-17.946,-88.603,1.000,-23.878,-39.378,3.967
145.703,-18.231,-98.596,1.000,-25.276,-39.237,3.921
145.709,-18.231,-98.596,1.000,-26.101,-39.064,3.559
145.715,-18.231,-98.596,1.000,-26.467,-38.559,2.126
145.720,-18.518,-100.697,1.000,-27.305,-38.542,3.004
145.726,-18.518,-101.762,1.000,-26.798,-40.050,4.468
145.732,-18.518,-101.762,1.000,-29.018,-40.264,3.573
145.738,-18.518,-101.762,1.000,-29.676,-41.395,3.059
145.743,-18.518,-102.835,1.000,-29.559,-44.176,2.708
145.749,-18.518,-102.835,1.000,-29.464,-45.995,2.857
145.755,-18.518,-102.835,1.000,-28.487,-48.989,1.139
145.761,-18.518,-102.835,1.000,-27.535,-52.546,0.269
145.766,-18.518,-102.835,1.000,-28.239,-55.857,-0.088
145.772,-18.518,-102.835,1.000,-29.546,-57.952,-0.759
145.778,-18.518,-102.835,1.000,-29.841,-59.806,-1.763
145.783,-18.518,-102.835,1.000,-32.277,-60.994,-3.094
145.789,-18.808,-105.008,1.000,-33.601,-62.137,-4.034
145.795,-18.808,-105.008,1.000,-35.654,-62.015,-4.951
145.800,-18.808,-110.602,1.000,-35.430,-62.277,-4.415
145.806,-18.808,-110.602,1.000,-34.745,-62.252,-5.602
145.812,-18.808,-110.602,1.000,-31.845,-62.589,-6.000
145.817,-18.808,-110.602,1.000,-31.831,-62.106,-4.967
145.823,-18.808,-110.602,1.000,-31.465,-60.189,-4.827
145.828,-18.808,-110.602,1.000,-30.526,-59.965,-3.665
145.834,-18.808,-110.602,1.000,-29.315,-59.040,-4.254
145.840,-18.808,-110.602,1.000,-28.123,-57.237,-3.897
145.845,-18.808,-110.602,1.000,-28.334,-56.861,-3.215
145.851,-18.808,-135.393,1.000,-27.712,-55.803,-2.804
145.856,-18.808,-135.393,1.000,-27.339,-54.513,-1.904
145.862,-18.808,-135.393,1.000,-26.909,-54.396,-0.594
145.868,-18.808,-139.464,1.000,-27.298,-54.218,0.085
145.873,-18.808,-139.464,1.000,-28.487,-53.987,0.593
145.879,-18.808,-139.464,1.000,-30.444,-55.983,0.085
145.884,-18.808,-139.464,1.000,-31.294,-57.321,0.012
145.890,-18.518,-140.843,1.000,-31.301,-60.836,0.973
145.896,-18.518,-140.843,1.000,-31.010,-65.280,1.493
145.901,-18.518,-140.843,1.000,-31.292,-69.061,3.055
145.907,-17.946,-132.732,1.000,-32.012,-72.599,3.484
145.913,-17.946,-132.732,1.000,-32.967,-75.447,4.829
145.919,-17.946,-116.430,1.000,-34.700,-78.594,5.780
145.925,-17.946,-116.430,1.000,-35.820,-81.429,5.437
145.930,-17.946,-116.430,1.000,-37.967,-83.061,5.738
145.936,-17.946,-108.336,1.000,-39.382,-85.166,6.599
145.942,-17.946,-108.336,1.000,-41.464,-87.905,6.296
145.947,-17.946,-108.336,1.000,-42.104,-89.441,6.695
145.953,-17.387,-89.565,1.000,-42.871,-90.817,7.701
145.959,-17.111,-85.768,1.000,-42.242,-92.388,6.700
145.965,-17.111,-85.768,1.000,-42.157,-90.733,5.648
145.971,-17.111,-85.768,1.000,-41.139,-91.316,4.720
145.976,-12.379,-59.080,1.000,-39.312,-90.149,4.410
145.982,-12.379,-59.080,1.000,-37.756,-88.797,3.956
145.988,-12.379,-59.080,1.000,-35.948,-86.118,3.980
145.993,-12.379,-59.080,1.000,-33.592,-84.111,5.739
145.999,-5.928,-52.459,1.000,-32.839,-82.324,6.303
146.005,-5.928,-52.459,1.000,-31.250,-79.831,8.662
146.010,-5.928,-52.459,1.000,-30.313,-77.452,10.613
146.016,-3.014,-44.190,1.000,-29.094,-74.973,10.568
146.022,-3.014,-45.304,1.000,-28.907,-71.227,11.726
146.028,-3.014,-45.304,1.000,-27.236,-68.765,12.192
146.033,-3.014,-45.304,1.000,-28.173,-64.830,12.937
146.039,-3.014,-34.642,1.000,-27.764,-61.242,12.529
146.045,-3.169,-32.854,1.000,-25.962,-58.466,12.055
146.051,-3.169,-32.854,1.000,-25.919,-55.197,10.907
146.056,-3.169,-32.854,1.000,-24.871,-51.941,10.575
146.062,-3.014,-24.586,1.000,-23.593,-49.892,10.516
146.068,-3.014,-24.586,1.000,-20.948,-48.470,10.896
146.074,-3.014,-24.586,1.000,-19.680,-45.875,10.060
146.079,-3.014,-24.586,1.000,-19.172,-43.441,9.274
146.085,-3.014,-24.586,1.000,-17.027,-41.496,8.511
146.091,-3.014,-24.586,1.000,-15.801,-39.944,7.305
146.097,-3.014,-24.586,1.000,-14.719,-37.854,6.145
146.102,-3.014,-24.586,1.000,-13.644,-35.355,4.880
146.108,-3.325,-22.538,1.000,-14.643,-33.694,4.341
146.114,-3.325,-22.538,1.000,-14.128,-31.731,3.743
146.119,-3.325,-21.242,1.000,-14.860,-27.924,2.214
146.125,-3.325,-21.242,1.000,-16.617,-25.324,1.505
146.131,-3.325,-20.305,1.000,-16.916,-24.400,0.270
146.137,-3.325,-17.946,1.000,-17.864,-23.766,-0.637
146.142,-3.325,-16.839,1.000,-17.771,-20.373,-0.650
146.148,-3.325,-16.839,1.000,-19.347,-18.405,-1.361
146.154,-3.325,-16.839,1.000,-22.366,-14.896,-1.779
146.160,-3.481,-14.756,1.000,-23.979,-12.195,-2.960
146.165,-3.325,-14.262,1.000,-22.127,-9.303,-3.276
146.171,-3.325,-14.262,1.000,-21.831,-7.072,-2.872
146.177,-3.325,-14.262,1.000,-19.389,-4.888,-1.726
146.182,-3.325,-13.302,1.000,-17.085,-4.869,-0.536
146.188,-3.325,-13.068,1.000,-15.133,-4.102,0.026
146.194,-3.325,-13.068,1.000,-15.970,-3.387,-0.133
146.200,-3.325,-13.068,1.000,-15.468,-2.573,0.522
146.205,-3.325,-12.836,1.000,-16.389,-1.387,1.675
146.211,-3.325,-12.836,1.000,-17.297,0.104,1.983
146.217,-3.325,-12.836,1.000,-16.191,-0.661,1.547
146.222,-3.325,-11.711,1.000,-16.822,-0.147,0.515
146.228,-3.325,-11.492,1.000,-16.551,-0.523,-0.134
146.234,-3.325,-11.492,1.000,-16.783,0.005,-0.306
146.239,-3.325,-11.492,1.000,-16.290,0.406,0.274
146.245,-3.325,-10.019,1.000,-14.427,0.658,0.500
146.250,-3.481,-9.816,1.000,-12.749,1.065,-0.575
146.256,-3.481,-9.816,1.000,-9.899,0.635,-1.033
146.262,-3.481,-9.816,1.000,-7.958,1.703,-0.828
146.268,-3.481,-7.698,1.000,-7.316,2.973,-0.577
146.273,-3.481,-7.515,1.000,-7.340,5.898,-1.512
146.279,-3.481,-7.515,1.000,-5.394,7.339,-1.444
146.284,-3.481,-7.515,1.000,-4.609,8.870,-1.521
146.290,-3.481,-7.333,1.000,-4.179,10.745,-1.189
146.296,-3.481,-7.333,1.000,-2.921,10.847,-1.145
146.301,-3.481,-7.333,1.000,-4.938,10.920,0.230
146.307,-3.481,-7.333,1.000,-7.608,11.998,1.150
146.313,-3.481,-7.333,1.000,-7.377,11.899,0.449
146.319,-3.481,-7.515,1.000,-6.728,10.278,-0.350
146.324,-3.481,-7.515,1.000,-8.098,11.923,-0.709
146.330,-3.481,-7.515,1.000,-9.768,13.539,0.000
146.336,-3.481,-7.333,1.000,-10.115,13.877,0.881
146.341,-3.481,-7.333,1.000,-9.252,11.752,1.020
146.347,-3.481,-7.333,1.000,-9.642,10.777,1.109
146.353,-3.481,-7.333,1.000,-9.801,11.292,2.832
146.358,-3.481,-7.153,1.000,-8.427,9.555,2.138
146.364,-3.481,-7.153,1.000,-7.068,9.709,2.525
146.370,-3.481,-7.153,1.000,-7.128,8.781,0.209
146.376,-3.481,-7.153,1.000,-6.462,8.428,-0.159
146.381,-3.481,-6.099,1.000,-6.031,5.926,-0.929
146.387,-3.481,-6.099,1.000,-5.402,5.860,-2.018
146.393,-3.481,-5.928,1.000,-3.184,5.878,-1.823
146.398,-3.481,-5.928,1.000,-2.017,3.727,-2.264
146.404,-3.481,-5.254,1.000,-3.102,6.906,-1.691
146.410,-3.481,-5.254,1.000,-3.702,5.385,-1.256
146.416,-3.481,-5.088,1.000,-2.990,3.535,-1.820
146.421,-3.481,-5.088,1.000,-2.912,3.848,-1.089
146.427,-3.481,-4.274,1.000,-2.140,4.293,-1.377
146.432,-3.481,-4.274,1.000,-1.054,6.913,-1.465
146.438,-3.481,-4.274,1.000,-0.278,7.601,-0.751
146.444,-3.481,-4.274,1.000,1.420,7.844,-0.256
146.450,-3.796,-3.169,1.000,-0.709,8.508,-0.859
146.455,-3.796,-3.169,1.000,-0.965,7.496,-0.499
146.461,-3.796,-3.169,1.000,-1.388,8.791,-1.595
146.467,-3.796,-3.169,1.000,-1.113,10.746,-1.606
146.472,-3.796,-3.169,1.000,-0.924,10.850,-1.562
146.478,-3.955,-2.706,1.000,-2.090,12.125,-1.390
146.484,-3.955,-2.706,1.000,-2.332,13.702,-1.690
146.489,-3.955,-2.095,1.000,-3.290,14.687,-1.845
146.495,-3.955,-2.095,1.000,-5.122,17.241,-3.233
146.501,-3.955,-2.095,1.000,-6.440,19.847,-3.937
146.507,-3.955,-2.095,1.000,-4.677,20.644,-3.845
146.512,-3.955,-2.095,1.000,-6.236,22.920,-4.060
146.518,-3.955,-2.095,1.000,-8.284,24.785,-3.358
146.524,-3.955,-2.095,1.000,-7.169,24.898,-3.181
146.529,-3.955,-2.095,1.000,-6.973,26.439,-2.883
146.535,-3.796,-0.893,1.000,-6.210,28.571,-2.517
146.541,-3.796,-0.893,1.000,-5.006,32.084,-2.712
146.546,-3.796,-0.893,1.000,-3.588,33.334,-2.116
146.552,-3.796,-0.893,1.000,-2.846,34.847,-1.494
146.557,-3.796,-0.893,1.000,-2.244,37.308,-1.120
146.563,-3.796,-0.893,1.000,-1.589,39.456,-0.551
146.569,-3.796,-0.893,1.000,0.859,39.000,0.282
146.574,-3.638,-0.595,1.000,2.549,38.910,0.868
146.579,-3.638,-0.595,1.000,5.131,38.477,-0.495
146.585,-3.638,-0.595,1.000,8.705,39.524,-3.173
146.590,-3.638,-0.595,1.000,13.135,39.208,-4.751
146.595,-3.638,-0.595,1.000,15.498,37.346,-5.223
146.600,-3.638,-0.595,1.000,17.581,36.053,-4.636
146.606,-3.638,-0.595,1.000,18.207,34.764,-5.108
146.611,-3.638,-0.595,1.000,18.690,33.680,-5.299
146.616,-3.638,-0.595,1.000,21.878,31.805,-5.241
146.621,-3.638,-0.595,1.000,24.932,30.936,-5.157
146.627,-3.638,-0.595,1.000,27.601,29.996,-4.794
146.632,-3.638,-0.595,1.000,27.193,30.860,-4.239
146.637,-3.638,-0.446,1.000,27.961,30.257,-3.029
146.643,-3.638,-0.595,1.000,29.291,29.116,-2.401
146.648,-3.638,-0.595,1.000,28.775,26.725,-2.805
146.653,-3.638,-0.595,1.000,27.182,26.547,-2.093
146.659,-3.638,-0.595,1.000,25.879,26.806,-1.026
146.664,-3.638,-0.595,1.000,24.076,28.563,-1.281
146.669,-3.638,-0.595,1.000,22.911,31.342,0.179
146.674,-3.638,-0.595,1.000,22.779,34.287,0.990
146.680,-3.638,-0.595,1.000,21.652,36.264,1.168
146.685,-3.638,-0.446,1.000,20.330,38.245,2.208
146.690,-3.638,-0.446,1.000,20.233,39.648,2.717
146.696,-3.638,-0.446,1.000,20.756,40.406,2.399
146.701,-3.638,-0.446,1.000,19.968,41.274,2.396
146.707,-3.638,-0.446,1.000,19.011,42.637,2.153
146.712,-3.638,-0.446,1.000,17.088,43.669,3.008
146.718,-3.638,-0.446,1.000,17.089,45.207,2.916
146.723,-3.638,-0.446,1.000,16.978,46.029,2.980
146.729,-3.638,-0.595,1.000,18.831,46.832,1.732
146.734,-3.638,-0.595,1.000,18.786,49.208,-0.043
146.739,-3.638,-0.595,1.000,18.765,51.182,-0.856
146.744,-3.638,-0.595,1.000,20.114,52.830,0.685
146.750,-3.638,-0.595,1.000,20.951,54.633,1.819
146.755,-3.638,-0.595,1.000,21.685,56.132,1.861
146.760,-3.638,-0.595,1.000,22.355,56.704,1.276
146.766,-3.638,-0.595,1.000,23.055,57.265,0.881
146.771,-3.638,-0.595,1.000,23.080,58.181,-0.116
146.776,-3.638,-0.595,1.000,24.160,58.093,-0.101
146.781,-3.638,-0.595,1.000,25.121,58.639,-1.145
146.787,-3.638,-0.595,1.000,25.027,59.118,-2.086
146.792,-3.638,-0.595,1.000,25.671,61.298,-2.506
146.797,-4.274,-0.744,1.000,27.289,62.593,-1.887
146.803,-4.274,-0.744,1.000,27.292,63.533,-1.182
146.808,-4.597,-0.893,1.000,27.719,64.327,-0.675
146.814,-4.597,-0.893,1.000,29.602,62.908,-0.020
146.819,-5.928,-1.341,1.000,31.480,60.952,0.400
146.825,-5.928,-1.341,1.000,33.447,60.305,0.146
146.831,-5.928,-1.341,1.000,33.794,60.887,-0.115
146.836,-7.882,-3.014,1.000,33.457,59.293,0.750
146.842,-9.022,-4.597,1.000,33.892,57.345,0.384
146.848,-9.022,-4.597,1.000,34.151,55.769,-0.546
146.854,-10.019,-6.099,1.000,34.765,56.815,-1.863
146.859,-12.379,-7.882,1.000,35.317,54.970,-1.962
146.865,-12.379,-7.882,1.000,36.226,53.118,-1.922
146.871,-13.777,-11.492,1.000,36.939,53.995,-2.127
146.876,-13.777,-11.492,1.000,37.642,55.166,-4.084
146.882,-16.302,-18.808,1.000,37.931,55.880,-4.053
146.888,-16.302,-18.808,1.000,36.561,57.438,-5.127
146.893,-16.302,-22.870,1.000,35.967,59.654,-4.755
146.899,-16.302,-24.941,1.000,36.044,59.770,-4.908
146.905,-16.038,-26.025,1.000,37.213,57.499,-4.939
146.910,-16.038,-26.025,1.000,36.989,58.818,-3.929
146.916,-16.038,-36.981,1.000,36.730,59.672,-2.327
146.922,-16.302,-39.441,1.000,35.919,59.936,-1.369
146.928,-16.302,-39.441,1.000,33.740,60.552,-0.509
146.933,-16.302,-39.441,1.000,33.200,59.770,-0.920
146.939,-16.038,-42.560,1.000,32.031,57.732,-1.400
146.945,-16.038,-45.869,1.000,31.404,57.977,-0.616
146.950,-16.038,-45.869,1.000,30.555,56.662,0.266
146.956,-16.038,-45.869,1.000,29.313,52.370,0.782
146.962,-16.038,-48.185,1.000,27.159,49.389,1.713
146.968,-16.038,-50.592,1.000,24.386,46.481,0.631
146.973,-16.038,-50.592,1.000,22.924,44.380,0.711
146.979,-16.038,-50.592,1.000,22.869,41.025,0.874
146.985,-16.038,-57.028,1.000,24.188,36.819,0.708
146.990,-16.038,-61.906,1.000,24.029,34.668,0.783
146.996,-16.038,-61.906,1.000,24.894,30.528,0.415
147.002,-16.038,-61.906,1.000,23.979,28.297,0.630
147.008,-16.302,-64.839,1.000,23.493,27.568,1.697
147.013,-16.302,-64.096,1.000,22.911,26.081,0.992
147.019,-16.839,-64.096,1.000,22.788,25.088,-1.022
147.025,-16.839,-64.096,1.000,22.917,26.826,-1.249
147.031,-16.839,-64.096,1.000,24.234,25.957,-1.894
147.036,-17.387,-65.589,1.000,26.202,25.599,-2.543
147.042,-17.387,-65.589,1.000,29.003,26.480,-1.832
147.048,-17.387,-65.589,1.000,32.705,27.128,-0.439
147.053,-17.387,-65.589,1.000,36.343,26.179,1.186
147.059,-17.111,-64.096,1.000,39.433,25.772,3.633
147.065,-17.111,-64.096,1.000,40.132,24.685,6.006
147.071,-17.111,-64.096,1.000,39.551,22.878,5.351
147.076,-16.302,-55.691,1.000,39.600,21.021,5.552
147.082,-15.776,-53.093,1.000,38.069,19.221,6.856
147.088,-15.776,-53.093,1.000,36.876,19.020,7.513
147.094,-15.776,-53.093,1.000,34.106,17.904,8.567
147.100,-15.776,-53.093,1.000,32.021,17.299,8.563
147.105,-15.776,-53.093,1.000,30.901,16.745,7.306
147.111,-15.776,-53.093,1.000,30.052,15.638,7.355
147.117,-15.776,-53.093,1.000,28.351,15.263,7.882
147.122,-13.302,-46.439,1.000,27.218,14.701,6.813
147.128,-13.538,-46.439,1.000,26.200,14.946,6.361
147.134,-13.538,-46.439,1.000,23.936,16.085,6.705
147.140,-13.538,-46.439,1.000,20.982,17.350,7.865
147.145,-14.018,-46.439,1.000,19.558,16.053,7.613
147.151,-14.018,-47.597,1.000,19.439,15.865,9.223
147.157,-14.018,-47.597,1.000,18.544,17.225,9.483
147.162,-14.508,-47.597,1.000,19.033,18.078,10.600
147.168,-14.756,-47.597,1.000,18.980,15.168,10.023
147.174,-15.261,-47.597,1.000,17.688,14.610,9.366
147.180,-15.261,-47.597,1.000,16.147,18.335,8.625
147.185,-15.517,-45.869,1.000,16.860,20.686,8.954
147.191,-15.776,-45.869,1.000,19.729,19.749,9.757
147.197,-15.776,-45.869,1.000,20.646,20.223,11.233
147.203,-15.776,-45.869,1.000,20.589,22.693,11.795
147.208,-15.776,-45.869,1.000,20.525,22.713,11.318
147.214,-15.776,-45.869,1.000,20.169,21.065,10.395
147.220,-16.302,-40.977,1.000,20.062,20.499,9.193
147.226,-16.302,-40.977,1.000,17.934,21.109,9.594
147.231,-16.302,-40.977,1.000,17.732,19.079,9.553
147.237,-16.038,-32.854,1.000,18.666,15.707,9.233
147.243,-15.776,-24.941,1.000,20.227,12.021,8.051
147.249,-15.776,-24.941,1.000,20.658,12.001,5.810
147.254,-15.776,-24.941,1.000,20.563,11.737,5.354
147.260,-15.776,-24.941,1.000,21.439,10.618,5.443
147.266,-16.569,-21.242,1.000,21.915,9.643,5.555
147.271,-16.569,-21.242,1.000,22.947,8.738,4.581
147.277,-16.569,-21.242,1.000,23.393,7.420,4.148
147.283,-24.586,-19.697,1.000,22.045,8.146,2.378
147.289,-26.768,-18.808,1.000,20.827,10.119,1.531
147.294,-26.768,-18.808,1.000,20.440,11.563,0.629
147.300,-26.768,-18.808,1.000,21.114,13.495,0.223
147.306,-51.831,-14.262,1.000,25.170,12.522,-0.149
147.311,-51.831,-14.262,1.000,28.592,11.961,-1.078
147.317,-55.033,-13.068,1.000,28.678,13.936,-2.550
147.323,-55.033,-13.068,1.000,26.559,15.830,-3.206
147.328,-73.477,-11.061,1.000,25.279,17.041,-3.543
147.334,-73.477,-11.061,1.000,23.243,19.360,-4.350
147.340,-84.840,-10.430,1.000,21.953,18.876,-4.608
147.346,-84.840,-10.430,1.000,20.681,18.745,-5.072
147.351,-101.762,-9.816,1.000,18.396,20.003,-5.088
147.357,-101.762,-9.816,1.000,15.887,20.941,-5.328
147.363,-112.904,-9.218,1.000,13.293,20.083,-5.201
147.368,-112.904,-9.218,1.000,10.933,20.422,-6.820
147.374,-143.632,-8.256,1.000,6.093,22.788,-7.535
147.380,-143.632,-8.256,1.000,1.269,25.550,-6.953
147.385,-143.632,-8.256,1.000,-1.593,27.130,-7.744
147.391,-143.632,-8.256,1.000,-4.136,29.219,-7.073
147.397,-153.744,-9.022,1.000,-8.201,30.681,-6.892
147.403,-153.744,-9.022,1.000,-12.354,34.239,-7.179
147.408,-161.307,-9.022,1.000,-15.545,34.538,-7.778
147.414,-161.307,-9.022,1.000,-20.230,33.317,-7.197
147.420,-187.518,-9.416,1.000,-27.466,33.812,-7.952
147.426,-187.518,-9.416,1.000,-34.875,33.236,-7.771
147.431,-187.518,-9.416,1.000,-41.164,34.276,-7.994
147.437,-187.518,-9.416,1.000,-44.903,34.628,-7.706
147.443,-209.315,-10.019,1.000,-49.351,33.121,-8.514
147.448,-209.315,-10.019,1.000,-55.759,33.136,-8.568
147.454,-213.135,-10.019,1.000,-63.734,33.978,-10.336
147.460,-213.135,-10.019,1.000,-70.307,33.396,-9.076
147.466,-224.932,-10.019,1.000,-77.369,33.373,-8.782
147.471,-224.932,-10.019,1.000,-85.200,33.150,-7.454
147.477,-226.948,-10.019,1.000,-92.447,32.073,-6.669
147.483,-226.948,-10.019,1.000,-99.515,34.154,-7.334
147.489,-226.948,-10.019,1.000,-103.785,33.821,-7.244
147.494,-233.081,-10.019,1.000,-108.417,31.848,-7.637
147.500,-235.154,-10.019,1.000,-113.764,30.540,-6.336
147.506,-235.154,-10.019,1.000,-119.319,28.623,-6.929
147.512,-235.154,-10.019,1.000,-125.718,27.355,-6.650
147.517,-231.022,-9.816,1.000,-130.781,27.186,-5.469
147.523,-231.022,-9.816,1.000,-135.553,25.546,-3.535
147.529,-231.022,-9.816,1.000,-139.966,26.345,-2.222
147.535,-231.022,-9.816,1.000,-144.847,27.078,-0.955
147.540,-192.790,-10.019,1.000,-147.122,27.073,1.122
147.546,-192.790,-10.019,1.000,-149.237,27.653,2.627
147.552,-132.732,-12.607,1.000,-150.944,28.861,2.896
147.558,-132.732,-12.607,1.000,-153.680,29.537,2.203
147.563,-101.762,-14.262,1.000,-155.229,29.288,2.448
147.569,-101.762,-14.262,1.000,-155.426,30.035,3.612
147.575,-51.208,-16.302,1.000,-156.006,28.470,3.783
147.581,-51.208,-16.302,1.000,-155.502,27.609,2.886
147.587,-35.563,-17.946,1.000,-153.253,26.738,3.791
147.592,-35.563,-17.946,1.000,-149.082,25.907,4.395
147.598,-35.563,-17.946,1.000,-144.975,25.538,4.109
147.604,-35.563,-17.946,1.000,-137.087,23.949,4.079
147.610,-10.430,-18.518,1.000,-128.386,23.199,4.438
147.615,-10.430,-18.518,1.000,-117.726,21.629,4.843
147.621,-5.421,-18.518,1.000,-106.479,20.329,5.913
147.627,-5.421,-18.518,1.000,-94.172,19.841,6.479
147.632,-5.421,-18.518,1.000,-82.265,18.429,7.822
147.638,-5.421,-18.518,1.000,-71.477,16.928,9.387
147.644,-4.597,-18.518,1.000,-62.629,17.826,8.828
147.650,-4.597,-18.518,1.000,-53.330,17.509,9.103
147.655,-4.435,-18.231,1.000,-44.459,17.208,8.279
147.661,-4.435,-18.231,1.000,-34.903,18.485,9.464
147.667,-4.435,-19.697,1.000,-23.902,16.329,7.249
147.672,-4.435,-19.697,1.000,-14.529,13.557,6.917
147.678,-4.435,-19.697,1.000,-7.693,13.248,7.199
147.684,-4.435,-19.697,1.000,-2.132,14.880,6.327
147.690,-4.274,-22.870,1.000,1.422,16.804,6.857
147.695,-4.274,-22.870,1.000,5.093,18.456,8.049
147.701,-3.955,-24.236,1.000,8.157,17.339,9.378
147.707,-3.955,-24.236,1.000,10.055,16.954,9.124
147.712,-1.341,-44.744,1.000,11.052,19.971,9.474
147.718,-1.341,-44.744,1.000,10.936,21.041,8.284
147.724,-0.595,-47.597,1.000,12.524,21.762,8.497
147.729,-0.595,-47.597,1.000,13.165,21.094,9.044
147.734,-0.595,-47.597,1.000,12.371,20.819,9.699
147.740,-0.446,-55.691,1.000,11.560,19.085,9.757
147.745,-0.297,-65.589,1.000,9.772,17.689,9.708
147.751,-0.297,-65.589,1.000,7.750,16.221,7.450
147.756,-0.297,-65.589,1.000,5.533,14.999,4.986
147.762,0.000,-83.919,1.000,2.691,13.751,2.835
147.767,0.000,-101.762,1.000,1.384,12.520,1.489
147.772,0.000,-101.762,1.000,1.687,11.196,1.886
147.777,0.000,-101.762,1.000,2.211,8.760,2.962
147.783,0.000,-107.218,1.000,3.235,2.481,0.932
147.788,0.000,-107.218,1.000,2.210,-1.024,-0.786
147.793,0.000,-107.218,1.000,1.296,-3.904,-2.844
147.798,0.000,-107.218,1.000,1.866,-7.587,-4.128
147.805,0.000,-107.218,1.000,3.845,-13.019,-5.310
147.812,0.000,-107.218,1.000,7.527,-20.066,-5.278
147.817,0.000,-107.218,1.000,7.997,-24.470,-6.263
147.822,0.000,-138.096,1.000,9.137,-28.252,-6.536
147.827,0.000,-138.096,1.000,11.266,-29.046,-6.444
147.834,0.000,-143.632,1.000,12.344,-31.227,-7.496
147.841,0.000,-156.734,1.000,14.941,-36.852,-8.012
147.846,0.000,-156.734,1.000,17.397,-39.193,-8.553
147.851,0.000,-185.787,1.000,18.329,-40.116,-9.093
147.856,0.000,-185.787,1.000,19.074,-40.359,-8.612
147.861,0.000,-185.787,1.000,19.751,-41.337,-8.207
147.866,0.000,-185.787,1.000,20.137,-44.801,-8.241
147.871,0.000,-200.001,1.000,21.832,-49.633,-8.304
147.876,0.000,-203.686,1.000,20.709,-54.789,-9.866
147.883,0.000,-203.686,1.000,22.565,-61.513,-9.055
147.889,0.000,-220.943,1.000,23.248,-68.161,-9.246
147.894,0.000,-220.943,1.000,23.203,-71.494,-9.192
147.899,0.000,-222.931,1.000,24.625,-75.714,-10.099
147.904,0.000,-222.931,1.000,25.083,-79.662,-12.248
147.909,0.000,-224.932,1.000,25.641,-83.815,-12.706
147.914,0.000,-228.978,1.000,25.664,-89.909,-11.239
147.920,0.000,-228.978,1.000,25.338,-97.769,-10.147
147.925,0.000,-228.978,1.000,24.047,-105.920,-10.411
147.930,0.000,-228.978,1.000,22.185,-112.184,-10.318
147.935,0.000,-228.978,1.000,21.141,-118.619,-10.231
147.940,0.000,-224.932,1.000,20.561,-123.826,-9.463
147.945,0.000,-224.932,1.000,19.660,-127.455,-8.033
147.952,0.000,-224.932,1.000,18.269,-133.827,-7.038
147.957,0.000,-224.932,1.000,17.969,-136.660,-7.580
147.962,0.000,-228.978,1.000,16.455,-140.401,-7.066
147.967,0.000,-228.978,1.000,15.546,-144.476,-7.751
147.972,0.000,-228.978,1.000,15.060,-149.362,-8.495
147.977,0.000,-237.243,1.000,15.385,-152.731,-8.544
147.982,0.000,-237.243,1.000,16.720,-157.712,-9.416
147.987,0.000,-237.243,1.000,17.678,-160.334,-8.940
147.992,0.000,-237.243,1.000,19.210,-162.938,-7.222
147.997,0.000,-231.022,1.000,21.468,-167.625,-5.511
148.002,0.000,-231.022,1.000,21.813,-168.879,-3.567
148.007,0.000,-231.022,1.000,20.446,-170.360,-1.392
148.012,0.000,-231.022,1.000,21.145,-172.105,-0.560
148.017,0.000,-231.022,1.000,22.954,-172.398,-0.093
148.022,0.000,-184.068,1.000,22.986,-171.726,-0.828
148.027,0.000,-184.068,1.000,24.155,-172.883,-0.793
148.032,0.000,-184.068,1.000,26.253,-174.690,-2.642
148.037,0.000,-139.464,1.000,27.818,-176.189,-3.561
148.042,0.000,-139.464,1.000,29.399,-178.390,-3.709
148.047,0.000,-139.464,1.000,29.373,-177.201,-1.942
148.052,0.000,-118.828,1.000,30.049,-176.794,0.887
148.057,0.000,-118.828,1.000,30.847,-177.046,2.684
148.062,0.000,-100.697,1.000,30.632,-174.329,4.291
148.067,0.000,-100.697,1.000,31.420,-171.961,5.806
148.072,0.000,-100.697,1.000,31.661,-169.236,6.799
148.079,0.000,-77.694,1.000,34.128,-165.207,9.238
148.084,0.000,-77.694,1.000,34.822,-162.779,9.639
148.089,0.000,-59.080,1.000,35.720,-159.281,9.121
148.094,0.000,-59.080,1.000,35.624,-155.063,10.349
148.099,0.000,-59.080,1.000,35.812,-150.334,10.541
148.105,0.000,-59.080,1.000,35.644,-144.971,11.520
148.111,0.000,-59.080,1.000,37.014,-137.471,11.004
148.116,0.000,-50.592,1.000,36.641,-132.008,11.339
148.121,0.000,-47.597,1.000,37.185,-125.293,12.030
148.126,0.000,-47.597,1.000,36.935,-119.466,10.929
148.131,0.000,-47.597,1.000,36.802,-114.036,10.631
148.137,0.000,-45.304,1.000,37.487,-109.073,10.567
148.142,0.000,-45.304,1.000,39.696,-103.489,10.944
148.147,0.000,-45.304,1.000,41.300,-98.119,12.290
148.152,0.000,-42.027,1.000,42.073,-90.817,12.980
148.159,0.000,-38.939,1.000,43.317,-82.080,11.554
148.164,0.000,-38.939,1.000,43.467,-77.367,11.923
148.169,0.000,-28.300,1.000,42.984,-74.694,11.542
148.175,0.000,-23.889,1.000,42.358,-69.789,10.973
148.182,0.000,-23.546,1.000,41.614,-64.787,10.733
148.187,0.000,-23.546,1.000,41.945,-61.085,11.040
148.192,0.000,-21.561,1.000,42.179,-57.267,11.296
148.197,0.000,-20.927,1.000,41.461,-53.192,11.587
148.202,0.000,-20.927,1.000,41.590,-51.664,12.262
148.207,0.000,-20.927,1.000,42.019,-51.311,10.689
148.212,0.000,-20.927,1.000,41.647,-49.888,8.034
148.217,0.000,-17.946,1.000,41.800,-50.743,5.674
148.222,0.000,-15.776,1.000,42.897,-50.891,5.270
148.227,0.000,-15.776,1.000,43.724,-50.103,5.417
148.232,0.000,-15.776,1.000,43.859,-50.613,6.311
148.238,0.000,-11.932,1.000,43.499,-50.303,5.270
148.243,0.000,-11.932,1.000,44.019,-51.220,5.651
148.249,0.000,-10.430,1.000,44.755,-48.441,4.331
148.256,0.000,-7.698,1.000,47.075,-46.754,3.920
148.263,0.000,-7.333,1.000,47.380,-42.125,5.197
148.268,0.000,-7.333,1.000,48.495,-36.296,5.822
148.274,0.000,-6.974,1.000,47.926,-32.598,3.693
148.281,0.000,-6.974,1.000,50.503,-32.693,2.711
148.286,0.000,-6.445,1.000,52.634,-31.433,2.712
148.293,0.000,-6.445,1.000,53.576,-28.848,2.180
148.298,0.000,-4.760,1.000,56.084,-27.025,1.133
148.303,0.000,-4.760,1.000,59.066,-24.010,0.810
148.308,0.000,-4.114,1.000,62.287,-20.576,2.264
148.315,0.000,-4.114,1.000,62.375,-17.938,1.167
148.322,0.000,-2.095,1.000,62.095,-16.229,2.023
148.327,0.000,-2.095,1.000,61.070,-13.143,1.472
148.333,0.000,-2.095,1.000,59.522,-6.472,0.686
148.340,0.000,-1.042,1.000,58.922,-3.146,-0.189
148.347,0.000,-1.042,1.000,61.035,-0.849,-1.673
148.353,0.000,-1.042,1.000,62.722,-0.950,-0.750
148.358,0.000,-1.042,1.000,63.421,-1.378,0.872
148.365,0.000,-0.893,1.000,63.709,2.633,-0.916
148.372,0.000,-0.893,1.000,63.569,6.893,-0.588
148.379,0.000,-0.893,1.000,65.047,7.897,1.283
148.385,0.000,-0.893,1.000,65.316,9.983,3.266
148.392,0.000,-0.744,1.000,65.483,11.085,3.823
148.397,0.000,-0.744,1.000,65.963,10.950,3.791
148.402,0.000,-0.744,1.000,65.292,12.138,3.819
148.408,0.000,-0.595,1.000,62.642,12.856,4.261
148.414,0.000,-0.595,1.000,62.261,13.549,4.376
148.421,0.000,-0.595,1.000,61.481,15.249,5.234
148.427,0.000,-0.595,1.000,61.781,16.109,5.556
148.433,0.000,-0.595,1.000,60.378,16.266,6.160
148.440,0.000,-0.595,1.000,59.700,17.471,5.991
148.446,0.000,-0.595,1.000,58.342,19.317,6.616
148.452,0.000,-0.595,1.000,60.256,18.243,6.349
148.458,0.000,-0.595,1.000,62.292,16.677,5.885
148.465,0.000,-0.595,1.000,63.439,17.806,5.781
148.471,0.000,-0.595,1.000,62.938,15.093,5.286
148.477,0.000,-0.595,1.000,65.382,15.461,4.607
148.483,0.000,-0.595,1.000,66.529,13.918,6.181
148.490,0.000,-0.595,1.000,66.040,16.217,5.172
148.496,0.000,-0.595,1.000,65.804,13.960,2.575
148.502,0.000,-0.595,1.000,64.097,16.605,0.814
148.509,0.000,-0.595,1.000,65.025,12.381,-0.531
148.515,0.000,-0.595,1.000,61.980,13.750,-2.001
148.521,0.000,-0.595,1.000,58.042,16.211,-2.574
148.527,0.000,-0.595,1.000,57.450,14.584,-2.446
148.534,0.000,-0.595,1.000,56.129,13.092,-1.940
148.540,-0.148,-0.595,1.000,54.617,14.327,-1.889
148.546,-0.148,-0.595,1.000,52.131,13.571,-4.153
148.552,-0.148,-0.595,1.000,49.355,14.764,-4.197
148.559,-0.148,-0.595,1.000,48.016,14.955,-4.583
148.564,-2.095,-0.744,1.000,45.070,16.783,-3.825
148.570,-4.760,-0.744,1.000,45.326,18.245,-3.885
148.575,-4.760,-0.744,1.000,45.325,20.272,-4.220
148.581,-4.760,-0.744,1.000,45.378,20.816,-4.063
148.587,-12.379,-0.744,1.000,45.961,20.118,-4.140
148.593,-12.379,-0.744,1.000,46.333,19.007,-5.308
148.598,-12.379,-0.744,1.000,44.971,19.870,-5.225
148.604,-12.379,-0.744,1.000,44.680,21.596,-6.273
148.610,-12.379,-0.744,1.000,44.811,21.974,-5.608
148.616,-23.889,-0.893,1.000,44.736,23.036,-5.666
148.621,-25.660,-0.893,1.000,45.770,20.905,-5.240
148.627,-25.660,-0.893,1.000,46.444,19.551,-5.321
148.632,-25.660,-0.893,1.000,45.777,19.282,-4.968
148.638,-32.854,-0.893,1.000,45.417,18.733,-4.863
148.644,-35.563,-0.893,1.000,42.783,19.811,-4.095
148.649,-35.563,-0.893,1.000,43.415,19.352,-3.362
148.655,-35.563,-0.893,1.000,41.410,19.823,-3.285
148.661,-45.304,-0.893,1.000,42.189,18.908,-2.977
148.666,-45.304,-0.893,1.000,41.082,19.253,-4.380
148.672,-45.304,-0.893,1.000,41.917,19.329,-3.799
148.677,-47.597,-0.893,1.000,39.011,20.839,-3.133
148.683,-47.597,-0.893,1.000,36.029,21.003,-1.740
148.689,-47.597,-0.893,1.000,33.534,20.741,-1.042
148.694,-47.597,-0.893,1.000,30.299,21.542,-1.472
148.700,-49.377,-0.893,1.000,29.894,20.383,-1.105
148.706,-49.377,-0.893,1.000,27.992,21.023,-1.863
148.711,-49.377,-0.893,1.000,24.345,23.045,-2.456
148.717,-51.831,-0.893,1.000,23.253,22.707,-2.805
148.722,-51.831,-0.893,1.000,18.119,23.778,-1.989
148.728,-51.831,-0.893,1.000,14.647,24.695,-2.137
148.734,-51.831,-0.893,1.000,12.479,24.919,-1.040
148.739,-52.459,-0.893,1.000,9.603,25.536,0.128
148.745,-52.459,-0.893,1.000,1.997,28.360,1.622
148.750,-52.459,-0.893,1.000,-2.317,30.497,1.198
148.756,-52.459,-0.893,1.000,-7.874,34.416,2.168
148.762,-52.459,-0.893,1.000,-11.540,37.209,1.303
148.767,-52.459,-0.893,1.000,-12.743,37.575,2.476
148.773,-52.459,-0.893,1.000,-15.365,38.745,4.412
148.779,-52.459,-0.893,1.000,-16.534,36.793,4.588
148.784,-52.459,-0.893,1.000,-17.674,36.346,5.090
148.790,-51.831,-0.893,1.000,-19.083,37.014,4.783
148.795,-51.831,-0.893,1.000,-20.237,37.906,6.279
148.801,-52.459,-0.893,1.000,-20.976,36.829,7.126
148.807,-52.459,-0.893,1.000,-22.410,36.671,7.670
148.812,-52.459,-0.893,1.000,-22.633,36.709,8.851
148.818,-52.459,-0.893,1.000,-23.065,34.909,9.678
148.823,-51.831,-0.893,1.000,-21.831,32.504,10.457
148.829,-51.831,-0.893,1.000,-21.808,30.535,11.206
148.835,-51.831,-0.893,1.000,-21.643,28.742,10.625
148.840,-51.831,-0.744,1.000,-19.746,26.496,10.677
148.846,-51.831,-0.744,1.000,-18.539,25.562,11.601
148.852,-51.831,-0.744,1.000,-16.864,25.239,12.248
148.858,-51.831,-0.744,1.000,-17.381,25.846,10.921
148.863,-51.831,-0.744,1.000,-17.924,26.840,11.973
148.869,-51.831,-0.744,1.000,-18.784,28.880,11.788
148.875,-52.459,-0.744,1.000,-19.979,32.457,10.803
148.881,-52.459,-0.744,1.000,-22.508,35.905,9.594
148.886,-52.459,-0.744,1.000,-23.795,38.176,9.501
148.892,-52.459,-0.744,1.000,-22.735,37.278,10.570
148.898,-52.459,-0.744,1.000,-21.385,39.249,10.285
148.903,-52.459,-0.744,1.000,-20.398,40.530,9.958
148.909,-52.459,-0.744,1.000,-20.074,42.325,9.326
148.915,-52.459,-0.744,1.000,-21.002,42.994,9.115
148.921,-52.459,-0.744,1.000,-21.672,45.451,8.649
148.926,-52.459,-0.744,1.000,-21.616,47.106,7.635
148.932,-52.459,-0.744,1.000,-19.624,48.085,8.017
148.938,-52.459,-0.744,1.000,-18.064,48.776,7.551
148.943,-52.459,-0.744,1.000,-17.983,49.815,5.993
148.949,-52.459,-0.744,1.000,-19.284,51.065,5.489
148.955,-52.459,-0.744,1.000,-18.724,52.143,5.322
148.961,-52.459,-0.744,1.000,-19.197,54.268,3.911
148.966,-52.459,-0.744,1.000,-19.087,55.892,3.121
148.972,-53.734,-0.744,1.000,-19.180,56.332,1.440
148.978,-53.734,-0.744,1.000,-20.624,56.208,-0.299
148.984,-53.734,-0.744,1.000,-20.998,56.114,-2.966
148.989,-53.734,-0.744,1.000,-19.148,54.402,-5.159
148.995,-56.356,-0.893,1.000,-18.411,54.237,-6.022
149.001,-58.389,-0.893,1.000,-19.494,53.720,-7.730
149.006,-58.389,-0.893,1.000,-23.012,54.261,-10.118
149.012,-58.389,-0.893,1.000,-24.948,53.473,-11.076
149.017,-77.694,-1.192,1.000,-26.736,50.928,-12.958
149.023,-77.694,-1.192,1.000,-30.576,50.434,-15.392
149.028,-77.694,-1.192,1.000,-32.969,48.557,-16.832
149.034,-77.694,-1.192,1.000,-34.767,46.705,-16.531
149.039,-118.828,-2.859,1.000,-35.888,44.540,-17.122
149.045,-118.828,-2.859,1.000,-38.167,42.080,-18.104
149.051,-118.828,-2.859,1.000,-41.784,41.288,-18.456
149.056,-127.534,-3.169,1.000,-44.490,40.498,-18.034
149.062,-127.534,-3.169,1.000,-46.873,41.998,-17.018
149.068,-127.534,-3.169,1.000,-47.994,43.114,-17.331
149.074,-127.534,-3.169,1.000,-47.259,43.070,-16.097
149.079,-136.739,-4.435,1.000,-49.177,43.716,-14.785
149.085,-136.739,-4.435,1.000,-53.369,44.520,-14.586
149.091,-145.044,-4.597,1.000,-57.643,43.685,-15.079
149.097,-145.044,-4.597,1.000,-61.803,43.178,-15.150
149.102,-145.044,-4.760,1.000,-67.272,44.189,-14.584
149.108,-147.899,-4.760,1.000,-73.697,44.700,-14.948
149.114,-164.414,-4.760,1.000,-78.681,42.511,-15.620
149.119,-164.414,-4.760,1.000,-83.826,42.907,-15.810
149.125,-178.988,-4.760,1.000,-89.861,45.466,-16.306
149.131,-178.988,-4.760,1.000,-95.261,46.079,-15.935
149.136,-200.001,-4.760,1.000,-99.487,47.733,-16.240
149.142,-200.001,-4.760,1.000,-103.316,49.723,-16.993
149.148,-209.315,-4.760,1.000,-105.338,50.202,-15.151
149.154,-209.315,-4.760,1.000,-108.540,51.939,-13.567
149.159,-209.315,-4.760,1.000,-113.216,52.963,-13.994
149.165,-215.066,-5.421,1.000,-116.440,53.738,-13.339
149.171,-215.066,-5.758,1.000,-121.363,54.820,-14.087
149.176,-215.066,-5.758,1.000,-126.776,56.573,-14.748
149.182,-215.066,-5.758,1.000,-129.833,57.001,-15.463
149.188,-215.066,-6.099,1.000,-132.538,59.267,-15.754
149.194,-215.066,-6.099,1.000,-137.098,61.250,-16.065
149.199,-215.066,-6.099,1.000,-139.037,60.815,-15.193
149.205,-215.066,-6.099,1.000,-139.780,59.972,-13.922
149.211,-217.011,-6.445,1.000,-140.876,59.610,-14.317
149.217,-217.011,-6.445,1.000,-141.693,59.470,-14.066
149.222,-215.066,-6.445,1.000,-143.956,59.177,-13.529
149.228,-215.066,-6.445,1.000,-145.454,57.491,-13.606
149.234,-215.066,-6.445,1.000,-148.436,56.782,-12.699
149.240,-215.066,-6.445,1.000,-150.485,55.602,-12.097
149.245,-215.066,-6.445,1.000,-152.073,56.852,-11.870
149.251,-215.066,-6.445,1.000,-153.954,56.400,-11.164
149.257,-187.518,-6.445,1.000,-156.297,56.034,-10.455
149.263,-169.163,-6.974,1.000,-159.118,56.052,-9.778
149.268,-169.163,-6.974,1.000,-161.266,56.372,-8.361
149.274,-169.163,-6.974,1.000,-164.117,57.391,-7.040
149.280,-169.163,-6.974,1.000,-166.134,57.559,-6.257
149.285,-169.163,-6.974,1.000,-168.195,59.029,-3.618
149.291,-169.163,-6.974,1.000,-169.727,61.040,-2.868
149.297,-169.163,-6.974,1.000,-170.586,61.107,-1.652
149.303,-79.434,-9.416,1.000,-170.415,60.982,-2.031
149.309,-67.110,-11.061,1.000,-170.261,63.719,-0.917
149.314,-67.110,-11.061,1.000,-168.824,66.766,-1.178
149.320,-67.110,-11.061,1.000,-167.042,69.706,-1.411
149.326,-40.977,-13.068,1.000,-165.898,71.107,-0.689
149.332,-40.977,-13.068,1.000,-164.463,74.116,1.166
149.337,-40.977,-13.068,1.000,-162.492,77.087,2.432
149.343,-40.977,-13.068,1.000,-158.518,78.474,3.753
149.349,-32.854,-14.018,1.000,-152.177,82.043,4.848
149.354,-31.560,-14.018,1.000,-144.748,84.379,4.792
149.360,-29.896,-14.018,1.000,-137.144,86.558,5.496
149.366,-29.896,-14.018,1.000,-128.976,87.422,5.832
149.371,-29.090,-14.018,1.000,-118.970,87.244,5.708
149.377,-26.025,-14.018,1.000,-107.563,86.806,4.586
149.383,-26.025,-14.018,1.000,-97.947,86.982,3.507
149.388,-26.025,-14.018,1.000,-86.694,86.454,3.333
149.394,-21.242,-14.756,1.000,-77.127,84.388,2.977
149.400,-20.000,-15.007,1.000,-67.812,83.217,3.928
149.405,-20.000,-15.007,1.000,-58.971,81.113,3.476
149.411,-20.000,-15.007,1.000,-50.637,80.194,3.635
149.417,-14.018,-16.038,1.000,-42.304,79.050,3.295
149.423,-10.430,-16.839,1.000,-36.457,77.116,4.607
149.428,-10.430,-16.839,1.000,-30.144,75.918,4.759
149.434,-10.430,-16.839,1.000,-24.621,73.859,5.652
149.440,-6.445,-16.038,1.000,-20.960,72.658,6.218
149.446,-5.254,-16.038,1.000,-18.070,72.041,6.205
149.451,-5.254,-16.038,1.000,-16.183,71.399,5.891
149.457,-5.254,-16.038,1.000,-14.979,72.127,5.505
149.463,-1.341,-16.038,1.000,-13.524,72.337,6.153
149.468,-0.297,-15.776,1.000,-12.535,71.634,5.019
149.474,-0.297,-15.776,1.000,-12.280,72.224,5.031
149.479,-0.297,-15.776,1.000,-12.711,73.279,5.287
149.484,0.000,-17.387,1.000,-13.743,73.127,6.946
149.491,0.000,-17.387,1.000,-15.016,75.467,6.627
149.498,0.000,-17.387,1.000,-15.115,76.681,6.139
149.505,0.000,-16.569,1.000,-13.823,76.460,6.327
149.510,0.000,-16.569,1.000,-12.895,78.230,6.126
149.515,0.000,-16.569,1.000,-12.785,80.403,6.241
149.521,0.000,-16.569,1.000,-10.406,82.119,6.831
149.528,0.000,-16.569,1.000,-6.456,82.434,6.525
149.535,0.000,-16.839,1.000,-2.082,84.285,5.595
149.542,0.000,-16.839,1.000,0.863,85.912,6.611
149.547,0.000,-16.839,1.000,3.561,86.818,6.850
149.553,0.446,-17.111,1.000,6.155,86.757,7.805
149.559,0.446,-17.111,1.000,8.355,85.922,8.468
149.565,1.642,-17.387,1.000,9.016,85.110,9.440
149.570,1.642,-17.387,1.000,10.835,83.497,10.160
149.576,9.416,-19.398,1.000,12.304,81.290,10.572
149.582,9.416,-19.398,1.000,13.928,79.780,10.464
149.587,9.416,-19.398,1.000,15.442,78.583,13.061
149.593,14.018,-21.242,1.000,14.970,78.137,13.026
149.599,14.018,-21.242,1.000,14.947,76.426,13.826
149.605,14.018,-21.242,1.000,15.223,75.126,16.429
149.610,15.776,-21.561,1.000,16.848,74.302,17.547
149.616,15.776,-21.561,1.000,20.224,73.181,18.496
149.622,16.839,-21.883,1.000,23.084,73.107,20.015
149.628,16.839,-21.883,1.000,23.553,72.539,21.344
149.633,16.839,-21.883,1.000,22.733,71.785,23.070
149.639,16.839,-21.883,1.000,23.759,69.899,24.957
149.645,16.839,-22.209,1.000,23.536,68.934,25.635
149.650,16.839,-22.209,1.000,24.601,67.310,26.530
149.656,16.839,-21.883,1.000,25.199,66.168,27.043
149.662,16.839,-21.883,1.000,26.687,66.438,28.077
149.668,16.839,-21.883,1.000,27.986,66.306,28.928
149.673,16.839,-21.883,1.000,30.394,63.963,30.126
149.679,17.111,-21.883,1.000,30.652,62.336,30.389
149.685,17.111,-21.883,1.000,30.089,59.635,30.523
149.690,17.111,-21.883,1.000,31.514,57.201,29.968
149.696,18.231,-21.883,1.000,33.210,54.050,30.152
149.702,18.231,-21.883,1.000,35.152,50.441,29.006
149.708,18.231,-22.870,1.000,37.826,46.912,28.301
149.713,18.231,-22.870,1.000,38.867,44.595,27.548
149.719,18.231,-22.538,1.000,41.208,41.320,28.089
149.725,17.946,-23.546,1.000,41.774,38.682,28.269
149.731,17.946,-23.546,1.000,44.170,35.272,26.854
149.736,17.946,-23.546,1.000,46.122,33.246,25.949
149.742,17.387,-29.491,1.000,47.180,30.612,24.657
149.748,17.111,-33.294,1.000,48.288,27.760,22.997
149.753,17.111,-33.294,1.000,48.227,25.160,20.935
149.759,17.111,-33.294,1.000,51.146,22.194,18.881
149.765,16.839,-42.027,1.000,51.382,19.048,15.595
149.771,16.839,-43.098,1.000,52.338,18.365,13.091
149.776,16.839,-43.098,1.000,52.488,16.684,11.870
149.782,16.839,-43.098,1.000,53.378,15.078,10.659
149.788,17.111,-51.208,1.000,53.817,13.806,9.669
149.793,17.111,-51.208,1.000,54.214,12.894,10.472
149.799,16.839,-59.776,1.000,54.645,13.000,10.120
149.805,16.839,-59.776,1.000,54.898,11.783,9.065
149.811,16.839,-59.776,1.000,55.031,11.653,6.585
149.816,17.111,-88.603,1.000,54.921,11.363,4.916
149.822,17.111,-101.762,1.000,57.283,9.914,4.499
149.828,17.111,-101.762,1.000,57.682,7.898,2.754
149.833,17.111,-101.762,1.000,57.019,6.126,-0.918
149.839,17.111,-126.260,1.000,57.518,4.427,-3.331
149.845,16.839,-136.739,1.000,59.840,1.305,-4.995
149.851,16.839,-136.739,1.000,60.995,-1.671,-7.323
149.856,16.839,-136.739,1.000,60.696,-5.539,-9.532
149.862,15.261,-153.744,1.000,60.406,-9.608,-10.694
149.868,14.018,-156.734,1.000,60.760,-13.361,-10.571
149.874,14.018,-156.734,1.000,61.317,-18.227,-12.790
149.879,14.018,-156.734,1.000,61.492,-21.575,-15.251
149.885,8.068,-158.247,1.000,61.542,-26.559,-15.350
149.891,8.068,-158.247,1.000,62.293,-30.318,-16.012
149.896,6.974,-159.771,1.000,63.046,-36.168,-15.467
149.902,6.272,-159.771,1.000,61.986,-41.010,-15.889
149.908,6.272,-159.771,1.000,60.959,-46.704,-16.904
149.914,6.272,-159.771,1.000,61.518,-51.281,-16.851
149.919,6.272,-167.568,1.000,61.069,-58.060,-18.158
149.925,6.272,-167.568,1.000,61.910,-64.523,-18.505
149.931,6.445,-189.263,1.000,61.634,-70.331,-18.708
149.936,6.445,-189.263,1.000,61.790,-76.725,-18.641
149.942,6.445,-200.001,1.000,60.603,-81.949,-19.642
149.948,6.445,-200.001,1.000,63.038,-87.717,-20.187
149.954,6.445,-200.001,1.000,60.296,-89.012,-21.379
149.959,6.445,-200.001,1.000,48.946,-83.482,-25.896
149.965,6.620,-226.948,1.000,37.472,-76.009,-29.839
149.971,6.620,-226.948,1.000,11.183,-59.860,-41.877
149.977,6.620,-231.022,1.000,-12.154,-39.911,-55.559
149.983,6.620,-231.022,1.000,-52.777,10.528,-62.976
149.988,6.620,-233.081,1.000,-156.069,91.020,-83.298
149.994,6.620,-233.081,1.000,-283.775,189.848,-108.057
150.000,6.620,-233.081,1.000,-383.677,271.354,-122.821
150.006,6.620,-233.081,1.000,-449.205,333.990,-129.561
150.012,6.272,-231.022,1.000,-486.861,374.561,-131.538
150.018,6.272,-231.022,1.000,-502.303,400.348,-128.013
150.023,6.272,-226.948,1.000,-499.711,413.800,-121.892
150.029,6.272,-226.948,1.000,-490.899,422.051,-114.016
150.035,6.272,-226.948,1.000,-478.411,426.086,-106.617
150.041,6.272,-226.948,1.000,-466.043,431.580,-96.406
150.046,6.620,-218.970,1.000,-454.475,435.670,-86.944
150.052,6.620,-218.970,1.000,-446.963,441.039,-77.825
150.058,6.796,-217.011,1.000,-440.434,445.967,-67.955
150.064,6.796,-217.011,1.000,-437.002,449.967,-57.916
150.070,7.515,-213.135,1.000,-433.877,454.334,-48.476
150.075,7.515,-213.135,1.000,-434.203,456.750,-37.577
150.081,7.698,-201.837,1.000,-434.944,458.023,-28.869
150.087,7.698,-201.837,1.000,-436.741,460.145,-18.894
150.092,7.333,-178.988,1.000,-441.200,460.199,-9.263
150.098,7.333,-178.988,1.000,-446.231,463.000,-3.185
150.104,7.153,-167.568,1.000,-452.892,463.244,5.538
150.110,6.796,-155.233,1.000,-459.593,462.862,14.231
150.116,6.796,-135.393,1.000,-466.256,463.862,23.945
150.121,6.796,-135.393,1.000,-474.207,465.006,32.577
150.127,6.620,-130.112,1.000,-480.553,468.926,39.106
150.133,6.620,-130.112,1.000,-486.324,472.376,47.230
150.139,5.758,-112.904,1.000,-492.090,476.569,56.748
150.145,5.758,-112.904,1.000,-498.043,480.514,63.173
150.151,5.421,-107.218,1.000,-503.327,485.501,70.893
150.156,5.421,-107.218,1.000,-506.536,490.689,76.650
150.162,3.014,-91.512,1.000,-509.362,498.001,82.964
150.168,2.247,-85.768,1.000,-511.214,505.136,87.390
150.174,2.247,-85.768,1.000,-512.909,514.065,93.219
150.180,2.247,-85.768,1.000,-514.857,523.150,97.314
150.185,0.148,-52.459,1.000,-515.822,532.983,100.700
150.190,0.148,-52.459,1.000,-516.307,541.448,103.762
150.195,0.000,-47.597,1.000,-516.625,550.988,106.326
150.200,0.000,-47.597,1.000,-517.005,559.047,109.251
150.206,0.000,-47.597,1.000,-517.548,566.674,113.010
150.211,0.000,-44.744,1.000,-519.385,575.542,113.320
150.216,0.000,-44.744,1.000,-520.785,581.552,114.038
150.221,0.000,-44.744,1.000,-522.978,587.949,112.842
150.226,0.000,-44.744,1.000,-525.128,593.233,109.905
150.231,0.000,-34.642,1.000,-528.919,597.161,106.396
150.236,0.000,-34.642,1.000,-528.198,596.439,100.848
150.241,0.000,-34.642,1.000,-521.607,590.798,95.632
150.246,0.000,-23.546,1.000,-489.486,547.024,119.431
150.252,0.000,-23.546,1.000,-384.623,428.993,226.001
150.257,0.000,-23.546,1.000,-285.558,294.944,318.166
150.262,0.000,-23.546,1.000,-227.939,198.157,383.122
150.267,0.000,-23.546,1.000,-199.659,146.687,435.568
150.272,0.000,-19.398,1.000,-181.281,120.134,478.161
150.277,0.000,-19.398,1.000,-160.648,98.522,511.698
150.283,0.000,-19.398,1.000,-141.563,83.339,536.528
150.288,0.000,-16.302,1.000,-122.056,69.493,557.516
150.293,0.000,-15.007,1.000,-99.962,55.069,572.721
150.298,0.000,-15.007,1.000,-80.053,44.625,584.140
150.303,0.000,-13.302,1.000,-57.546,33.164,593.041
150.308,0.000,-13.302,1.000,-47.367,28.697,596.069
150.313,0.000,-13.302,1.000,-47.367,28.697,596.069
150.319,0.000,-13.302,1.000,-47.367,28.697,596.069
150.324,0.000,-13.302,1.000,-47.367,28.697,596.069
150.330,0.000,-13.302,1.000,-47.367,28.697,596.069
150.335,0.000,-13.302,1.000,-47.367,28.697,596.069
150.340,0.000,-13.302,1.000,-47.367,28.697,596.069
150.346,0.000,-13.302,1.000,-47.367,28.697,596.069
150.351,0.000,-13.302,1.000,-47.367,28.697,596.069
150.356,0.000,-13.302,1.000,-47.367,28.697,596.069
150.361,0.000,-13.302,1.000,-47.367,28.697,596.069
150.367,0.000,-13.302,1.000,-47.367,28.697,596.069
150.372,0.000,-13.302,1.000,-47.367,28.697,596.069
150.377,0.000,-13.302,1.000,-47.367,28.697,596.069
150.383,0.000,-13.302,1.000,-47.367,28.697,596.069
150.388,0.000,-13.302,1.000,-47.367,28.697,596.069
150.393,0.000,-13.302,1.000,-47.367,28.697,596.069
150.399,0.000,-13.302,1.000,-47.367,28.697,596.069
150.404,0.000,-13.302,1.000,-47.367,28.697,596.069
150.409,0.000,-13.302,1.000,-47.367,28.697,596.069
150.414,0.000,-13.302,1.000,-47.367,28.697,596.069
150.420,0.000,-13.302,1.000,-47.367,28.697,596.069
150.425,0.000,-13.302,1.000,-47.367,28.697,596.069
150.430,0.000,-13.302,1.000,-47.367,28.697,596.069
150.436,0.000,-13.302,1.000,-47.367,28.697,596.069
150.441,0.000,-13.302,1.000,-47.367,28.697,596.069
150.446,0.000,-13.302,1.000,-47.367,28.697,596.069
150.452,0.000,-13.302,1.000,-47.367,28.697,596.069
150.457,0.000,-13.302,1.000,-47.367,28.697,596.069
150.462,0.000,-13.302,1.000,-47.367,28.697,596.069
150.468,0.000,-13.302,1.000,-47.367,28.697,596.069
150.473,0.000,-13.302,1.000,-47.367,28.697,596.069
150.479,0.000,-13.302,1.000,-47.367,28.697,596.069
150.484,0.000,-13.302,1.000,-47.367,28.697,596.069
150.489,0.000,-13.302,1.000,-47.367,28.697,596.069
150.495,0.000,-13.302,1.000,-47.367,28.697,596.069
150.500,0.000,-13.302,1.000,-47.367,28.697,596.069
150.505,0.000,-13.302,1.000,-47.367,28.697,596.069
150.511,0.000,-13.302,1.000,-47.367,28.697,596.069
150.516,0.000,-13.302,1.000,-47.367,28.697,596.069
150.521,0.000,-13.302,1.000,-47.367,28.697,596.069
150.527,0.000,-13.302,1.000,-47.367,28.697,596.069
150.532,0.000,-13.302,1.000,-47.367,28.697,596.069
150.538,0.000,-13.302,1.000,-47.367,28.697,596.069
150.543,0.000,-13.302,1.000,-47.367,28.697,596.069
150.549,0.000,-13.302,1.000,-47.367,28.697,596.069
150.554,0.000,-13.302,1.000,-47.367,28.697,596.069
150.559,0.000,-13.302,1.000,-47.367,28.697,596.069
150.565,0.000,-13.302,1.000,-47.367,28.697,596.069
150.570,0.000,-13.302,1.000,-47.367,28.697,596.069
150.576,0.000,-13.302,1.000,-47.367,28.697,596.069
150.581,0.000,-13.302,1.000,-47.367,28.697,596.069
150.586,0.000,-13.302,1.000,-47.367,28.697,596.069
150.592,0.000,-13.302,1.000,-47.367,28.697,596.069
150.597,0.000,-13.302,1.000,-47.367,28.697,596.069
150.603,0.000,-13.302,1.000,-47.367,28.697,596.069
150.608,0.000,-13.302,1.000,-47.367,28.697,596.069
150.613,0.000,-13.302,1.000,-47.367,28.697,596.069
150.619,0.000,-13.302,1.000,-47.367,28.697,596.069
150.624,0.000,-13.302,1.000,-47.367,28.697,596.069
150.629,0.000,-13.302,1.000,-47.367,28.697,596.069
150.635,0.000,-13.302,1.000,-47.367,28.697,596.069
150.640,0.000,-13.302,1.000,-47.367,28.697,596.069
150.646,0.000,-13.302,1.000,-47.367,28.697,596.069
150.651,0.000,-13.302,1.000,-47.367,28.697,596.069
150.656,0.000,-13.302,1.000,-47.367,28.697,596.069
150.662,0.000,-13.302,1.000,-47.367,28.697,596.069
150.667,0.000,-13.302,1.000,-47.367,28.697,596.069
150.672,0.000,-13.302,1.000,-47.367,28.697,596.069
150.677,0.000,-13.302,1.000,-47.367,28.697,596.069
150.683,0.000,-13.302,1.000,-47.367,28.697,596.069
150.688,0.000,-13.302,1.000,-47.367,28.697,596.069
150.693,0.000,-13.302,1.000,-47.367,28.697,596.069
150.698,0.000,-13.302,1.000,-47.367,28.697,596.069
150.704,0.000,-13.302,1.000,-47.367,28.697,596.069
150.709,0.000,-13.302,1.000,-47.367,28.697,596.069
150.714,0.000,-13.302,1.000,-47.367,28.697,596.069
150.719,0.000,-13.302,1.000,-47.367,28.697,596.069
150.724,0.000,-13.302,1.000,-47.367,28.697,596.069
150.729,0.000,-13.302,1.000,-47.367,28.697,596.069
150.734,0.000,-13.302,1.000,-47.367,28.697,596.069
150.740,0.000,-13.302,1.000,-47.367,28.697,596.069
150.745,0.000,-13.302,1.000,-47.367,28.697,596.069
150.750,0.000,-13.302,1.000,-47.367,28.697,596.069
150.755,0.000,-13.302,1.000,-47.367,28.697,596.069
150.760,0.000,-13.302,1.000,-47.367,28.697,596.069
150.765,0.000,-13.302,1.000,-47.367,28.697,596.069
150.770,0.000,-13.302,1.000,-47.367,28.697,596.069
150.775,0.000,-13.302,1.000,-47.367,28.697,596.069
150.781,0.000,-13.302,1.000,-47.367,28.697,596.069
150.786,0.000,-13.302,1.000,-47.367,28.697,596.069
150.791,0.000,-13.302,1.000,-47.367,28.697,596.069
150.796,0.000,-13.302,1.000,-47.367,28.697,596.069
150.801,0.000,-13.302,1.000,-47.367,28.697,596.069
150.806,0.000,-13.302,1.000,-47.367,28.697,596.069
150.811,0.000,-13.302,1.000,-47.367,28.697,596.069
150.816,0.000,-13.302,1.000,-47.367,28.697,596.069
150.821,0.000,-13.302,1.000,-47.367,28.697,596.069
150.826,0.000,-13.302,1.000,-47.367,28.697,596.069
150.831,0.000,-13.302,1.000,-47.367,28.697,596.069
150.836,0.000,-13.302,1.000,-47.367,28.697,596.069
150.841,0.000,-13.302,1.000,-47.367,28.697,596.069
150.846,0.000,-13.302,1.000,-47.367,28.697,596.069
150.852,0.000,-13.302,1.000,-47.367,28.697,596.069
150.857,0.000,-13.302,1.000,-47.367,28.697,596.069
150.862,0.000,-13.302,1.000,-47.367,28.697,596.069
150.867,0.000,-13.302,1.000,-47.367,28.697,596.069
150.872,0.000,-13.302,1.000,-47.367,28.697,596.069
150.877,0.000,-13.302,1.000,-47.367,28.697,596.069
150.882,0.000,-13.302,1.000,-47.367,28.697,596.069
150.887,0.000,-13.302,1.000,-47.367,28.697,596.069
150.892,0.000,-13.302,1.000,-47.367,28.697,596.069
150.897,0.000,-13.302,1.000,-47.367,28.697,596.069
150.902,0.000,-13.302,1.000,-47.367,28.6