R
Px,Ix,Dx,Py,Iy,Dy,Pz,Iz,FFrx,FFry,FFdrx,FFdry,satI,satPID,DTermC,GparamC,AparamC,KFQAng,KFQbias,KFRmeas,CPx,CIx,CPy,CIy,CsatI,CsatPID,CFFdrx,CFFdry,CFalpha,FFDTermC,IRelaxR,IRelaxE,DmaxR,DmaxE,DMx,DMy
470,0,150,470,0,150,500,150,0,0,0,0,7,75,10,10.0,64.0,0.000100,0.003000,50,30,0,30,0,75,300,0,0,0.995,10.000,300,100,300,100,150,150
sysTime,PIDRefX,PIDRefY,PIDRefZ,PIDSensX,PIDSensY,PIDSensZ
144.844,0.000,0.148,4.000,-23.268,6.739,4.027
144.849,0.000,0.148,4.000,-23.268,6.739,4.027
144.854,0.000,0.148,4.000,-23.268,6.739,4.027
144.860,0.000,0.148,4.000,-23.268,6.739,4.027
144.865,0.000,0.148,4.000,-23.268,6.739,4.027
144.870,0.000,0.148,4.000,-23.268,6.739,4.027
144.875,0.000,0.148,4.000,-23.268,6.739,4.027
144.880,0.000,0.148,4.000,-23.268,6.739,4.027
144.885,0.000,0.148,4.000,-23.268,6.739,4.027
144.890,0.000,0.148,4.000,-23.268,6.739,4.027
144.895,0.000,0.148,4.000,-23.268,6.739,4.027
144.900,0.000,0.148,4.000,-23.268,6.739,4.027
144.905,0.000,0.148,4.000,-23.268,6.739,4.027
144.910,0.000,0.148,4.000,-23.268,6.739,4.027
144.916,0.000,0.148,4.000,-23.268,6.739,4.027
144.921,0.000,0.148,4.000,-23.268,6.739,4.027
144.926,0.000,0.148,4.000,-23.268,6.739,4.027
144.931,0.000,0.148,4.000,-23.268,6.739,4.027
144.936,0.000,0.148,4.000,-23.268,6.739,4.027
144.941,0.000,0.148,4.000,-23.268,6.739,4.027
144.946,0.000,0.148,4.000,-23.268,6.739,4.027
144.951,0.000,0.148,4.000,-23.268,6.739,4.027
144.956,0.000,0.148,4.000,-23.268,6.739,4.027
144.961,0.000,0.148,4.000,-23.268,6.739,4.027
144.967,0.000,0.148,4.000,-23.268,6.739,4.027
144.972,0.000,0.148,4.000,-23.268,6.739,4.027
144.977,0.000,0.148,4.000,-23.268,6.739,4.027
144.982,0.000,0.148,4.000,-23.268,6.739,4.027
144.987,0.000,0.148,4.000,-23.268,6.739,4.027
144.992,0.000,0.148,4.000,-23.268,6.739,4.027
144.997,0.000,0.148,4.000,-23.268,6.739,4.027
145.002,0.000,0.148,4.000,-23.268,6.739,4.027
145.007,0.000,0.148,4.000,-23.268,6.739,4.027
145.012,0.000,0.148,4.000,-23.268,6.739,4.027
145.017,0.000,0.148,4.000,-23.268,6.739,4.027
145.023,0.000,0.148,4.000,-23.268,6.739,4.027
145.028,0.000,0.148,4.000,-23.268,6.739,4.027
145.033,0.000,0.148,4.000,-23.268,6.739,4.027
145.038,0.000,0.148,4.000,-23.268,6.739,4.027
145.043,0.000,0.148,4.000,-23.268,6.739,4.027
145.048,0.000,0.148,4.000,-23.268,6.739,4.027
145.053,0.000,0.148,4.000,-23.268,6.739,4.027
145.058,0.000,0.148,4.000,-23.268,6.739,4.027
145.063,0.000,0.148,4.000,-23.268,6.739,4.027
145.068,0.000,0.148,4.000,-23.268,6.739,4.027
145.073,0.000,0.148,4.000,-23.268,6.739,4.027
145.079,0.000,0.148,4.000,-23.268,6.739,4.027
145.084,0.000,0.148,4.000,-23.268,6.739,4.027
145.089,0.000,0.148,4.000,-23.268,6.739,4.027
145.094,0.000,0.148,4.000,-23.268,6.739,4.027
145.099,0.000,0.148,4.000,-23.268,6.739,4.027
145.104,0.000,0.148,4.000,-23.268,6.739,4.027
145.109,0.000,0.148,4.000,-23.268,6.739,4.027
145.114,0.000,0.148,4.000,-23.268,6.739,4.027
145.119,0.000,0.148,4.000,-23.268,6.739,4.027
145.125,0.000,0.148,4.000,-23.268,6.739,4.027
145.130,0.000,0.148,4.000,-23.268,6.739,4.027
145.135,0.000,0.148,4.000,-23.268,6.739,4.027
145.140,0.000,0.148,4.000,-23.268,6.739,4.027
145.145,0.000,0.148,4.000,-23.268,6.739,4.027
145.150,0.000,0.148,4.000,-23.268,6.739,4.027
145.155,0.000,0.148,4.000,-23.268,6.739,4.027
145.160,0.000,0.148,4.000,-23.268,6.739,4.027
145.165,0.000,0.148,4.000,-23.268,6.739,4.027
145.170,0.000,0.148,4.000,-23.268,6.739,4.027
145.176,0.000,0.148,4.000,-23.268,6.739,4.027
145.181,0.000,0.148,4.000,-23.268,6.739,4.027
145.186,0.000,0.148,4.000,-23.268,6.739,4.027
145.191,0.000,0.148,4.000,-23.268,6.739,4.027
145.196,0.000,0.148,4.000,-23.268,6.739,4.027
145.201,0.000,0.148,4.000,-23.268,6.739,4.027
145.206,0.000,0.148,4.000,-23.268,6.739,4.027
145.211,0.000,0.148,4.000,-23.268,6.739,4.027
145.216,0.000,0.148,4.000,-23.268,6.739,4.027
145.221,0.000,0.148,4.000,-23.268,6.739,4.027
145.227,0.000,0.148,4.000,-23.268,6.739,4.027
145.232,0.000,0.148,4.000,-23.268,6.739,4.027
145.237,0.000,0.148,4.000,-23.268,6.739,4.027
145.242,0.000,0.148,4.000,-23.268,6.739,4.027
145.247,0.000,0.148,4.000,-23.268,6.739,4.027
145.252,0.000,0.148,4.000,-23.268,6.739,4.027
145.257,0.000,0.148,4.000,-23.268,6.739,4.027
145.262,0.000,0.148,4.000,-23.268,6.739,4.027
145.267,0.000,0.148,4.000,-23.268,6.739,4.027
145.272,0.000,0.148,4.000,-23.268,6.739,4.027
145.277,0.000,0.148,4.000,-23.268,6.739,4.027
145.283,0.000,0.148,4.000,-23.268,6.739,4.027
145.288,0.000,0.148,4.000,-23.268,6.739,4.027
145.293,0.000,0.148,4.000,-23.268,6.739,4.027
145.298,0.000,0.148,4.000,-23.268,6.739,4.027
145.303,0.000,0.148,4.000,-23.268,6.739,4.027
145.308,0.000,0.148,4.000,-23.268,6.739,4.027
145.313,0.000,0.148,4.000,-23.268,6.739,4.027
145.318,0.000,0.148,4.000,-23.268,6.739,4.027
145.323,0.000,0.148,4.000,-23.268,6.739,4.027
145.328,0.000,0.148,4.000,-23.268,6.739,4.027
145.334,0.000,0.148,4.000,-23.268,6.739,4.027
145.339,0.000,0.148,4.000,-23.268,6.739,4.027
145.344,0.000,0.148,4.000,-23.268,6.739,4.027
145.349,0.000,0.148,4.000,-23.268,6.739,4.027
145.354,0.000,0.148,4.000,-23.268,6.739,4.027
145.359,0.000,0.148,4.000,-23.268,6.739,4.027
145.364,0.000,0.148,4.000,-23.268,6.739,4.027
145.369,0.000,0.148,4.000,-23.268,6.739,4.027
145.374,0.000,0.148,4.000,-23.268,6.739,4.027
145.379,0.000,0.148,4.000,-23.268,6.739,4.027
145.384,0.000,0.148,4.000,-23.268,6.739,4.027
145.390,0.000,0.148,4.000,-23.268,6.739,4.027
145.395,0.000,0.148,4.000,-23.268,6.739,4.027
145.400,0.000,0.148,4.000,-23.268,6.739,4.027
145.405,0.000,0.148,4.000,-23.268,6.739,4.027
145.410,0.000,0.148,4.000,-23.268,6.739,4.027
145.415,0.000,0.148,4.000,-23.268,6.739,4.027
145.420,0.000,0.148,4.000,-23.268,6.739,4.027
145.425,0.000,0.148,4.000,-23.268,6.739,4.027
145.430,0.000,0.148,4.000,-23.268,6.739,4.027
145.435,0.000,0.148,4.000,-23.268,6.739,4.027
145.441,0.000,0.148,4.000,-23.268,6.739,4.027
145.446,0.000,0.148,4.000,-23.268,6.739,4.027
145.451,0.000,0.148,4.000,-23.268,6.739,4.027
145.456,0.000,0.148,4.000,-23.268,6.739,4.027
145.461,0.000,0.148,4.000,-23.268,6.739,4.027
145.466,0.000,0.148,4.000,-23.268,6.739,4.027
145.471,0.000,0.148,4.000,-23.268,6.739,4.027
145.476,0.000,0.148,4.000,-23.268,6.739,4.027
145.481,0.000,0.148,4.000,-23.268,6.739,4.027
145.486,0.000,0.148,4.000,-23.268,6.739,4.027
145.491,0.000,0.148,4.000,-23.268,6.739,4.027
145.497,0.000,0.148,4.000,-23.268,6.739,4.027
145.503,0.000,-0.446,0.000,0.559,-1.407,-1.272
145.509,0.000,-0.446,0.000,-0.384,-0.392,-1.660
145.516,0.000,-0.446,0.000,-1.606,-0.054,-1.474
145.522,0.000,-0.446,0.000,-0.319,0.263,-0.447
145.528,0.000,-0.446,0.000,-0.051,0.069,-0.558
145.535,0.000,-0.446,0.000,0.555,-0.365,0.513
145.541,0.000,-0.446,0.000,0.732,-0.405,0.003
145.548,0.000,-0.446,0.000,0.026,0.257,-0.487
145.554,0.000,-0.446,0.000,0.072,-0.279,0.064
145.561,0.000,-0.297,0.000,-0.464,-0.647,0.302
145.567,0.000,-0.297,0.000,0.315,-0.836,1.100
145.573,0.000,-0.297,0.000,-0.181,0.003,0.345
145.580,0.000,-0.446,0.000,-0.008,-0.680,0.389
145.586,0.000,-0.297,0.000,0.066,-0.434,0.267
145.592,0.000,-0.297,0.000,-0.166,0.317,-0.113
145.598,0.000,-0.446,0.000,-1.325,-0.048,-0.682
145.605,0.000,-0.446,0.000,0.331,-0.049,-0.414
145.611,0.000,-0.446,0.000,0.149,-1.013,0.157
145.618,0.000,-0.446,0.000,0.702,-0.379,0.902
145.624,0.000,-0.446,0.000,-0.250,0.414,0.061
145.631,0.000,-0.446,0.000,-0.080,-1.220,0.902
145.637,0.000,-0.446,0.000,0.579,-1.021,1.066
145.644,0.000,-0.446,0.000,0.385,0.090,1.387
145.650,0.000,-0.446,0.000,0.114,-0.057,1.994
145.656,0.000,-0.446,0.000,-0.174,0.323,2.485
145.663,0.000,-0.446,0.000,0.349,0.182,0.534
145.669,0.000,-0.446,0.000,0.850,0.007,1.544
145.676,0.000,-0.446,0.000,0.749,-0.636,1.610
145.682,0.000,-0.446,0.000,0.925,-1.573,1.148
145.689,0.000,-0.446,0.000,0.645,-1.113,1.017
145.695,0.000,-0.446,0.000,0.107,-0.506,1.891
145.702,0.000,-0.446,0.000,0.631,-1.231,0.641
145.708,0.000,-0.446,0.000,0.116,-1.241,-0.236
145.715,0.000,-0.446,0.000,0.017,-0.841,1.800
145.721,0.000,-0.446,0.000,0.386,-1.525,1.274
145.728,0.000,-0.446,0.000,1.191,-2.301,0.781
145.734,0.000,-0.446,0.000,1.452,-1.060,0.592
145.741,0.000,-0.446,0.000,1.864,-1.142,2.424
145.747,0.000,-0.446,0.000,1.135,-1.971,2.015
145.754,0.000,-0.446,0.000,1.296,-1.778,0.866
145.760,0.000,-0.446,0.000,1.400,-0.783,-0.034
145.767,0.000,-0.446,0.000,1.847,0.123,0.085
145.773,0.000,-0.446,0.000,2.205,1.140,0.023
145.780,0.000,-0.446,0.000,1.708,0.544,0.020
145.786,0.000,-0.446,0.000,0.054,-0.199,-0.236
145.793,0.000,-0.446,0.000,-0.077,-0.788,0.531
145.799,0.000,-0.446,0.000,1.209,-0.700,1.118
145.806,0.000,-0.446,0.000,1.355,0.008,1.225
145.812,0.000,-0.446,0.000,0.469,-0.429,1.191
145.819,0.000,-0.446,0.000,0.852,-0.515,0.381
145.825,0.000,-0.446,0.000,0.736,-0.458,1.884
145.832,0.000,-0.446,0.000,0.290,-0.070,1.104
145.838,0.000,-0.446,0.000,-0.250,-0.441,1.447
145.845,0.000,-0.446,0.000,-0.906,0.550,1.046
145.851,0.000,-0.446,0.000,-0.070,0.841,0.788
145.858,0.000,-0.446,0.000,0.912,0.102,1.527
145.864,0.000,-0.446,0.000,0.892,0.231,0.341
145.871,0.000,-0.446,0.000,0.478,0.263,1.234
145.877,0.000,-0.446,0.000,0.102,1.056,0.387
145.883,0.000,-0.446,0.000,-0.239,0.959,0.809
145.890,0.000,-0.446,0.000,-0.418,0.522,0.018
145.896,0.000,-0.446,0.000,-0.264,0.490,0.602
145.903,0.000,-0.446,0.000,0.130,-0.083,0.816
145.909,0.000,-0.446,0.000,-0.582,-0.415,-1.188
145.916,0.000,-0.446,0.000,-0.360,-0.859,0.338
145.922,0.000,-0.446,0.000,-0.349,-1.654,-0.728
145.929,0.000,-0.446,0.000,-0.702,-1.443,-0.189
145.935,0.000,-0.446,0.000,-0.526,-1.403,-1.471
145.942,0.000,-0.446,0.000,-0.411,-1.036,0.618
145.948,0.000,-0.446,0.000,0.078,-1.387,0.501
145.955,0.000,-0.446,0.000,0.198,-1.891,1.059
145.961,0.000,-0.446,0.000,0.653,-0.514,0.915
145.968,0.000,-0.446,0.000,0.280,-0.555,1.398
145.974,0.000,-0.446,0.000,1.048,-1.099,2.528
145.981,0.000,-0.446,0.000,1.051,-1.044,2.038
145.987,0.000,-0.446,0.000,0.760,-1.376,1.677
145.994,0.000,-0.446,0.000,0.793,0.005,0.470
146.000,0.000,-0.446,0.000,0.273,-0.589,0.255
146.007,0.000,-0.446,0.000,0.541,-0.936,-0.253
146.013,0.000,-0.446,0.000,0.071,-0.158,0.453
146.020,0.000,-0.446,0.000,-0.167,-0.237,-0.314
146.026,0.000,-0.446,0.000,-0.543,-0.341,0.802
146.033,0.000,-0.446,0.000,0.642,-0.367,0.877
146.039,0.000,-0.446,0.000,-0.432,-0.250,-0.120
146.045,0.000,-0.446,0.000,0.493,-0.081,0.585
146.052,0.000,-0.446,0.000,1.474,-0.689,0.473
146.059,0.000,-0.446,0.000,0.837,0.350,-0.239
146.065,0.000,-0.446,0.000,0.797,0.002,0.701
146.071,0.000,-0.297,0.000,1.172,0.023,-0.122
146.077,0.000,-0.297,0.000,-0.590,-0.040,0.465
146.084,0.000,-0.297,0.000,-0.640,-0.164,0.025
146.090,0.000,-0.297,0.000,-0.930,0.072,0.115
146.096,0.000,-0.297,0.000,0.266,-0.672,0.742
146.102,0.000,-0.297,0.000,-0.166,-0.227,-0.282
146.108,0.000,-0.297,0.000,0.063,-0.261,0.569
146.114,0.000,-0.297,0.000,-0.049,1.085,0.486
146.121,0.000,-0.297,0.000,0.848,0.130,0.880
146.127,0.000,-0.297,0.000,0.290,0.215,0.522
146.133,0.000,-0.297,0.000,-0.472,1.012,1.002
146.139,0.000,-0.297,0.000,-0.561,0.647,0.058
146.145,0.148,-0.297,0.000,-0.629,0.506,0.171
146.151,0.148,-0.297,0.000,-0.143,-0.067,1.419
146.158,0.148,-0.297,0.000,-1.088,0.554,0.450
146.164,0.148,-0.297,0.000,-1.060,0.024,-0.204
146.170,0.148,-0.297,0.000,-1.956,-0.745,-0.825
146.176,0.148,-0.297,0.000,-0.842,-0.271,0.882
146.182,0.148,-0.297,0.000,-1.908,1.223,-0.005
146.189,0.148,-0.297,0.000,-1.087,1.279,-0.358
146.195,0.148,-0.297,0.000,-0.577,1.501,-0.106
146.201,0.148,-0.297,0.000,0.513,1.582,-0.281
146.207,0.148,-0.297,0.000,1.856,0.195,0.215
146.213,0.148,-0.297,0.000,1.679,-0.279,-0.419
146.219,0.148,-0.297,0.000,1.661,0.043,0.444
146.226,0.148,-0.297,0.000,0.747,0.322,0.734
146.232,0.148,-0.297,0.000,0.903,0.803,0.812
146.238,0.148,-0.297,0.000,0.574,0.719,0.634
146.244,0.148,-0.297,0.000,0.897,0.492,1.849
146.250,0.148,-0.297,0.000,1.107,0.322,0.868
146.257,0.148,-0.297,0.000,0.575,0.491,0.740
146.263,0.148,-0.297,0.000,0.957,0.229,-0.097
146.269,0.148,-0.297,0.000,0.173,0.692,0.341
146.275,0.148,-0.297,0.000,1.297,0.044,0.376
146.281,0.148,-0.297,0.000,0.055,1.188,1.744
146.287,0.148,-0.297,0.000,0.206,1.301,1.170
146.294,0.148,-0.297,0.000,1.389,0.979,1.313
146.300,0.148,-0.297,0.000,1.135,0.989,1.152
146.306,0.000,-0.297,0.000,1.059,0.357,0.949
146.312,0.000,-0.297,0.000,-0.564,-0.087,1.228
146.318,0.000,-0.297,0.000,-0.986,1.200,1.103
146.324,0.000,-0.297,0.000,-1.473,0.480,0.786
146.331,0.000,-0.297,0.000,-2.789,0.558,1.769
146.337,0.000,-0.297,0.000,-2.185,0.523,0.573
146.343,0.000,-0.297,0.000,-1.030,-0.082,0.601
146.349,0.000,-0.297,0.000,-1.850,1.306,0.669
146.355,0.000,-0.297,0.000,-0.759,1.776,1.219
146.362,0.000,-0.297,0.000,-0.704,0.588,0.450
146.368,0.000,-0.297,0.000,-1.332,0.136,-0.207
146.374,0.000,-0.297,0.000,-2.452,1.454,-1.783
146.380,0.000,-0.297,0.000,-2.711,0.834,-1.855
146.386,0.000,-0.297,0.000,-3.098,1.923,-2.457
146.392,0.000,-0.297,0.000,-1.508,0.411,-0.598
146.399,0.000,-0.297,0.000,0.397,-0.009,-0.334
146.405,0.000,-0.297,0.000,0.377,-1.072,-0.654
146.411,0.000,-0.297,0.000,-0.583,-0.439,-2.146
146.417,0.000,-0.446,0.000,-0.515,-0.346,-2.503
146.424,0.000,-0.446,0.000,-0.191,-1.968,1.150
146.430,0.000,-0.446,0.000,0.351,-0.046,1.411
146.437,0.000,-0.297,0.000,0.641,-0.335,2.302
146.443,0.000,-0.297,0.000,1.448,0.104,2.405
146.449,0.000,-0.446,0.000,1.441,-0.831,1.064
146.456,0.000,-0.297,0.000,-0.068,-0.982,-1.075
146.462,0.000,-0.297,0.000,-0.600,-0.141,-2.471
146.468,0.000,-0.297,0.000,0.044,-0.442,-2.143
146.474,0.000,-0.297,0.000,0.956,-0.039,0.812
146.481,0.000,-0.297,0.000,2.106,0.954,1.086
146.487,0.000,-0.446,0.000,1.386,1.449,1.609
146.494,0.000,-0.446,0.000,1.281,2.532,1.768
146.500,0.000,-0.446,0.000,1.028,2.420,1.993
146.507,0.000,-0.446,0.000,0.714,2.010,2.249
146.513,0.000,-0.446,0.000,0.445,1.441,2.889
146.520,0.000,-0.446,0.000,-0.298,0.431,4.495
146.526,0.000,-0.446,0.000,-0.765,-0.849,5.308
146.533,0.000,-0.446,0.000,-1.972,-1.647,4.997
146.538,0.000,-0.446,0.000,0.523,-2.916,5.743
146.544,0.000,-0.446,0.000,1.955,-3.475,6.172
146.551,0.000,-0.446,0.000,1.261,-3.009,7.433
146.557,0.000,-0.446,0.000,-1.488,1.098,8.558
146.564,0.000,-0.446,0.000,-0.567,5.352,7.704
146.570,0.000,-0.446,0.000,-0.701,8.765,7.100
146.577,0.000,-0.446,0.000,-2.189,10.934,6.513
146.583,0.000,-0.446,0.000,-2.918,12.525,5.996
146.590,0.000,-0.446,0.000,-1.312,13.282,6.710
146.597,0.000,-0.446,0.000,1.213,12.580,7.571
146.603,0.000,-0.446,0.000,1.041,9.827,8.202
146.610,0.000,-0.446,0.000,5.187,10.765,6.082
146.616,0.000,-0.446,0.000,4.548,11.424,6.320
146.623,0.000,-0.446,0.000,2.155,12.325,6.397
146.630,0.000,-0.446,0.000,3.042,14.107,5.636
146.636,0.000,-0.446,0.000,4.065,10.029,6.888
146.643,0.000,-0.446,0.000,4.388,9.289,5.666
146.649,0.000,-0.446,0.000,5.958,8.278,6.352
146.656,0.000,-0.446,0.000,3.862,7.634,6.107
146.662,0.000,-0.446,0.000,5.157,9.013,4.549
146.669,0.000,-0.446,0.000,5.009,9.882,4.884
146.676,0.000,-0.446,0.000,7.955,9.579,2.184
146.681,0.000,-0.446,0.000,4.660,13.649,0.874
146.687,0.000,-0.446,0.000,3.274,15.112,0.591
146.694,0.000,-0.446,0.000,2.429,13.440,0.552
146.700,0.000,-0.446,0.000,2.141,11.499,0.061
146.707,0.000,-0.446,0.000,0.038,10.022,-1.756
146.713,0.000,-0.446,0.000,-2.471,8.930,-2.670
146.720,0.000,-0.446,0.000,-2.194,8.398,-4.138
146.726,0.000,-0.446,0.000,-3.148,8.943,-6.524
146.733,0.000,-0.446,0.000,-4.634,11.630,-6.130
146.739,0.000,-0.446,0.000,-6.125,12.743,-5.636
146.746,0.000,-0.446,0.000,-5.043,10.495,-5.268
146.753,0.000,-0.446,0.000,-4.289,9.826,-4.818
146.759,0.000,-0.446,0.000,-3.055,10.406,-3.695
146.766,0.000,-0.446,0.000,-1.763,12.195,-5.024
146.772,0.000,-0.446,0.000,-0.470,10.753,-4.570
146.779,0.000,-0.595,0.000,0.409,12.639,-4.909
146.785,0.000,-0.595,0.000,1.087,9.758,-5.082
146.791,0.000,-0.595,0.000,0.897,9.196,-5.198
146.798,0.000,-0.595,0.000,1.397,8.572,-6.939
146.804,0.000,-0.595,0.000,2.044,6.989,-8.296
146.810,0.000,-0.595,0.000,1.770,8.162,-8.261
146.816,0.000,-0.595,0.000,1.425,7.507,-8.884
146.823,0.000,-0.595,0.000,2.285,7.998,-8.341
146.829,0.000,-0.595,0.000,2.151,9.062,-7.447
146.835,0.000,-0.595,0.000,2.380,8.964,-3.810
146.841,0.000,-0.595,0.000,1.635,8.690,-2.080
146.848,0.000,-0.595,0.000,0.250,9.758,-1.232
146.854,0.000,-0.595,0.000,-0.342,10.096,0.338
146.860,0.000,-0.595,0.000,-0.038,10.505,1.397
146.866,0.000,-0.595,0.000,-0.788,10.589,1.349
146.873,0.000,-0.595,0.000,-1.226,9.557,0.714
146.879,0.000,-0.595,0.000,-2.465,8.669,1.451
146.885,0.000,-0.595,0.000,-0.100,8.210,1.959
146.892,0.000,-0.595,0.000,1.968,9.256,3.720
146.898,0.000,-0.595,0.000,1.210,9.260,3.557
146.904,0.000,-0.595,0.000,2.191,11.492,3.727
146.910,0.000,-0.595,0.000,2.118,12.227,3.008
146.917,0.000,-0.595,0.000,2.286,13.968,3.528
146.923,0.000,-0.595,0.000,1.874,11.686,3.007
146.929,0.000,-0.595,0.000,2.450,9.993,1.601
146.936,0.000,-0.595,0.000,2.298,7.661,0.179
146.942,0.000,-0.893,0.000,2.088,6.224,-0.920
146.948,0.000,-0.893,0.000,0.910,5.601,-1.940
146.955,0.000,-1.042,0.000,0.600,4.024,-0.969
146.960,0.000,-1.042,0.000,-0.666,4.101,-4.062
146.967,0.000,-1.042,0.000,-2.179,5.007,-3.845
146.973,0.000,-1.042,0.000,-1.541,2.890,-2.633
146.980,0.000,-1.042,0.000,-0.818,2.290,-0.122
146.987,0.000,-1.793,0.000,-2.913,1.281,1.955
146.993,0.000,-1.793,0.000,-3.018,1.217,3.175
147.000,0.000,-1.492,0.000,-3.631,1.614,2.343
147.006,0.000,-1.341,0.000,-4.492,3.943,1.970
147.013,0.000,-1.341,0.000,-5.823,6.161,0.114
147.020,0.000,-1.341,0.000,-5.108,6.206,0.500
147.026,0.000,-1.793,0.000,-4.740,6.156,1.888
147.031,0.000,-1.793,0.000,-4.589,6.689,1.406
147.038,0.000,-1.793,0.000,-3.397,5.296,2.215
147.045,0.000,-1.793,0.000,-1.646,6.873,1.054
147.051,0.000,-1.944,0.000,-1.946,8.909,1.256
147.056,0.000,-1.944,0.000,0.004,5.591,-0.419
147.063,0.000,-2.247,0.000,0.761,6.986,-1.415
147.070,0.000,-1.944,0.000,-0.362,11.710,-1.404
147.076,0.000,-1.944,0.000,0.478,12.746,-0.565
147.083,0.000,-3.014,0.000,2.260,13.296,2.162
147.090,0.000,-3.014,0.000,2.209,15.383,2.578
147.097,0.000,-3.014,0.000,3.250,15.715,3.163
147.102,0.000,-3.955,0.000,4.855,14.058,3.958
147.107,0.000,-4.274,0.000,6.379,12.675,5.429
147.114,0.000,-4.274,0.000,6.529,11.164,4.473
147.119,0.000,-5.589,0.000,8.355,6.019,5.884
147.125,0.000,-5.758,0.000,6.228,5.704,5.041
147.132,0.000,-5.758,0.000,4.818,9.622,2.935
147.139,0.000,-5.758,0.000,4.774,9.863,2.960
147.146,0.000,-5.758,0.000,4.103,12.013,1.826
147.152,0.000,-5.758,0.000,1.686,13.846,0.172
147.157,0.000,-6.445,0.000,0.117,14.451,0.809
147.164,0.000,-6.620,0.000,-1.852,14.207,-0.728
147.169,0.000,-6.620,0.000,-3.096,13.947,2.176
147.174,0.000,-6.620,0.000,-6.187,15.054,3.463
147.179,0.000,-6.445,0.000,-6.540,16.441,2.255
147.184,0.000,-6.445,0.000,-7.452,17.639,-2.021
147.189,0.000,-6.445,0.000,-7.148,13.222,-6.312
147.194,0.000,-6.620,0.000,-6.017,7.825,-8.599
147.201,0.000,-6.620,0.000,-7.420,4.197,-8.208
147.208,0.000,-6.620,0.000,-5.996,0.023,-8.435
147.214,0.000,-6.620,0.000,-7.298,-0.407,-8.480
147.221,0.000,-6.620,0.000,-5.905,-2.807,-7.405
147.228,0.000,-6.620,0.000,-3.731,-7.252,-6.332
147.233,0.000,-6.620,0.000,-6.127,-9.090,-7.432
147.240,0.000,-6.620,0.000,-5.591,-11.620,-6.932
147.247,0.000,-6.620,0.000,-4.149,-9.839,-6.945
147.252,0.000,-6.620,0.000,-4.734,-9.463,-6.689
147.258,0.000,-6.620,0.000,-1.924,-9.982,-6.642
147.263,0.000,-6.620,0.000,-3.294,-8.825,-5.582
147.270,0.000,-6.620,0.000,-0.796,-9.233,-5.353
147.277,0.000,-6.620,0.000,-0.051,-7.351,-3.678
147.282,0.000,-6.620,0.000,0.065,-4.734,-1.380
147.289,0.000,-6.796,0.000,0.553,-3.240,-0.863
147.294,0.000,-6.974,0.000,-0.189,-0.303,0.458
147.299,0.000,-7.153,0.000,0.665,-0.979,1.510
147.305,0.000,-7.153,0.000,1.295,1.730,0.974
147.312,0.000,-7.153,0.000,0.953,3.317,1.216
147.319,0.000,-7.153,0.000,2.360,4.726,-0.024
147.326,0.000,-7.153,0.000,0.874,6.853,-1.343
147.332,0.000,-7.153,0.000,1.862,7.580,-1.609
147.339,0.000,-7.153,0.000,0.629,9.277,-3.016
147.346,0.446,-17.111,0.000,0.943,10.348,-2.935
147.351,0.446,-17.111,0.000,-0.463,11.654,-4.315
147.357,0.446,-17.111,0.000,-1.191,13.737,-6.956
147.363,1.642,-18.518,0.000,0.231,12.727,-7.313
147.368,2.399,-20.305,0.000,1.879,11.796,-7.956
147.374,2.399,-20.305,0.000,1.891,11.564,-8.420
147.379,4.435,-21.561,0.000,0.586,12.439,-8.008
147.385,5.088,-22.538,0.000,1.051,10.144,-7.487
147.391,5.088,-22.538,0.000,1.199,8.761,-7.653
147.396,5.589,-24.236,0.000,0.849,5.609,-6.468
147.402,6.796,-28.300,0.000,1.168,3.128,-4.543
147.408,7.698,-34.188,0.000,0.820,0.034,-2.953
147.413,7.698,-34.188,0.000,2.622,-5.250,-1.522
147.419,8.256,-35.100,0.000,3.212,-9.403,-0.276
147.425,10.019,-38.442,0.000,3.261,-12.213,-0.080
147.431,10.849,-41.500,0.000,4.810,-16.214,0.798
147.436,10.849,-41.500,0.000,6.590,-23.271,3.064
147.441,10.849,-41.500,0.000,7.559,-28.455,2.508
147.447,16.038,-42.560,0.000,7.441,-30.376,3.527
147.452,16.038,-42.560,0.000,7.499,-32.833,2.829
147.458,17.665,-43.098,0.000,7.705,-34.981,2.251
147.464,17.665,-43.098,0.000,6.370,-36.165,1.166
147.469,24.941,-50.592,0.000,6.183,-36.118,1.470
147.475,24.941,-50.592,0.000,6.391,-36.244,0.968
147.481,24.941,-50.592,0.000,7.557,-39.002,1.509
147.487,30.306,-52.459,0.000,8.758,-40.645,1.425
147.493,30.306,-52.459,0.000,10.926,-40.595,1.396
147.498,30.306,-52.459,0.000,13.536,-44.398,1.647
147.504,30.306,-52.459,0.000,15.673,-44.598,1.030
147.510,31.560,-53.734,0.000,18.955,-45.583,-1.061
147.515,31.560,-53.734,0.000,19.583,-41.215,-3.799
147.521,31.560,-53.734,0.000,20.326,-38.854,-4.189
147.527,31.560,-53.734,0.000,19.800,-35.878,-5.330
147.533,31.560,-53.734,0.000,19.936,-33.286,-5.011
147.538,31.560,-51.831,0.000,21.728,-32.035,-5.635
147.544,31.560,-51.831,0.000,23.757,-30.244,-6.345
147.550,31.560,-51.831,0.000,26.072,-29.529,-5.374
147.556,31.138,-50.592,0.000,27.948,-27.975,-6.229
147.561,31.138,-50.592,0.000,27.572,-25.712,-5.906
147.567,31.138,-50.592,0.000,27.034,-25.172,-5.584
147.573,31.138,-50.592,0.000,27.183,-24.571,-4.250
147.578,31.138,-44.744,0.000,27.860,-25.233,-4.561
147.584,30.720,-43.641,0.000,28.798,-26.383,-3.638
147.590,30.720,-43.641,0.000,29.417,-28.412,-2.962
147.596,30.720,-43.641,0.000,29.524,-31.041,-1.750
147.601,30.720,-43.641,0.000,29.222,-34.622,-0.676
147.607,30.720,-43.641,0.000,29.992,-37.128,0.516
147.613,30.720,-43.641,0.000,30.345,-40.481,0.574
147.618,30.720,-43.641,0.000,31.532,-43.490,1.748
147.624,28.300,-40.977,0.000,32.486,-46.768,3.011
147.630,28.300,-38.939,0.000,33.005,-47.491,3.593
147.636,28.300,-38.939,0.000,33.796,-47.912,5.245
147.641,28.300,-38.939,0.000,31.808,-45.129,5.137
147.647,24.586,-38.939,0.000,30.458,-40.794,5.146
147.653,24.586,-38.939,0.000,28.264,-40.177,7.048
147.658,24.586,-38.939,0.000,27.361,-40.933,8.031
147.664,20.927,-34.188,0.000,27.364,-41.282,8.510
147.670,20.927,-33.739,0.000,27.348,-40.661,9.020
147.676,20.927,-33.739,0.000,28.609,-39.023,8.570
147.681,18.808,-27.145,0.000,27.793,-37.804,7.715
147.687,18.808,-27.145,0.000,25.423,-35.535,6.938
147.693,18.808,-27.145,0.000,22.834,-33.459,6.196
147.698,18.808,-27.145,0.000,21.142,-32.981,3.177
147.704,15.517,-24.236,0.000,21.424,-32.310,1.832
147.710,15.261,-22.209,0.000,22.009,-35.103,0.141
147.715,15.261,-21.561,0.000,21.498,-35.972,-0.683
147.721,15.261,-21.561,0.000,21.066,-38.658,-1.982
147.727,15.261,-21.561,0.000,20.875,-40.442,-3.278
147.733,14.756,-21.242,0.000,22.307,-39.844,-4.215
147.738,14.756,-21.242,0.000,21.389,-36.204,-4.320
147.744,14.756,-21.242,0.000,21.362,-35.007,-4.473
147.750,14.756,-21.242,0.000,19.587,-31.053,-4.166
147.756,13.538,-21.561,0.000,17.949,-28.275,-4.530
147.761,13.538,-21.561,0.000,15.223,-25.296,-4.085
147.767,13.538,-21.561,0.000,13.560,-21.491,-5.282
147.773,13.538,-21.883,0.000,12.818,-18.322,-3.834
147.779,13.302,-21.561,0.000,10.882,-15.165,-3.431
147.784,13.302,-21.561,0.000,10.553,-11.846,-2.902
147.790,13.302,-21.561,0.000,9.792,-8.969,-2.707
147.796,13.302,-21.561,0.000,9.221,-6.183,-2.303
147.802,13.538,-21.883,0.000,8.498,-4.059,-1.684
147.807,13.538,-21.883,0.000,7.123,-0.700,-2.987
147.813,13.538,-21.883,0.000,7.178,0.392,-3.417
147.819,13.777,-21.561,0.000,6.718,2.627,-4.004
147.824,13.777,-21.561,0.000,6.693,1.838,-3.812
147.830,13.777,-21.561,0.000,7.414,2.379,-3.027
147.836,13.777,-21.561,0.000,7.869,0.460,-2.868
147.842,13.777,-22.209,0.000,8.117,0.764,-2.520
147.847,13.777,-22.209,0.000,8.111,0.656,-2.461
147.853,14.018,-23.546,0.000,7.270,-0.426,-2.445
147.859,14.018,-23.546,0.000,6.795,-0.214,-2.752
147.864,14.018,-23.546,0.000,6.416,1.167,-3.469
147.870,14.018,-23.546,0.000,5.713,1.314,-2.823
147.876,14.018,-23.546,0.000,4.786,1.833,-4.337
147.881,14.018,-23.546,0.000,4.762,1.707,-3.211
147.887,14.508,-29.090,0.000,6.097,-0.734,-2.740
147.893,14.508,-29.090,0.000,7.120,-1.652,-1.440
147.899,14.508,-29.090,0.000,7.416,-3.881,0.351
147.904,14.756,-37.950,0.000,7.758,-5.403,1.497
147.910,14.756,-38.442,0.000,5.889,-3.363,3.076
147.916,14.756,-38.442,0.000,4.656,-2.060,3.611
147.921,14.756,-38.442,0.000,6.178,-1.847,4.014
147.927,14.508,-40.977,0.000,7.467,-2.378,4.464
147.933,14.508,-40.977,0.000,8.965,-3.726,3.753
147.938,14.508,-40.977,0.000,10.715,-4.101,3.464
147.944,14.508,-40.977,0.000,10.617,-1.880,2.353
147.950,14.508,-40.977,0.000,11.138,-0.473,1.830
147.955,14.262,-42.027,0.000,12.881,0.482,1.652
147.961,14.018,-40.977,0.000,13.489,1.225,0.737
147.967,14.018,-40.977,0.000,14.640,-0.057,-0.489
147.973,14.018,-40.977,0.000,16.010,0.267,-2.037
147.978,13.538,-42.027,0.000,18.428,-0.364,-2.137
147.984,13.302,-43.641,0.000,19.499,-3.990,-2.067
147.990,13.302,-43.641,0.000,19.205,-6.454,-0.811
147.995,13.302,-43.641,0.000,19.324,-10.726,-0.494
148.001,11.932,-43.098,0.000,19.538,-14.806,0.983
148.007,11.932,-43.098,0.000,19.075,-18.735,2.273
148.012,11.932,-43.098,0.000,17.883,-22.788,1.539
148.018,10.019,-43.641,0.000,15.733,-25.484,1.807
148.024,9.615,-43.641,0.000,15.009,-30.371,0.783
148.029,9.615,-43.641,0.000,14.407,-35.033,-0.676
148.035,9.615,-43.641,0.000,12.148,-38.588,-2.232
148.041,7.333,-43.641,0.000,10.629,-40.384,-3.554
148.046,7.333,-43.641,0.000,10.293,-42.013,-4.261
148.052,7.333,-43.641,0.000,9.065,-42.678,-5.300
148.058,7.333,-43.641,0.000,7.492,-41.162,-5.176
148.064,5.928,-44.190,0.000,7.229,-40.098,-4.518
148.069,5.928,-44.190,0.000,6.464,-38.508,-3.231
148.075,5.928,-44.190,0.000,4.969,-39.906,-2.496
148.081,4.597,-44.744,0.000,2.739,-39.731,-1.495
148.087,4.597,-44.744,0.000,0.517,-39.409,0.048
148.092,4.597,-44.744,0.000,-0.837,-39.345,1.260
148.098,4.597,-44.744,0.000,-1.411,-39.279,1.157
148.104,2.095,-43.641,0.000,-1.982,-41.882,0.978
148.109,2.095,-43.641,0.000,-2.504,-46.077,0.614
148.115,0.595,-44.190,0.000,-2.976,-48.729,-0.574
148.121,0.595,-44.190,0.000,-3.407,-49.912,-1.203
148.126,0.595,-44.190,0.000,-3.492,-49.202,-1.594
148.131,0.148,-43.641,0.000,-3.375,-47.817,-2.393
148.136,0.148,-43.641,0.000,-4.353,-44.403,-3.812
148.142,0.000,-45.304,0.000,-4.492,-40.509,-4.225
148.147,0.000,-45.304,0.000,-3.327,-36.056,-4.068
148.152,0.000,-45.304,0.000,-1.475,-30.070,-4.134
148.157,0.000,-45.304,0.000,-0.294,-24.623,-3.688
148.163,0.000,-47.016,0.000,-1.590,-23.536,-1.687
148.168,0.000,-47.016,0.000,-0.806,-19.651,-2.816
148.173,0.000,-47.016,0.000,-1.589,-14.784,-3.493
148.178,0.000,-46.439,0.000,-4.650,-12.858,-3.687
148.183,0.000,-46.439,0.000,-4.947,-14.850,-2.926
148.189,0.000,-48.185,0.000,-4.246,-18.116,-1.749
148.194,0.000,-47.597,0.000,-4.800,-21.798,-0.498
148.200,0.000,-48.185,0.000,-6.673,-21.712,-0.145
148.207,0.000,-48.185,0.000,-8.763,-18.960,0.689
148.212,0.000,-48.185,0.000,-7.687,-19.434,-2.121
148.217,0.000,-49.981,0.000,-8.799,-21.406,-4.675
148.224,0.000,-49.981,0.000,-10.689,-24.089,-2.756
148.229,0.000,-49.981,0.000,-9.630,-26.652,-1.211
148.234,0.000,-51.208,0.000,-10.641,-27.540,-1.271
148.241,0.000,-51.208,0.000,-10.558,-29.740,-0.625
148.246,0.000,-51.208,0.000,-11.353,-31.339,1.391
148.251,0.000,-51.208,0.000,-12.980,-30.749,2.611
148.256,-0.297,-47.016,0.000,-14.156,-30.291,3.728
148.261,-0.297,-47.016,0.000,-14.635,-29.312,5.120
148.267,-0.297,-47.016,0.000,-15.438,-27.834,6.232
148.272,-0.595,-45.304,0.000,-15.389,-26.243,6.172
148.277,-0.744,-44.744,0.000,-14.147,-26.421,7.120
148.283,-0.744,-44.744,0.000,-13.684,-29.361,6.998
148.289,-0.744,-44.744,0.000,-13.232,-30.619,8.292
148.295,-3.169,-43.641,0.000,-13.360,-33.042,7.894
148.301,-3.169,-43.641,0.000,-12.862,-33.772,8.472
148.306,-3.169,-43.641,0.000,-12.380,-37.545,7.112
148.312,-3.169,-43.641,0.000,-11.670,-41.133,6.252
148.318,-7.698,-23.206,0.000,-12.019,-43.956,4.225
148.323,-9.218,-21.883,0.000,-11.351,-46.284,1.095
148.329,-9.218,-21.883,0.000,-9.889,-48.491,-1.294
148.335,-11.932,-19.697,0.000,-9.505,-48.395,-2.947
148.340,-11.932,-19.697,0.000,-8.171,-48.495,-3.480
148.346,-11.932,-19.697,0.000,-7.286,-48.258,-4.157
148.352,-11.932,-19.697,0.000,-7.208,-46.579,-3.619
148.358,-16.839,-17.665,0.000,-7.331,-42.325,-2.422
148.363,-16.839,-17.665,0.000,-9.011,-35.762,-1.356
148.369,-16.839,-17.665,0.000,-11.541,-29.499,-0.957
148.375,-16.839,-17.665,0.000,-11.379,-22.941,2.019
148.381,-25.298,-7.515,0.000,-11.897,-19.491,3.453
148.386,-25.660,-7.153,0.000,-12.208,-14.930,4.963
148.392,-25.660,-7.153,0.000,-13.514,-10.432,5.843
148.398,-25.660,-7.153,0.000,-16.155,-7.758,6.472
148.403,-30.306,-5.254,0.000,-19.218,-3.623,5.455
148.409,-30.306,-5.254,0.000,-21.647,-1.311,5.697
148.415,-30.306,-5.254,0.000,-24.447,0.353,4.980
148.421,-32.854,-2.706,0.000,-27.713,0.592,5.988
148.426,-32.854,-2.706,0.000,-31.361,0.103,6.309
148.432,-32.854,-2.706,0.000,-35.206,0.305,6.788
148.437,-32.854,-2.706,0.000,-39.342,1.098,6.254
148.443,-42.560,-1.492,0.000,-42.446,3.321,6.214
148.449,-42.560,-1.492,0.000,-46.072,3.221,6.639
148.454,-42.560,-1.492,0.000,-49.546,3.529,7.599
148.460,-42.560,-1.492,0.000,-52.498,5.977,7.529
148.466,-49.377,-1.042,0.000,-55.086,7.839,8.688
148.472,-49.377,-1.042,0.000,-58.101,11.383,8.539
148.477,-53.734,-0.893,0.000,-60.142,15.074,9.922
148.483,-53.734,-0.893,0.000,-63.185,17.080,11.120
148.488,-54.380,-0.893,0.000,-66.024,19.944,12.041
148.494,-54.380,-0.893,0.000,-68.451,22.641,11.293
148.500,-57.705,-0.446,0.000,-69.938,26.466,11.634
148.505,-57.705,-0.446,0.000,-71.090,28.685,10.342
148.511,-57.705,-0.446,0.000,-71.840,29.503,10.683
148.516,-64.839,-0.446,0.000,-73.242,29.786,11.196
148.522,-64.839,-0.446,0.000,-75.580,34.838,8.603
148.528,-65.589,-0.297,0.000,-76.520,36.880,7.128
148.533,-65.589,-0.297,0.000,-76.872,38.083,6.895
148.538,-65.589,-0.297,0.000,-75.692,38.716,9.472
148.544,-65.589,-0.297,0.000,-75.892,35.816,8.926
148.549,-65.589,-0.297,0.000,-77.257,33.920,9.455
148.555,-65.589,-0.297,0.000,-78.325,29.555,9.027
148.560,-65.589,-0.297,0.000,-78.055,23.599,8.364
148.565,-65.589,-0.148,0.000,-78.033,16.726,8.651
148.570,-65.589,0.000,0.000,-80.467,11.242,7.989
148.575,-65.589,0.000,0.000,-81.160,5.171,6.829
148.582,-66.346,0.148,0.000,-83.201,-0.516,4.514
148.587,-65.589,0.595,0.000,-85.302,-5.006,3.525
148.593,-65.589,0.595,0.000,-87.100,-7.992,2.989
148.598,-65.589,0.595,0.000,-88.650,-8.857,3.675
148.603,-65.589,2.399,0.000,-89.564,-8.538,2.923
148.609,-65.589,2.399,0.000,-89.844,-7.310,3.123
148.614,-65.589,2.399,0.000,-89.988,-5.423,2.177
148.619,-65.589,2.399,0.000,-89.280,-2.800,1.403
148.625,-65.589,5.758,0.000,-89.367,-0.155,-0.576
148.631,-65.589,5.758,0.000,-89.263,3.478,-1.516
148.636,-65.589,5.758,0.000,-87.798,6.334,-3.126
148.642,-65.589,9.022,0.000,-86.818,7.907,-3.661
148.648,-65.589,9.022,0.000,-85.823,9.898,-4.440
148.654,-65.589,9.022,0.000,-85.518,13.864,-4.260
148.659,-65.589,9.022,0.000,-85.895,16.574,-5.889
148.665,-66.346,14.508,0.000,-86.628,20.851,-6.302
148.671,-66.346,14.508,0.000,-86.019,24.985,-6.196
148.676,-66.346,14.508,0.000,-86.038,30.259,-7.449
148.682,-66.346,14.508,0.000,-85.387,35.946,-7.795
148.687,-66.346,21.561,0.000,-84.586,41.753,-6.910
148.693,-66.346,21.561,0.000,-84.219,45.485,-6.194
148.699,-66.346,21.561,0.000,-83.743,50.301,-5.357
148.704,-66.346,28.693,0.000,-83.989,54.125,-4.172
148.710,-65.589,35.100,0.000,-84.502,55.802,-3.094
148.716,-65.589,37.950,0.000,-85.997,57.616,-3.352
148.722,-65.589,37.950,0.000,-88.138,59.930,-2.675
148.727,-65.589,42.027,0.000,-90.944,62.320,-2.942
148.733,-64.839,48.185,0.000,-94.528,64.134,-2.375
148.739,-64.839,48.185,0.000,-95.682,65.364,-2.174
148.744,-64.839,48.185,0.000,-96.637,66.567,-2.275
148.750,-61.906,55.033,0.000,-97.399,67.496,-1.468
148.756,-59.080,59.080,0.000,-99.145,68.339,-1.013
148.762,-59.080,59.080,0.000,-99.918,67.527,0.079
148.767,-59.080,59.080,0.000,-101.497,68.049,0.176
148.773,-59.080,59.080,0.000,-102.080,67.324,-0.227
148.779,-59.080,59.080,0.000,-101.134,67.662,0.069
148.785,-59.080,59.080,0.000,-99.164,69.164,1.330
148.790,-53.734,71.036,0.000,-97.561,69.306,1.010
148.796,-53.093,71.842,0.000,-96.936,71.545,2.912
148.802,-53.093,71.842,0.000,-93.677,73.055,2.298
148.807,-53.093,71.842,0.000,-91.701,74.429,1.319
148.813,-47.016,85.768,0.000,-90.062,77.821,1.632
148.819,-44.744,94.496,0.000,-89.011,82.962,1.222
148.825,-44.744,94.496,0.000,-87.075,88.161,0.921
148.830,-44.744,94.496,0.000,-86.213,94.274,1.267
148.836,-40.460,107.218,0.000,-80.889,100.897,1.558
148.842,-38.939,108.336,0.000,-77.371,108.985,2.020
148.848,-38.939,108.336,0.000,-73.466,116.079,2.289
148.853,-38.939,108.336,0.000,-68.712,122.874,3.718
148.859,-29.896,115.245,0.000,-65.188,127.906,3.341
148.865,-28.300,117.624,0.000,-63.166,130.542,4.766
148.870,-24.586,123.743,0.000,-61.084,134.930,3.988
148.876,-24.586,123.743,0.000,-58.975,137.375,4.377
148.882,-23.546,127.534,0.000,-57.919,141.025,3.694
148.887,-23.546,127.534,0.000,-56.475,142.173,4.354
148.893,-20.000,135.393,0.000,-54.466,144.504,3.125
148.899,-20.000,135.393,0.000,-52.898,145.608,1.348
148.905,-16.569,135.393,0.000,-53.071,145.001,-0.176
148.910,-16.569,135.393,0.000,-53.437,144.887,-0.634
148.916,-11.711,132.732,0.000,-52.646,144.293,0.187
148.922,-11.711,132.732,0.000,-52.152,144.928,-0.367
148.928,-10.223,130.112,0.000,-50.462,145.586,-1.112
148.933,-10.223,130.112,0.000,-47.589,145.487,-1.209
148.939,-1.341,105.008,0.000,-45.438,145.064,-0.841
148.945,-1.341,105.008,0.000,-43.747,145.640,-0.103
148.950,-1.341,105.008,0.000,-42.613,147.134,-0.995
148.956,0.148,71.842,0.000,-41.826,147.474,-1.469
148.961,0.148,71.842,0.000,-41.141,146.404,0.857
148.966,0.297,69.444,0.000,-39.626,147.241,2.436
148.971,0.297,69.444,0.000,-38.077,148.727,3.368
148.977,0.297,69.444,0.000,-35.673,149.920,5.687
148.983,0.446,53.734,0.000,-31.948,150.112,6.782
148.988,0.446,53.734,0.000,-28.617,149.308,7.644
148.994,0.446,53.734,0.000,-24.682,146.399,7.191
148.999,0.446,53.734,0.000,-21.095,143.780,5.904
149.005,2.552,38.442,0.000,-17.249,139.282,5.614
149.011,5.589,27.911,0.000,-14.894,135.089,4.981
149.017,7.333,21.561,0.000,-11.077,131.150,4.636
149.022,7.333,21.561,0.000,-7.255,125.354,5.202
149.028,7.333,21.561,0.000,-4.593,119.185,5.861
149.034,7.333,21.561,0.000,-0.810,111.252,4.745
149.039,11.711,13.538,0.000,1.024,104.714,2.800
149.045,11.711,13.538,0.000,1.978,99.959,0.945
149.051,11.711,13.538,0.000,5.219,90.827,-1.158
149.057,11.711,13.538,0.000,9.873,80.421,-3.221
149.062,11.711,13.538,0.000,11.139,70.671,-4.046
149.068,11.711,13.538,0.000,10.747,63.482,-6.380
149.074,11.711,13.538,0.000,10.984,55.302,-8.538
149.079,26.395,0.148,0.000,11.877,48.435,-10.595
149.084,26.395,0.148,0.000,11.532,42.116,-12.094
149.089,26.395,0.148,0.000,11.560,34.623,-12.373
149.094,26.395,0.148,0.000,11.541,28.371,-12.170
149.099,26.395,0.148,0.000,9.758,25.928,-12.051
149.105,34.642,-0.297,0.000,9.215,25.210,-11.005
149.110,34.642,-0.297,0.000,9.449,23.601,-9.897
149.115,34.642,-0.297,0.000,9.327,23.531,-6.801
149.121,34.642,-0.297,0.000,10.367,19.840,-3.504
149.126,44.190,-0.297,0.000,13.378,16.665,-0.200
149.131,44.190,-0.297,0.000,16.632,13.974,3.432
149.137,44.190,-0.297,0.000,18.753,14.483,5.964
149.142,51.208,-0.446,0.000,19.141,14.900,6.552
149.148,51.208,-0.446,0.000,19.989,15.132,7.205
149.153,51.208,-0.446,0.000,20.539,14.928,7.371
149.159,51.208,-0.446,0.000,20.489,17.044,8.026
149.165,58.389,-0.446,0.000,21.471,17.964,7.690
149.170,58.389,-0.446,0.000,23.638,18.771,6.911
149.176,58.389,-0.446,0.000,26.639,18.868,6.156
149.181,67.110,-0.595,0.000,28.340,19.545,4.715
149.187,72.656,-0.893,0.000,30.564,22.085,3.047
149.192,72.656,-0.893,0.000,33.125,26.363,2.156
149.198,72.656,-0.893,0.000,36.711,31.164,-0.267
149.203,117.624,-3.481,0.000,41.647,34.881,-0.969
149.209,123.743,-5.254,0.000,47.360,36.340,-1.303
149.215,123.743,-5.254,0.000,52.224,38.590,-1.679
149.221,123.743,-5.254,0.000,57.188,39.168,-2.308
149.226,142.232,-7.882,0.000,63.373,39.681,-2.636
149.232,142.232,-7.882,0.000,70.969,42.041,-2.912
149.238,142.232,-7.882,0.000,80.234,43.627,-4.205
149.243,153.744,-11.492,0.000,89.160,44.671,-3.572
149.249,164.414,-14.508,0.000,99.298,43.830,-4.006
149.255,164.414,-14.508,0.000,107.791,43.478,-3.595
149.260,164.414,-14.508,0.000,116.395,43.201,-4.159
149.266,164.414,-14.508,0.000,125.948,42.721,-4.237
149.272,164.414,-14.508,0.000,134.946,42.351,-4.540
149.278,164.414,-14.508,0.000,143.063,41.368,-5.437
149.284,164.414,-14.508,0.000,149.222,39.911,-5.243
149.289,268.061,-24.586,0.000,155.040,38.466,-5.689
149.295,275.062,-26.768,0.000,160.505,36.358,-5.885
149.301,287.054,-36.981,0.000,167.498,33.001,-4.949
149.306,287.054,-36.981,0.000,175.259,29.358,-4.277
149.312,291.965,-39.441,0.000,184.014,24.839,-1.932
149.318,291.965,-39.441,0.000,193.931,20.102,0.427
149.324,294.446,-39.441,0.000,201.579,14.309,0.626
149.329,294.446,-39.441,0.000,210.508,9.631,1.528
149.335,294.446,-40.460,0.000,218.967,5.916,2.918
149.341,291.965,-43.641,0.000,228.193,3.882,4.662
149.347,291.965,-43.641,0.000,236.719,0.001,4.123
149.352,291.965,-43.641,0.000,245.777,-2.422,4.691
149.358,291.965,-41.500,0.000,254.615,-6.717,5.013
149.364,291.965,-41.500,0.000,261.922,-8.501,4.633
149.369,291.965,-41.500,0.000,269.654,-10.983,5.570
149.375,291.965,-41.500,0.000,276.975,-12.121,5.430
149.381,263.473,-45.304,0.000,283.951,-12.560,5.470
149.387,263.473,-45.304,0.000,290.195,-14.567,3.978
149.393,263.473,-45.304,0.000,295.999,-18.215,2.419
149.398,263.473,-45.304,0.000,300.218,-20.988,1.706
149.404,263.473,-45.304,0.000,304.418,-23.129,0.666
149.410,159.771,-44.190,0.000,304.999,-26.404,0.882
149.416,159.771,-44.190,0.000,305.524,-28.737,0.277
149.421,124.996,-44.744,0.000,304.518,-30.691,0.522
149.427,124.996,-44.744,0.000,301.605,-32.290,0.694
149.433,58.389,-45.304,0.000,298.010,-33.397,0.276
149.439,58.389,-45.304,0.000,291.593,-35.123,-1.050
149.444,45.304,-45.304,0.000,279.269,-33.795,-4.711
149.450,45.304,-45.304,0.000,263.766,-33.481,-7.450
149.456,27.145,-45.304,0.000,246.246,-32.617,-9.101
149.462,27.145,-45.304,0.000,227.997,-31.540,-7.815
149.467,27.145,-45.304,0.000,207.617,-32.592,-6.545
149.473,27.145,-45.304,0.000,184.213,-30.483,-4.971
149.479,27.145,-45.304,0.000,159.180,-29.108,-5.223
149.485,27.145,-45.304,0.000,134.085,-27.077,-4.754
149.490,16.302,-55.033,0.000,109.450,-26.879,-3.791
149.496,16.302,-55.033,0.000,85.019,-24.983,-2.768
149.502,15.261,-80.315,0.000,61.181,-23.847,-2.357
149.508,15.261,-80.315,0.000,38.548,-20.625,-2.828
149.513,15.261,-80.315,0.000,19.751,-18.093,-1.900
149.519,11.276,-90.534,0.000,3.040,-17.666,-1.231
149.525,9.022,-96.529,0.000,-9.304,-21.442,-1.240
149.530,9.022,-96.529,0.000,-19.400,-24.937,-0.847
149.536,9.022,-96.529,0.000,-25.550,-30.118,-0.818
149.542,3.169,-102.835,0.000,-30.454,-34.798,-1.494
149.547,3.169,-102.835,0.000,-31.485,-41.635,-3.478
149.553,3.169,-102.835,0.000,-31.389,-47.890,-5.801
149.559,0.297,-102.835,0.000,-26.959,-57.184,-6.218
149.564,0.148,-103.917,0.000,-18.475,-67.106,-6.196
149.571,0.148,-103.917,0.000,-6.748,-76.903,-4.595
149.578,0.000,-109.464,0.000,7.642,-87.920,-4.921
149.583,0.000,-109.464,0.000,15.544,-95.651,-4.488
149.588,0.000,-112.904,0.000,24.641,-101.545,-5.539
149.593,0.000,-112.904,0.000,33.273,-108.876,-5.623
149.598,0.000,-112.904,0.000,40.012,-108.248,-5.924
149.603,0.000,-130.112,0.000,48.182,-108.524,-4.503
149.609,0.000,-130.112,0.000,57.238,-109.839,-3.601
149.615,0.000,-130.112,0.000,60.998,-109.817,-5.982
149.621,0.000,-130.112,0.000,65.951,-109.685,-5.542
149.626,0.000,-139.464,0.000,66.956,-110.505,-8.127
149.631,0.000,-147.899,0.000,65.592,-108.231,-11.068
149.638,0.000,-147.899,0.000,61.268,-106.885,-9.396
149.643,0.000,-159.771,0.000,58.315,-106.773,-11.085
149.648,0.000,-159.771,0.000,53.714,-106.543,-10.710
149.653,0.000,-159.771,0.000,47.920,-106.829,-10.363
149.658,0.000,-164.414,0.000,42.246,-104.815,-7.447
149.663,0.000,-164.414,0.000,33.940,-103.105,-3.860
149.668,0.000,-164.414,0.000,26.641,-99.425,-1.316
149.674,-0.744,-169.163,0.000,19.968,-97.506,-0.626
149.679,-2.706,-169.163,0.000,13.174,-98.255,0.636
149.685,-2.706,-169.163,0.000,5.930,-99.545,-0.044
149.691,-2.706,-169.163,0.000,-0.348,-100.649,0.195
149.696,-5.088,-170.770,0.000,-5.126,-103.533,0.221
149.702,-6.974,-170.770,0.000,-8.420,-108.634,1.685
149.708,-6.974,-170.770,0.000,-10.125,-113.800,3.968
149.714,-6.974,-170.770,0.000,-14.642,-118.371,5.300
149.719,-10.430,-165.985,0.000,-19.073,-122.125,7.095
149.725,-12.836,-164.414,0.000,-21.235,-129.329,8.171
149.731,-12.836,-164.414,0.000,-23.437,-135.420,8.819
149.737,-15.517,-156.734,0.000,-25.701,-139.321,6.674
149.742,-18.808,-158.247,0.000,-28.271,-143.064,5.719
149.748,-18.808,-158.247,0.000,-27.577,-148.739,5.261
149.754,-18.808,-158.247,0.000,-26.723,-154.118,4.540
149.759,-25.298,-139.464,0.000,-24.097,-158.975,4.464
149.765,-26.768,-136.739,0.000,-21.704,-163.148,4.182
149.771,-30.306,-131.417,0.000,-18.792,-167.001,3.487
149.776,-30.306,-131.417,0.000,-16.896,-169.919,1.327
149.782,-32.418,-126.260,0.000,-14.081,-172.669,0.304
149.787,-32.418,-126.260,0.000,-12.977,-172.501,-0.754
149.793,-32.418,-126.260,0.000,-12.665,-172.467,-1.112
149.799,-32.418,-126.260,0.000,-12.802,-170.697,-2.513
149.804,-42.027,-107.218,0.000,-12.261,-168.263,-3.376
149.810,-43.641,-105.008,0.000,-11.655,-165.469,-3.056
149.816,-43.641,-105.008,0.000,-12.757,-161.947,-4.081
149.822,-43.641,-105.008,0.000,-14.059,-158.741,-5.991
149.827,-55.691,-84.840,0.000,-16.734,-152.719,-7.333
149.833,-55.691,-84.840,0.000,-19.923,-148.026,-8.239
149.839,-55.691,-84.840,0.000,-24.813,-142.688,-8.265
149.845,-55.691,-84.840,0.000,-29.577,-136.290,-8.508
149.851,-55.691,-84.840,0.000,-34.403,-129.601,-7.934
149.856,-55.691,-84.840,0.000,-38.191,-121.156,-7.654
149.862,-55.691,-84.840,0.000,-42.350,-114.110,-5.659
149.868,-55.691,-84.840,0.000,-46.657,-106.711,-5.594
149.873,-55.691,-84.840,0.000,-52.702,-98.660,-4.724
149.879,-55.691,-84.840,0.000,-57.489,-92.074,-3.481
149.885,-55.691,-84.840,0.000,-63.843,-84.207,-2.006
149.891,-109.464,-36.504,0.000,-69.029,-76.862,0.229
149.896,-114.070,-31.560,0.000,-73.575,-66.888,0.634
149.902,-114.070,-31.560,0.000,-77.936,-58.528,-0.120
149.908,-114.070,-31.560,0.000,-81.778,-51.692,-0.732
149.913,-114.070,-31.560,0.000,-84.379,-47.074,-1.803
149.919,-123.743,-18.518,0.000,-87.084,-42.844,-2.899
149.925,-123.743,-18.518,0.000,-90.407,-37.763,-3.758
149.930,-123.743,-18.518,0.000,-95.881,-30.767,-4.748
149.936,-124.996,-16.839,0.000,-100.558,-25.707,-4.950
149.942,-123.743,-11.711,0.000,-103.994,-23.977,-6.655
149.948,-123.743,-11.711,0.000,-107.706,-22.293,-7.469
149.953,-123.743,-11.711,0.000,-111.287,-20.946,-7.006
149.959,-123.743,-6.796,0.000,-114.558,-19.470,-7.050
149.965,-123.743,-6.796,0.000,-117.613,-18.457,-5.003
149.970,-123.743,-6.796,0.000,-121.475,-17.939,-4.991
149.976,-123.743,-6.796,0.000,-123.991,-19.443,-3.664
149.982,-117.624,-0.744,0.000,-127.074,-21.021,-2.286
149.988,-115.245,-0.446,0.000,-131.279,-22.027,-0.449
149.993,-115.245,-0.446,0.000,-135.275,-22.312,0.384
149.999,-115.245,-0.446,0.000,-138.575,-21.082,-0.781
150.004,-110.602,-0.297,0.000,-140.201,-20.071,-1.448
150.010,-99.642,-0.297,0.000,-143.384,-17.842,-1.366
150.015,-99.642,-0.297,0.000,-144.003,-15.027,-1.135
150.020,-99.642,-0.297,0.000,-145.008,-11.601,-1.335
150.026,-75.141,-0.297,0.000,-146.143,-8.227,-0.700
150.031,-75.141,-0.297,0.000,-146.986,-5.721,-0.408
150.036,-71.842,0.000,0.000,-145.987,-3.517,0.236
150.043,-71.842,0.000,0.000,-140.630,-6.447,1.793
150.048,-71.842,0.000,0.000,-135.259,-3.125,0.913
150.053,-71.842,0.000,0.000,-129.993,1.298,0.413
150.058,-71.842,0.000,0.000,-126.159,5.507,1.127
150.065,-71.842,0.000,0.000,-121.400,3.178,2.705
150.070,-71.842,0.000,0.000,-115.849,3.779,1.639
150.075,-61.190,6.620,0.000,-111.968,4.067,1.338
150.081,-61.190,6.620,0.000,-106.382,4.660,1.109
150.087,-61.190,6.620,0.000,-102.629,4.173,1.770
150.092,-61.190,6.620,0.000,-100.487,5.286,1.045
150.098,-55.691,18.518,2.000,-96.665,6.144,0.532
150.104,-55.691,18.518,2.000,-92.670,7.526,0.400
150.110,-52.459,21.883,2.000,-89.097,8.809,1.432
150.116,-52.459,21.883,2.000,-84.576,9.099,2.742
150.121,-49.981,25.660,2.000,-80.964,9.022,3.761
150.127,-44.744,38.939,2.000,-78.225,8.719,4.344
150.133,-41.500,45.304,2.000,-77.186,9.334,4.993
150.138,-41.500,45.304,2.000,-77.308,11.527,5.344
150.144,-36.504,55.033,2.000,-76.266,13.328,6.718
150.150,-36.504,55.033,2.000,-74.740,16.374,7.558
150.155,-25.660,67.881,2.000,-74.396,17.949,8.933
150.161,-25.660,67.881,2.000,-73.075,22.450,8.337
150.167,-24.236,70.236,2.000,-72.129,27.786,8.103
150.173,-18.231,72.656,2.000,-71.282,34.099,7.869
150.178,-18.231,72.656,2.000,-68.849,41.076,7.225
150.184,-18.231,72.656,2.000,-67.333,45.788,7.002
150.190,-18.231,72.656,2.000,-64.031,52.100,6.104
150.196,-18.231,72.656,2.000,-61.548,57.720,5.174
150.201,-3.796,65.589,2.000,-60.066,61.300,3.657
150.207,-3.796,65.589,2.000,-58.064,64.705,2.271
150.213,-2.095,64.096,2.000,-58.059,67.833,1.128
150.219,-2.095,64.096,2.000,-56.207,72.319,-0.303
150.224,0.297,51.831,2.000,-53.166,77.701,0.307
150.230,0.297,51.831,2.000,-50.893,81.847,0.267
150.235,0.297,51.208,2.000,-47.414,85.588,1.308
150.240,0.446,49.981,2.000,-44.935,88.359,1.463
150.246,0.446,49.981,2.000,-43.391,91.900,1.186
150.252,0.446,47.597,2.000,-40.730,94.352,2.168
150.257,0.446,47.597,2.000,-38.957,96.499,2.250
150.263,0.446,47.597,2.000,-35.685,98.476,3.403
150.268,0.446,47.597,2.000,-33.216,96.961,4.451
150.274,0.446,46.439,2.000,-31.016,95.545,4.632
150.279,0.446,46.439,2.000,-27.692,94.924,4.365
150.285,0.446,46.439,2.000,-25.583,93.966,4.858
150.291,0.446,40.977,2.000,-22.746,94.630,5.550
150.296,0.446,39.441,2.000,-20.616,92.983,6.521
150.302,0.446,39.441,2.000,-19.019,90.684,6.751
150.307,0.446,39.441,2.000,-17.626,88.834,7.379
150.313,2.859,30.306,2.000,-16.230,86.812,7.936
150.318,4.924,23.546,2.000,-16.581,85.558,7.781
150.324,4.924,23.546,2.000,-16.906,83.956,8.806
150.329,4.924,23.546,2.000,-16.083,81.706,7.729
150.335,8.828,19.101,2.000,-14.821,79.969,7.920
150.341,9.615,17.111,2.000,-14.554,77.371,7.959
150.346,9.615,17.111,2.000,-14.295,73.258,7.246
150.352,9.615,17.111,2.000,-15.343,69.967,5.514
150.358,10.223,13.302,2.000,-13.777,67.466,4.630
150.363,10.638,10.430,2.000,-12.929,63.161,4.336
150.369,10.638,10.430,2.000,-12.653,61.847,5.046
150.375,10.638,10.430,2.000,-10.680,60.318,7.112
150.381,11.061,5.421,2.000,-8.370,57.840,8.875
150.386,11.061,5.421,2.000,-8.573,58.056,9.438
150.392,11.061,5.421,2.000,-9.604,58.755,8.077
150.397,12.379,2.399,2.000,-9.319,58.705,8.067
150.403,16.302,0.000,2.000,-8.856,57.614,7.174
150.408,16.302,0.000,2.000,-8.234,57.546,7.379
150.413,17.111,-0.297,2.000,-7.831,54.481,7.351
150.418,17.111,-0.297,2.000,-6.893,50.436,6.457
150.424,17.111,-0.297,2.000,-5.806,46.331,6.172
150.429,18.518,-0.446,2.000,-4.181,41.264,5.829
150.435,19.697,-0.744,2.000,-2.770,35.826,4.677
150.440,20.000,-1.341,2.000,-2.940,31.349,3.883
150.446,20.000,-1.341,2.000,-1.793,28.317,1.568
150.452,20.000,-1.341,2.000,-0.664,25.738,-0.569
150.457,24.586,-3.638,2.000,1.242,22.597,-1.439
150.463,26.025,-4.924,2.000,3.954,21.869,-0.532
150.469,26.025,-4.924,2.000,5.864,21.019,-0.038
150.474,26.025,-4.924,2.000,7.887,17.470,-0.748
150.479,31.987,-13.777,2.000,9.728,14.992,-0.856
150.485,31.987,-13.777,2.000,9.251,14.782,-2.155
150.491,34.188,-15.007,2.000,10.008,16.159,-2.247
150.496,36.031,-17.387,2.000,11.282,16.865,-1.991
150.502,39.441,-19.398,2.000,12.124,17.246,-0.555
150.508,39.441,-19.398,2.000,12.311,20.666,0.155
150.513,41.500,-20.927,2.000,13.074,24.388,0.662
150.519,41.500,-20.927,2.000,14.142,23.848,1.034
150.525,48.185,-24.586,3.000,15.040,22.379,0.397
150.531,48.185,-24.586,3.000,15.833,21.897,-0.216
150.536,52.459,-36.031,3.000,15.009,21.230,-0.585
150.542,52.459,-36.031,3.000,17.717,22.674,-1.079
150.548,71.842,-38.442,4.000,22.663,22.041,-1.187
150.554,71.842,-38.442,4.000,26.179,20.453,-1.221
150.559,77.694,-39.441,4.000,29.755,17.409,-0.784
150.565,77.694,-39.441,4.000,32.387,16.225,-1.096
150.571,116.430,-45.869,6.000,35.510,14.083,-1.928
150.576,116.430,-45.869,6.000,38.937,12.456,-0.872
150.582,118.828,-46.439,6.000,42.492,12.148,0.127
150.588,118.828,-46.439,6.000,46.186,12.379,1.802
150.594,118.828,-46.439,6.000,51.457,9.302,1.015
150.599,118.828,-46.439,6.000,55.792,6.162,1.203
150.605,135.393,-52.459,11.000,60.181,2.919,0.276
150.611,135.393,-52.459,11.000,63.487,0.896,-1.175
150.617,135.393,-52.459,11.000,70.341,-0.642,-2.763
150.622,135.393,-53.093,18.000,77.599,-2.511,-2.531
150.628,135.393,-53.093,19.000,85.650,-7.592,-0.571
150.634,135.393,-53.093,19.000,91.154,-10.691,0.898
150.640,135.393,-53.093,19.000,96.643,-12.129,2.292
150.645,135.393,-53.093,27.000,103.389,-14.574,5.985
150.651,135.393,-53.093,27.000,109.898,-13.095,7.321
150.657,135.393,-53.093,27.000,117.711,-11.695,10.323
150.663,135.393,-53.093,27.000,126.247,-14.125,10.901
150.668,132.732,-50.592,37.000,133.583,-13.965,13.813
150.674,132.732,-51.208,37.000,137.636,-15.729,15.437
150.680,132.732,-51.208,37.000,140.266,-16.580,17.577
150.686,132.732,-51.208,37.000,142.738,-20.902,18.756
150.691,132.732,-51.208,37.000,146.435,-25.640,20.215
150.697,121.266,-49.981,44.000,147.710,-29.902,20.484
150.703,121.266,-49.981,44.000,148.868,-32.651,20.532
150.709,121.266,-49.981,44.000,150.765,-37.303,21.549
150.714,121.266,-49.981,44.000,149.172,-39.334,22.829
150.720,86.705,-45.869,46.000,146.327,-39.218,25.363
150.726,86.705,-45.869,46.000,143.181,-38.694,28.220
150.732,86.705,-45.869,46.000,138.146,-37.699,30.705
150.737,86.705,-45.869,46.000,132.785,-36.642,32.467
150.743,65.589,-43.098,48.000,126.432,-35.317,34.796
150.749,65.589,-43.098,48.000,121.631,-33.406,36.977
150.755,65.589,-43.098,48.000,115.832,-31.812,39.121
150.760,65.589,-43.098,48.000,109.111,-28.679,39.464
150.766,65.589,-42.560,51.000,101.579,-24.975,41.561
150.772,65.589,-42.560,51.000,94.041,-19.883,43.725
150.778,65.589,-42.560,51.000,87.094,-15.375,46.270
150.783,65.589,-42.560,51.000,79.862,-12.196,50.274
150.789,65.589,-44.190,59.000,71.715,-8.881,52.808
150.795,65.589,-44.190,59.000,66.393,-6.048,55.775
150.800,65.589,-44.190,59.000,62.376,-4.376,57.957
150.806,63.359,-43.641,60.000,56.667,-2.271,59.592
150.812,59.080,-43.098,59.000,54.029,0.667,61.900
150.818,57.028,-42.560,60.000,51.763,1.214,63.437
150.823,57.028,-42.560,60.000,48.496,2.415,65.469
150.829,49.377,-42.560,60.000,47.716,2.754,67.164
150.835,40.460,-41.500,60.000,47.564,1.059,69.727
150.841,33.739,-40.977,60.000,47.781,-0.649,73.162
150.846,33.739,-40.977,60.000,48.832,-1.928,75.247
150.852,33.739,-40.977,60.000,51.496,-4.281,77.189
150.858,25.660,-38.939,63.000,53.026,-5.778,79.188
150.864,24.236,-38.442,66.000,53.143,-7.179,79.208
150.869,24.236,-38.442,66.000,54.425,-9.541,79.853
150.875,24.236,-38.442,66.000,56.038,-15.223,79.970
150.881,19.398,-34.642,77.000,57.887,-19.587,80.258
150.887,19.398,-34.642,77.000,58.400,-21.979,81.035
150.892,19.398,-34.642,77.000,57.642,-24.996,81.037
150.898,18.808,-34.642,84.000,56.089,-27.120,81.423
150.904,18.808,-34.642,84.000,53.577,-28.043,82.720
150.909,18.808,-34.642,84.000,50.913,-28.276,84.045
150.915,14.756,-28.693,97.000,47.987,-30.109,84.782
150.921,11.711,-26.768,103.000,46.801,-31.830,86.164
150.926,11.711,-26.768,103.000,46.308,-35.577,86.907
150.932,11.711,-26.768,103.000,42.301,-36.318,87.123
150.938,7.333,-20.305,113.000,37.792,-35.945,87.008
150.944,7.333,-20.305,113.000,34.115,-33.861,87.212
150.949,7.333,-20.305,113.000,30.340,-31.678,88.690
150.955,7.333,-20.305,113.000,26.403,-28.257,91.109
150.961,7.333,-20.305,113.000,22.144,-25.756,93.927
150.967,0.595,-17.111,128.000,19.136,-25.009,98.366
150.972,0.595,-17.111,128.000,17.413,-23.930,103.065
150.977,0.595,-17.111,128.000,14.102,-21.986,106.037
150.983,0.595,-17.111,128.000,10.680,-17.252,107.500
150.988,0.000,-12.154,129.000,7.131,-12.995,108.610
150.993,0.000,-12.154,129.000,5.822,-12.626,111.390
150.998,0.000,-11.492,129.000,3.740,-10.096,112.298
151.003,0.000,-7.698,130.000,2.119,-6.506,115.403
151.010,0.000,-7.333,131.000,1.282,-4.637,121.585
151.017,0.000,-7.333,131.000,-1.556,2.516,125.528
151.022,0.000,-7.333,131.000,-0.687,2.330,127.804
151.027,0.000,-6.099,131.000,0.632,2.891,128.278
151.032,0.000,-6.099,131.000,-0.353,7.144,130.353
151.039,0.000,-5.589,131.000,2.723,7.094,134.690
151.045,0.000,-5.589,131.000,2.641,9.224,136.470
151.050,0.000,-5.589,131.000,4.961,7.381,137.300
151.055,0.000,-5.589,131.000,6.040,8.722,138.912
151.060,0.000,-2.706,131.000,5.736,10.243,141.263
151.065,0.000,-2.706,131.000,7.233,10.969,144.563
151.072,-0.297,-1.341,131.000,7.830,12.038,146.705
151.077,-0.297,-1.341,131.000,9.113,12.046,147.502
151.083,-0.297,-1.341,131.000,8.981,12.988,148.516
151.088,-0.297,-1.341,131.000,10.168,13.221,150.212
151.094,-0.297,-1.341,131.000,11.527,12.634,152.770
151.099,-0.297,-1.341,131.000,12.503,13.316,155.573
151.105,-0.297,-1.341,131.000,10.723,15.019,156.947
151.110,-6.796,-0.297,136.000,9.039,13.940,160.378
151.115,-6.796,-0.297,136.000,7.527,11.218,162.713
151.121,-8.445,-0.297,138.000,6.006,7.395,164.533
151.126,-8.445,-0.297,138.000,5.521,4.865,166.219
151.132,-8.445,-0.297,138.000,3.472,5.896,164.566
151.137,-10.638,-0.297,147.000,3.787,4.617,162.283
151.143,-12.607,-0.297,150.000,3.826,3.513,160.053
151.148,-12.607,-0.297,150.000,2.958,4.868,158.521
151.153,-12.607,-0.297,150.000,2.188,5.269,155.958
151.159,-13.777,-0.297,152.000,1.386,6.246,155.454
151.164,-13.777,-0.297,152.000,1.042,6.390,157.029
151.170,-13.777,-0.297,152.000,0.550,7.679,157.217
151.175,-13.777,-0.297,152.000,-0.827,9.220,158.294
151.180,-20.305,-0.148,151.000,-0.861,8.124,160.248
151.185,-20.305,-0.148,151.000,-3.261,9.873,160.002
151.190,-21.561,0.000,151.000,-3.049,7.169,159.465
151.196,-21.561,0.000,151.000,-5.499,5.999,160.020
151.201,-21.561,0.000,151.000,-6.426,8.320,158.573
151.206,-26.025,0.148,146.000,-4.457,7.804,159.336
151.211,-27.145,0.595,138.000,-6.217,9.480,162.236
151.216,-27.145,0.595,138.000,-6.717,9.034,163.142
151.222,-27.145,0.595,138.000,-7.715,10.279,163.054
151.227,-31.138,0.744,117.000,-8.292,10.776,162.359
151.233,-31.138,0.744,117.000,-8.741,10.006,161.077
151.239,-31.138,0.744,117.000,-9.726,11.417,159.726
151.244,-33.739,1.042,93.000,-10.196,12.191,157.371
151.250,-33.739,1.042,93.000,-10.524,12.631,154.574
151.256,-33.739,1.042,93.000,-9.435,11.429,152.442
151.262,-33.739,1.042,93.000,-9.124,9.663,150.050
151.267,-33.739,1.042,93.000,-10.980,10.468,147.644
151.273,-33.739,1.042,93.000,-13.179,10.534,145.110
151.279,-33.739,1.042,93.000,-15.863,12.931,142.539
151.285,-33.739,1.042,93.000,-19.191,15.875,140.763
151.290,-47.597,3.169,40.000,-20.844,18.102,137.625
151.296,-49.981,3.325,32.000,-22.208,19.356,132.097
151.302,-49.981,3.325,32.000,-23.768,20.789,128.644
151.308,-49.981,3.325,32.000,-23.865,21.973,125.573
151.314,-56.356,5.589,7.000,-25.689,22.245,118.964
151.319,-57.705,5.928,7.000,-29.899,24.617,112.782
151.325,-60.480,7.698,5.000,-32.249,25.239,106.985
151.331,-60.480,7.698,5.000,-33.861,23.542,101.918
151.336,-61.906,9.022,4.000,-35.784,21.186,94.554
151.342,-61.906,9.022,4.000,-38.935,22.532,85.943
151.348,-61.906,9.022,4.000,-40.599,22.479,78.018
151.353,-61.906,9.022,4.000,-40.573,22.352,70.166
151.359,-62.629,9.816,4.000,-43.651,23.570,62.166
151.365,-62.629,9.816,4.000,-42.918,23.307,54.560
151.371,-62.629,9.816,4.000,-44.939,24.673,48.235
151.376,-62.629,10.849,4.000,-47.496,23.746,43.426
151.382,-62.629,10.849,4.000,-48.940,23.402,38.512
151.387,-62.629,14.018,4.000,-49.781,22.844,33.072
151.393,-62.629,14.018,4.000,-51.962,23.530,27.107
151.399,-62.629,15.517,4.000,-54.578,26.440,19.761
151.404,-62.629,19.101,4.000,-54.838,28.017,16.537
151.410,-63.359,20.000,4.000,-53.389,29.176,13.908
151.416,-63.359,20.000,4.000,-55.109,29.140,11.363
151.422,-63.359,20.614,4.000,-56.077,29.344,9.194
151.427,-62.629,22.870,4.000,-56.312,29.824,6.675
151.433,-62.629,27.526,4.000,-58.356,30.848,3.915
151.439,-62.629,27.526,4.000,-60.238,31.258,-0.338
151.444,-62.629,27.526,4.000,-58.704,30.633,-3.704
151.450,-61.190,32.418,4.000,-58.260,30.725,-6.010
151.456,-61.190,32.418,4.000,-60.292,33.033,-9.833
151.462,-61.190,32.418,4.000,-59.765,34.510,-12.834
151.467,-61.190,32.418,4.000,-58.737,38.570,-14.712
151.473,-58.389,38.442,4.000,-57.271,42.481,-14.781
151.479,-58.389,38.442,4.000,-55.988,44.442,-16.249
151.485,-58.389,38.442,4.000,-54.980,46.366,-16.197
151.490,-55.033,44.744,4.000,-54.779,50.394,-16.710
151.496,-55.033,44.744,4.000,-54.572,54.598,-17.557
151.502,-55.033,44.744,4.000,-55.690,56.348,-17.925
151.508,-55.033,44.744,4.000,-55.082,58.301,-17.572
151.513,-49.377,58.389,4.000,-55.294,59.945,-18.018
151.519,-48.185,59.776,4.000,-55.118,61.381,-19.015
151.525,-48.185,59.776,4.000,-53.935,61.795,-20.126
151.530,-48.185,59.776,4.000,-51.657,62.270,-20.927
151.536,-48.185,59.776,4.000,-53.044,64.733,-22.438
151.542,-38.939,68.659,4.000,-52.521,66.120,-23.146
151.548,-38.939,68.659,4.000,-51.885,68.547,-23.812
151.553,-38.939,68.659,4.000,-49.549,70.276,-24.230
151.559,-30.720,71.036,4.000,-48.825,71.993,-24.975
151.565,-30.720,71.036,4.000,-46.301,73.572,-24.696
151.570,-30.720,71.036,4.000,-44.964,73.931,-24.463
151.576,-30.720,71.036,4.000,-42.229,74.079,-25.581
151.582,-30.306,71.036,3.000,-40.594,75.373,-26.010
151.588,-30.306,71.036,3.000,-39.440,77.582,-25.963
151.593,-30.306,71.036,3.000,-37.516,80.839,-27.540
151.599,-30.720,88.603,3.000,-36.968,83.631,-29.105
151.605,-30.720,98.596,4.000,-34.924,86.508,-29.585
151.610,-30.720,98.596,4.000,-32.387,86.740,-29.714
151.616,-30.720,98.596,4.000,-30.487,86.171,-31.126
151.622,-30.720,108.336,3.000,-28.336,87.533,-31.484
151.627,-30.720,108.336,3.000,-27.007,90.373,-30.852
151.633,-30.720,108.336,3.000,-25.847,93.981,-29.435
151.639,-30.720,108.336,3.000,-25.871,97.275,-29.922
151.645,-29.090,118.828,3.000,-25.386,98.987,-29.437
151.650,-29.090,118.828,3.000,-25.288,103.134,-27.117
151.656,-24.236,122.499,3.000,-25.492,107.752,-25.185
151.662,-24.236,122.499,3.000,-24.649,114.350,-23.333
151.667,-22.538,123.743,3.000,-24.157,119.745,-21.554
151.673,-22.538,123.743,3.000,-22.792,123.490,-18.498
151.679,-22.538,123.743,3.000,-23.647,127.507,-16.604
151.685,-14.262,120.042,3.000,-24.277,132.605,-17.097
151.690,-10.638,118.828,3.000,-22.654,134.651,-16.510
151.696,-10.638,118.828,3.000,-22.056,136.575,-15.974
151.702,-10.638,118.828,3.000,-23.082,138.385,-18.052
151.708,-6.974,116.430,3.000,-21.952,140.354,-15.821
151.713,-6.974,116.430,3.000,-20.542,142.282,-15.259
151.719,-4.760,116.430,4.000,-19.368,144.042,-13.857
151.725,-4.760,116.430,4.000,-19.500,146.488,-11.201
151.731,-4.760,116.430,4.000,-19.135,149.806,-9.106
151.736,-4.760,116.430,4.000,-17.530,152.091,-8.086
151.742,-2.095,117.624,3.000,-16.352,156.121,-5.517
151.748,-2.095,117.624,3.000,-14.957,159.545,-3.784
151.753,-0.595,117.624,3.000,-11.399,160.032,-3.444
151.759,-0.595,117.624,3.000,-8.550,158.932,-2.941
151.764,0.000,117.624,3.000,-4.207,158.724,-2.446
151.771,0.000,117.624,3.000,-1.993,156.713,-1.483
151.778,0.000,117.624,3.000,0.911,151.405,0.823
151.783,0.000,117.624,3.000,2.059,146.433,1.836
151.789,0.000,118.828,3.000,4.472,143.279,3.310
151.796,0.000,118.828,3.000,7.629,141.246,4.342
151.801,0.000,118.828,3.000,10.625,140.921,5.635
151.808,0.000,117.624,3.000,11.731,139.195,6.072
151.813,0.000,117.624,3.000,12.774,139.452,6.546
151.818,0.000,117.624,3.000,13.477,138.679,8.029
151.823,0.000,117.624,3.000,14.617,138.539,9.714
151.828,0.000,117.624,3.000,15.525,137.878,11.666
151.833,0.000,117.624,3.000,14.890,137.230,12.657
151.838,0.000,117.624,3.000,15.640,136.915,15.265
151.843,2.095,88.603,3.000,14.493,137.744,16.605
151.849,2.095,88.603,3.000,13.608,137.503,16.635
151.855,2.095,88.603,3.000,11.296,138.029,17.089
151.861,4.114,76.836,3.000,10.414,138.038,16.120
151.866,4.435,76.836,3.000,9.138,136.196,14.560
151.872,4.435,76.836,3.000,8.258,135.678,13.048
151.878,4.435,76.836,3.000,8.308,134.941,10.091
151.884,5.928,72.656,3.000,8.753,132.608,9.095
151.889,6.796,68.659,3.000,8.185,133.883,7.434
151.895,6.796,68.659,3.000,8.367,134.625,5.502
151.901,6.796,68.659,3.000,9.374,133.548,5.632
151.906,10.638,56.356,3.000,9.473,133.082,5.869
151.912,11.276,50.592,3.000,8.364,129.502,5.147
151.918,11.276,50.592,3.000,8.386,126.572,3.884
151.923,11.276,50.592,3.000,6.930,122.386,4.113
151.929,17.665,20.927,3.000,4.075,117.201,3.312
151.935,17.665,20.927,3.000,4.314,110.678,5.123
151.941,17.665,20.927,3.000,4.324,102.335,3.285
151.946,17.665,20.927,3.000,4.772,94.350,3.260
151.952,31.560,2.399,3.000,5.907,88.840,3.485
151.957,31.560,2.399,3.000,6.548,84.131,2.647
151.963,31.560,2.399,3.000,7.883,79.297,4.356
151.968,31.560,2.399,3.000,10.468,73.776,5.049
151.973,31.560,2.399,3.000,15.178,68.479,6.410
151.979,31.560,2.399,3.000,19.594,65.042,5.703
151.984,31.560,2.399,3.000,23.762,60.621,6.895
151.990,47.016,-0.446,3.000,27.876,54.384,7.634
151.995,48.185,-0.446,3.000,31.761,47.662,7.752
152.001,48.185,-0.446,3.000,33.563,42.069,7.454
152.007,48.185,-0.446,3.000,34.854,37.102,7.086
152.012,53.093,-1.192,3.000,37.148,32.644,6.649
152.018,53.093,-1.192,3.000,38.528,28.235,6.844
152.023,58.389,-1.642,3.000,42.049,23.899,5.977
152.029,67.110,-6.974,3.000,43.303,20.181,5.343
152.035,67.110,-6.974,3.000,47.495,17.169,3.301
152.040,67.110,-6.974,3.000,51.880,14.484,1.182
152.046,71.842,-13.777,3.000,56.169,11.373,0.659
152.052,71.842,-13.777,3.000,60.802,8.448,0.433
152.058,80.315,-20.000,3.000,64.528,6.748,-0.286
152.063,80.315,-20.000,3.000,68.159,3.909,0.157
152.069,80.315,-20.000,3.000,70.481,1.922,-0.123
152.075,80.315,-20.000,3.000,73.321,0.432,-0.809
152.080,80.315,-20.000,3.000,74.466,0.044,-1.678
152.086,80.315,-20.000,3.000,76.228,-0.983,-2.005
152.092,150.799,-47.016,3.000,78.090,-1.635,-2.417
152.098,150.799,-47.016,3.000,81.034,-4.259,-2.570
152.103,182.363,-57.028,3.000,83.386,-7.268,-2.887
152.109,182.363,-57.028,3.000,86.402,-8.749,-1.247
152.115,203.686,-76.836,3.000,89.694,-9.206,0.474
152.121,207.425,-83.006,3.000,92.931,-8.368,1.174
152.126,207.425,-83.006,3.000,97.333,-9.633,2.376
152.132,207.425,-83.006,3.000,102.470,-10.729,3.604
152.138,224.932,-101.762,3.000,108.442,-13.291,6.010
152.144,228.978,-107.218,3.000,116.603,-16.706,6.796
152.149,228.978,-107.218,3.000,125.368,-19.633,8.366
152.155,228.978,-107.218,3.000,136.314,-24.518,8.539
152.161,226.948,-121.266,3.000,148.182,-27.630,9.011
152.167,224.932,-122.499,3.000,162.902,-34.302,9.461
152.173,224.932,-122.499,3.000,176.527,-42.200,7.840
152.178,224.932,-122.499,3.000,190.341,-51.304,7.355
152.184,224.932,-147.899,3.000,202.799,-60.471,6.442
152.190,224.932,-147.899,3.000,213.877,-69.262,4.560
152.195,224.932,-147.899,3.000,224.429,-78.220,2.782
152.201,224.932,-147.899,3.000,235.330,-88.912,0.930
152.207,224.932,-162.854,3.000,246.149,-98.978,0.798
152.213,224.932,-162.854,3.000,254.756,-109.796,0.512
152.218,224.932,-162.854,3.000,261.466,-119.374,-0.259
152.224,224.932,-162.854,3.000,265.190,-127.780,-0.118
152.230,226.948,-170.770,3.000,269.550,-135.581,0.468
152.236,226.948,-170.770,3.000,270.516,-142.878,1.242
152.241,220.943,-205.549,3.000,271.202,-148.869,3.360
152.247,220.943,-205.549,3.000,270.253,-152.736,3.822
152.253,220.943,-205.549,3.000,268.205,-157.460,4.416
152.258,184.068,-228.978,3.000,265.081,-161.017,5.650
152.264,169.163,-226.948,3.000,260.817,-163.669,5.483
152.270,169.163,-226.948,3.000,254.555,-166.017,4.790
152.276,169.163,-226.948,3.000,247.277,-170.163,3.579
152.282,118.828,-226.948,3.000,239.620,-172.548,2.832
152.287,91.512,-224.932,4.000,231.976,-178.069,2.105
152.293,91.512,-224.932,4.000,222.109,-180.895,1.397
152.299,91.512,-224.932,4.000,212.884,-184.235,-0.349
152.304,82.101,-265.759,3.000,204.595,-187.124,-0.004
152.310,82.101,-265.759,3.000,194.786,-188.359,0.044
152.316,82.101,-265.759,3.000,184.354,-190.492,-1.334
152.322,90.534,-289.501,3.000,173.770,-193.943,-2.497
152.327,90.534,-289.501,3.000,162.644,-197.789,-2.855
152.333,91.512,-301.990,3.000,151.184,-200.821,-1.893
152.339,91.512,-301.990,3.000,139.473,-205.895,-1.573
152.345,91.512,-304.539,3.000,128.010,-211.058,-2.127
152.351,91.512,-304.539,3.000,117.617,-217.411,-0.975
152.356,83.006,-317.540,3.000,109.098,-223.364,-1.034
152.362,83.006,-317.540,3.000,100.182,-230.284,-1.209
152.368,77.694,-322.863,3.000,92.569,-237.385,-1.893
152.374,63.359,-325.551,3.000,87.684,-245.751,-1.976
152.379,63.359,-325.551,3.000,83.143,-252.430,-3.315
152.385,57.705,-325.551,3.000,79.354,-256.530,-4.078
152.391,55.033,-325.551,3.000,77.462,-262.408,-3.263
152.397,55.033,-325.551,3.000,76.867,-267.846,-2.244
152.403,55.033,-325.551,3.000,75.651,-275.774,-2.262
152.408,48.185,-325.551,3.000,76.146,-284.419,-1.928
152.414,48.185,-325.551,3.000,74.534,-293.167,-3.065
152.420,42.027,-325.551,3.000,75.267,-302.869,-2.993
152.426,42.027,-325.551,3.000,76.534,-312.273,-1.898
152.431,38.442,-325.551,3.000,77.599,-319.341,-1.183
152.437,38.442,-325.551,3.000,78.115,-323.859,-0.357
152.443,38.442,-325.551,3.000,76.532,-328.781,0.070
152.449,38.442,-325.551,3.000,75.788,-330.515,1.182
152.454,27.911,-325.551,3.000,74.889,-332.520,2.390
152.460,27.911,-325.551,3.000,73.996,-333.292,1.118
152.466,27.911,-325.551,3.000,72.934,-333.404,1.167
152.472,27.911,-325.551,3.000,72.644,-335.015,0.910
152.477,27.911,-325.551,3.000,70.820,-335.417,-0.369
152.483,27.911,-325.551,3.000,68.926,-336.338,-0.358
152.489,7.515,-294.446,3.000,65.748,-336.629,-0.911
152.494,7.515,-294.446,3.000,62.114,-337.763,0.491
152.500,6.445,-289.501,3.000,57.334,-336.795,1.295
152.506,6.445,-289.501,3.000,52.159,-336.271,1.900
152.512,6.445,-289.501,3.000,46.773,-334.036,2.442
152.517,6.445,-289.501,3.000,40.936,-331.346,4.587
152.523,0.297,-270.379,3.000,34.310,-329.226,5.563
152.528,0.000,-252.277,3.000,27.957,-325.977,6.215
152.535,0.000,-245.744,3.000,20.356,-322.228,6.128
152.540,0.000,-245.744,3.000,16.084,-317.152,3.511
152.545,0.000,-245.744,3.000,11.574,-313.728,3.039
152.550,0.000,-243.596,3.000,8.444,-308.870,3.053
152.555,0.000,-243.596,3.000,5.912,-302.331,5.456
152.560,0.000,-241.463,3.000,0.402,-292.970,8.894
152.565,0.000,-241.463,3.000,-4.674,-283.353,9.498
152.570,0.000,-241.463,3.000,-9.337,-278.063,10.028
152.575,0.000,-220.943,3.000,-13.334,-271.908,7.091
152.580,-0.148,-200.001,3.000,-16.370,-267.277,4.744
152.585,-0.148,-200.001,3.000,-18.389,-263.661,4.477
152.590,-0.595,-178.988,3.000,-19.394,-258.114,3.510
152.596,-0.595,-178.988,3.000,-19.920,-250.734,3.272
152.601,-0.595,-178.988,3.000,-20.652,-243.633,3.916
152.607,-5.088,-156.734,3.000,-21.367,-236.988,5.120
152.613,-5.088,-156.734,3.000,-21.550,-231.408,5.935
152.618,-5.088,-156.734,3.000,-19.634,-227.059,6.146
152.624,-5.088,-156.734,3.000,-17.433,-221.385,6.333
152.630,-19.101,-99.642,4.000,-16.178,-216.691,5.788
152.636,-21.883,-91.512,4.000,-15.569,-211.317,5.433
152.641,-28.693,-58.389,4.000,-15.345,-204.237,3.825
152.647,-28.693,-58.389,4.000,-15.544,-195.659,2.177
152.653,-28.693,-58.389,4.000,-16.476,-187.988,2.708
152.658,-28.693,-58.389,4.000,-17.978,-178.461,2.144
152.664,-28.693,-58.389,4.000,-20.292,-169.127,1.030
152.670,-28.693,-58.389,4.000,-23.336,-160.885,1.981
152.676,-50.592,-39.441,4.000,-25.498,-150.673,1.593
152.681,-58.389,-21.561,4.000,-27.765,-140.246,3.193
152.687,-58.389,-21.561,4.000,-29.878,-130.505,4.335
152.693,-63.359,-18.808,4.000,-31.977,-120.220,5.950
152.698,-67.110,-17.111,4.000,-33.551,-108.460,6.857
152.704,-67.110,-17.111,4.000,-37.299,-96.167,6.151
152.710,-67.110,-17.111,4.000,-40.776,-85.857,6.382
152.716,-76.836,-5.421,4.000,-46.105,-72.768,5.860
152.722,-76.836,-5.421,4.000,-52.155,-61.253,7.584
152.727,-84.840,-0.595,4.000,-58.834,-48.644,7.189
152.733,-84.840,-0.595,4.000,-65.257,-37.492,8.551
152.738,-83.919,-0.297,4.000,-71.467,-26.086,9.702
152.743,-83.919,-0.297,4.000,-77.715,-15.201,8.084
152.749,-83.919,-0.297,4.000,-82.669,-5.356,7.828
152.754,-71.842,-0.148,4.000,-88.031,4.228,6.280
152.759,-71.842,0.000,5.000,-93.554,10.867,4.247
152.764,-71.842,0.000,5.000,-98.941,16.009,4.065
152.769,-71.842,0.000,5.000,-104.020,18.471,5.805
152.775,-73.477,3.325,5.000,-107.410,19.570,7.028
152.780,-73.477,6.974,6.000,-110.043,20.571,6.951
152.786,-73.477,6.974,6.000,-112.334,21.748,7.618
152.792,-73.477,6.974,6.000,-115.304,25.050,7.135
152.797,-72.656,16.302,6.000,-115.563,26.394,6.522
152.803,-69.444,19.697,6.000,-114.243,27.234,6.199
152.809,-69.444,19.697,6.000,-113.748,27.622,7.049
152.815,-69.444,19.697,6.000,-112.103,24.964,6.600
152.821,-58.389,39.441,6.000,-111.880,23.142,5.390
152.826,-56.356,39.948,6.000,-111.764,21.948,4.004
152.832,-56.356,39.948,6.000,-110.612,20.228,3.628
152.838,-52.459,53.734,6.000,-109.211,19.431,3.640
152.844,-49.377,57.705,6.000,-107.515,17.253,3.423
152.849,-49.377,57.705,6.000,-105.735,15.620,3.550
152.855,-49.377,57.705,6.000,-103.400,15.024,3.968
152.861,-47.597,71.842,6.000,-101.166,14.569,2.630
152.867,-47.597,71.842,6.000,-99.522,16.110,1.780
152.872,-47.597,71.842,6.000,-97.854,16.778,1.604
152.878,-47.597,71.842,6.000,-97.419,19.442,1.977
152.884,-48.185,107.218,6.000,-95.501,22.938,2.208
152.890,-48.185,111.748,6.000,-93.913,28.713,3.248
152.895,-48.185,111.748,6.000,-91.486,33.078,6.334
152.901,-48.185,111.748,6.000,-89.719,39.238,8.764
152.907,-48.185,126.260,6.000,-89.124,47.671,10.218
152.912,-47.016,139.464,6.000,-88.947,57.093,11.825
152.918,-47.016,139.464,6.000,-88.253,68.137,13.612
152.924,-47.016,139.464,6.000,-88.734,79.874,14.967
152.929,-47.016,139.464,6.000,-89.143,92.066,15.873
152.935,-44.744,155.233,6.000,-89.724,105.267,18.168
152.941,-44.744,155.233,6.000,-91.533,119.117,18.658
152.947,-44.744,155.233,6.000,-92.903,132.550,20.837
152.952,-44.190,143.632,6.000,-93.893,145.254,21.412
152.958,-44.190,134.057,6.000,-96.120,157.243,21.584
152.964,-44.190,134.057,6.000,-97.456,167.266,22.487
152.970,-44.190,134.057,6.000,-98.458,176.400,22.493
152.975,-44.190,118.828,6.000,-98.884,185.436,22.992
152.981,-43.641,111.748,6.000,-98.923,193.720,22.915
152.987,-43.641,111.748,6.000,-99.821,200.702,21.998
152.992,-43.641,111.748,6.000,-100.541,203.860,21.489
152.998,-43.641,111.748,6.000,-100.255,205.602,21.926
153.004,-43.641,111.748,6.000,-100.725,205.133,22.304
153.010,-43.641,111.748,6.000,-99.316,203.339,21.801
153.015,-43.641,111.748,6.000,-98.837,197.549,19.378
153.021,-43.641,75.141,5.000,-99.584,193.154,19.588
153.027,-43.641,73.477,5.000,-98.509,186.738,19.865
153.033,-43.641,73.477,5.000,-97.832,179.422,20.669
153.038,-43.641,73.477,5.000,-96.155,172.538,19.487
153.044,-43.641,51.208,5.000,-95.456,165.261,18.655
153.050,-43.641,44.744,5.000,-94.309,155.970,18.841
153.056,-43.641,44.744,5.000,-96.485,146.718,16.643
153.061,-43.641,44.744,5.000,-98.324,137.737,16.479
153.067,-43.641,44.744,5.000,-97.584,128.127,17.107
153.073,-43.641,44.744,5.000,-96.938,119.939,17.034
153.079,-43.641,44.744,5.000,-95.988,109.602,17.976
153.084,-43.641,36.031,5.000,-96.731,101.589,17.799
153.090,-43.641,36.031,5.000,-94.940,94.570,18.942
153.096,-43.098,36.031,5.000,-95.591,89.288,19.204
153.101,-43.098,36.031,5.000,-94.909,84.579,17.955
153.107,-43.098,36.031,5.000,-94.680,81.581,19.564
153.113,-43.098,36.031,5.000,-96.195,80.678,17.482
153.119,-43.098,36.031,5.000,-97.579,78.548,16.962
153.124,-43.098,36.031,5.000,-99.104,78.724,16.194
153.130,-43.641,36.031,5.000,-99.952,80.446,14.434
153.136,-43.098,36.031,5.000,-99.965,80.555,14.152
153.141,-43.098,36.031,5.000,-99.733,81.637,14.275
153.147,-43.098,36.031,5.000,-97.492,82.596,13.748
153.153,-43.098,34.188,5.000,-95.638,86.105,13.780
153.158,-43.098,33.294,5.000,-96.871,89.509,12.420
153.164,-43.098,33.294,5.000,-97.900,93.246,11.858
153.170,-43.098,33.294,5.000,-96.981,93.312,12.269
153.176,-38.442,24.941,4.000,-96.798,95.865,11.244
153.181,-38.442,24.941,4.000,-96.990,97.574,10.217
153.187,-38.442,24.941,4.000,-96.756,98.186,8.165
153.193,-35.563,23.206,4.000,-96.615,99.661,7.214
153.198,-35.563,22.538,5.000,-94.518,98.754,6.279
153.204,-35.563,21.561,5.000,-92.028,98.839,5.825
153.210,-35.563,21.561,5.000,-92.218,100.067,5.139
153.215,-35.563,20.927,5.000,-88.963,98.202,5.431
153.221,-35.563,21.561,4.000,-87.231,95.736,5.472
153.227,-35.563,21.561,4.000,-85.934,94.027,4.908
153.233,-35.563,21.561,4.000,-84.868,91.197,2.129
153.238,-36.031,20.614,4.000,-82.460,86.399,3.074
153.244,-36.031,20.614,4.000,-79.575,84.457,2.312
153.250,-36.031,20.614,4.000,-79.346,82.132,2.196
153.255,-36.031,20.614,4.000,-80.171,81.890,1.612
153.261,-42.027,20.305,5.000,-81.689,78.566,0.455
153.267,-42.027,20.305,5.000,-80.760,74.373,-0.578
153.273,-57.705,21.883,5.000,-82.248,70.008,-0.219
153.278,-57.705,21.883,5.000,-84.043,66.840,-1.409
153.284,-61.906,22.209,5.000,-86.036,65.412,-2.410
153.290,-61.906,22.209,5.000,-90.371,65.036,-4.904
153.295,-61.906,22.209,5.000,-93.471,64.400,-5.529
153.301,-86.705,27.145,5.000,-97.260,63.311,-4.170
153.307,-96.529,34.188,5.000,-100.832,62.762,-4.372
153.313,-96.529,34.188,5.000,-103.140,61.078,-4.303
153.318,-96.529,34.188,5.000,-106.968,59.961,-4.040
153.324,-111.748,37.463,5.000,-109.110,59.123,-3.876
153.330,-117.624,38.939,5.000,-110.941,58.886,-3.916
153.335,-117.624,38.939,5.000,-114.450,58.801,-5.404
153.341,-117.624,38.939,5.000,-118.268,58.886,-5.225
153.347,-118.828,44.190,5.000,-122.490,57.915,-3.512
153.353,-118.828,44.190,5.000,-128.457,56.758,-2.785
153.358,-118.828,44.190,5.000,-133.763,56.071,-1.336
153.364,-118.828,44.190,5.000,-140.880,54.178,0.094
153.370,-118.828,44.190,5.000,-146.854,52.037,2.031
153.375,-128.818,62.629,4.000,-152.735,50.282,3.162
153.381,-128.818,62.629,4.000,-159.742,50.756,5.435
153.387,-128.818,62.629,4.000,-166.612,49.973,5.859
153.393,-126.260,93.493,4.000,-171.645,48.101,8.097
153.398,-126.260,93.493,4.000,-177.910,47.828,8.712
153.404,-120.042,110.602,4.000,-185.726,47.740,7.806
153.410,-120.042,110.602,4.000,-189.715,48.422,7.457
153.415,-114.070,114.070,4.000,-194.190,51.081,7.885
153.421,-114.070,114.070,4.000,-197.684,51.928,8.937
153.427,-91.512,122.499,4.000,-202.038,60.123,9.109
153.433,-91.512,122.499,4.000,-203.170,67.616,10.151
153.438,-75.985,121.266,4.000,-203.109,75.177,8.587
153.444,-59.776,120.042,4.000,-201.013,85.941,8.736
153.450,-59.776,120.042,4.000,-197.309,97.339,9.064
153.455,-59.776,120.042,4.000,-191.772,109.076,8.976
153.461,-41.500,110.602,4.000,-185.668,123.643,8.376
153.467,-37.950,108.336,4.000,-178.880,138.572,7.923
153.473,-37.950,108.336,4.000,-168.222,151.329,7.797
153.478,-37.950,108.336,4.000,-155.371,161.273,9.194
153.484,-30.306,106.108,4.000,-143.423,172.346,7.078
153.490,-30.306,106.108,4.000,-129.340,182.153,7.520
153.495,-30.306,106.108,4.000,-115.593,189.688,6.176
153.501,-30.306,105.008,4.000,-101.180,196.034,5.558
153.507,-29.491,106.108,4.000,-88.594,197.521,5.185
153.513,-29.491,106.108,4.000,-77.876,199.114,3.186
153.518,-29.491,106.108,4.000,-69.199,199.987,1.756
153.524,-24.941,106.108,4.000,-61.938,198.065,0.873
153.530,-24.236,106.108,4.000,-55.931,191.155,-0.439
153.535,-24.236,106.108,4.000,-52.406,186.088,-1.753
153.541,-24.236,106.108,4.000,-48.337,180.262,-2.127
153.547,-15.261,90.534,4.000,-46.945,173.184,-2.475
153.552,-15.261,90.534,4.000,-47.651,165.180,-1.483
153.558,-15.261,90.534,4.000,-49.810,157.315,-2.947
153.564,-15.261,90.534,4.000,-51.431,148.817,-1.687
153.570,-4.435,65.589,4.000,-51.897,139.867,-0.274
153.575,-1.793,59.776,4.000,-54.267,132.465,0.388
153.581,-1.793,59.776,4.000,-55.713,122.615,2.608
153.587,-1.793,59.776,4.000,-57.878,113.186,2.125
153.592,0.297,57.705,5.000,-60.106,104.007,2.890
153.598,0.297,57.705,5.000,-63.436,98.062,2.338
153.603,0.297,57.705,5.000,-65.085,92.461,1.504
153.608,4.114,86.705,7.000,-64.221,85.886,1.328
153.614,5.758,98.596,8.000,-62.493,80.844,1.389
153.620,5.758,98.596,8.000,-60.712,78.202,-1.215
153.626,5.758,98.596,8.000,-57.229,77.862,-3.205
153.631,5.758,98.596,8.000,-51.003,78.326,-6.231
153.637,5.758,98.596,8.000,-43.425,81.627,-10.228
153.643,5.758,98.596,8.000,-36.378,85.671,-10.922
153.649,5.758,98.596,8.000,-27.795,88.839,-11.058
153.654,5.758,98.596,8.000,-19.093,93.094,-12.452
153.660,5.758,98.596,8.000,-11.455,99.184,-12.126
153.666,5.758,98.596,8.000,-8.774,102.435,-12.447
153.671,5.758,98.596,8.000,-8.774,102.435,-12.447
153.676,5.758,98.596,8.000,-8.774,102.435,-12.447
153.682,5.758,98.596,8.000,-8.774,102.435,-12.447
153.687,5.758,98.596,8.000,-8.774,102.435,-12.447
153.692,5.758,98.596,8.000,-8.774,102.435,-12.447
153.697,5.758,98.596,8.000,-8.774,102.435,-12.447
153.702,5.758,98.596,8.000,-8.774,102.435,-12.447
153.708,5.758,98.596,8.000,-8.774,102.435,-12.447
153.713,5.758,98.596,8.000,-8.774,102.435,-12.447
153.718,5.758,98.596,8.000,-8.774,102.435,-12.447
153.723,5.758,98.596,8.000,-8.774,102.435,-12.447
153.728,5.758,98.596,8.000,-8.774,102.435,-12.447
153.734,5.758,98.596,8.000,-8.774,102.435,-12.447
153.739,5.758,98.596,8.000,-8.774,102.435,-12.447
153.744,5.758,98.596,8.000,-8.774,102.435,-12.447
153.749,5.758,98.596,8.000,-8.774,102.435,-12.447
153.755,5.758,98.596,8.000,-8.774,102.435,-12.447
153.760,5.758,98.596,8.000,-8.774,102.435,-12.447
153.765,5.758,98.596,8.000,-8.774,102.435,-12.447
153.770,5.758,98.596,8.000,-8.774,102.435,-12.447
153.775,5.758,98.596,8.000,-8.774,102.435,-12.447
153.780,5.758,98.596,8.000,-8.774,102.435,-12.447
153.786,5.758,98.596,8.000,-8.774,102.435,-12.447
153.791,5.758,98.596,8.000,-8.774,102.435,-12.447
153.796,5.758,98.596,8.000,-8.774,102.435,-12.447
153.801,5.758,98.596,8.000,-8.774,102.435,-12.447
153.807,5.758,98.596,8.000,-8.774,102.435,-12.447
153.812,5.758,98.596,8.000,-8.774,102.435,-12.447
153.817,5.758,98.596,8.000,-8.774,102.435,-12.447
153.822,5.758,98.596,8.000,-8.774,102.435,-12.447
153.827,5.758,98.596,8.000,-8.774,102.435,-12.447
153.833,5.758,98.596,8.000,-8.774,102.435,-12.447
153.838,5.758,98.596,8.000,-8.774,102.435,-12.447
153.843,5.758,98.596,8.000,-8.774,102.435,-12.447
153.848,5.758,98.596,8.000,-8.774,102.435,-12.447
153.854,5.758,98.596,8.000,-8.774,102.435,-12.447
153.859,5.758,98.596,8.000,-8.774,102.435,-12.447
153.864,5.758,98.596,8.000,-8.774,102.435,-12.447
153.869,5.758,98.596,8.000,-8.774,102.435,-12.447
153.875,5.758,98.596,8.000,-8.774,102.435,-12.447
153.880,5.758,98.596,8.000,-8.774,102.435,-12.447
153.885,5.758,98.596,8.000,-8.774,102.435,-12.447
153.890,5.758,98.596,8.000,-8.774,102.435,-12.447
153.896,5.758,98.596,8.000,-8.774,102.435,-12.447
153.901,5.758,98.596,8.000,-8.774,102.435,-12.447
153.906,5.758,98.596,8.000,-8.774,102.435,-12.447
153.912,5.758,98.596,8.000,-8.774,102.435,-12.447
153.917,5.758,98.596,8.000,-8.774,102.435,-12.447
153.922,5.758,98.596,8.000,-8.774,102.435,-12.447
153.928,5.758,98.596,8.000,-8.774,102.435,-12.447
153.933,5.758,98.596,8.000,-8.774,102.435,-12.447
153.938,5.758,98.596,8.000,-8.774,102.435,-12.447
153.944,5.758,98.596,8.000,-8.774,102.435,-12.447
153.949,5.758,98.596,8.000,-8.774,102.435,-12.447
153.955,5.758,98.596,8.000,-8.774,102.435,-12.447
153.960,5.758,98.596,8.000,-8.774,102.435,-12.447
153.966,5.758,98.596,8.000,-8.774,102.435,-12.447
153.971,5.758,98.596,8.000,-8.774,102.435,-12.447
153.976,5.758,98.596,8.000,-8.774,102.435,-12.447
153.982,5.758,98.596,8.000,-8.774,102.435,-12.447
153.987,5.758,98.596,8.000,-8.774,102.435,-12.447
153.992,5.758,98.596,8.000,-8.774,102.435,-12.447
153.997,5.758,98.596,8.000,-8.774,102.435,-12.447
154.003,5.758,98.596,8.000,-8.774,102.435,-12.447
154.008,5.758,98.596,8.000,-8.774,102.435,-12.447
154.013,5.758,98.596,8.000,-8.774,102.435,-12.447
154.019,5.758,98.596,8.000,-8.774,102.435,-12.447
154.024,5.758,98.596,8.000,-8.774,102.435,-12.447
154.029,5.758,98.596,8.000,-8.774,102.435,-12.447
154.034,5.758,98.596,8.000,-8.774,102.435,-12.447
154.039,5.758,98.596,8.000,-8.774,102.435,-12.447
154.045,5.758,98.596,8.000,-8.774,102.435,-12.447
154.050,5.758,98.596,8.000,-8.774,102.435,-12.447
154.055,5.758,98.596,8.000,-8.774,102.435,-12.447
154.061,5.758,98.596,8.000,-8.774,102.435,-12.447
154.066,5.758,98.596,8.000,-8.774,102.435,-12.447
154.071,5.758,98.596,8.000,-8.774,102.435,-12.447
154.076,5.758,98.596,8.000,-8.774,102.435,-12.447
154.082,5.758,98.596,8.000,-8.774,102.435,-12.447
154.087,5.758,98.596,8.000,-8.774,102.435,-12.447
154.092,5.758,98.596,8.000,-8.774,102.435,-12.447
154.097,5.758,98.596,8.000,-8.774,102.435,-12.447
154.102,5.758,98.596,8.000,-8.774,102.435,-12.447
154.107,5.758,98.596,8.000,-8.774,102.435,-12.447
154.112,5.758,98.596,8.000,-8.774,102.435,-12.447
154.118,5.758,98.596,8.000,-8.774,102.435,-12.447
154.123,5.758,98.596,8.000,-8.774,102.435,-12.447
154.128,5.758,98.596,8.000,-8.774,102.435,-12.447
154.133,5.758,98.596,8.000,-8.774,102.435,-12.447
154.138,5.758,98.596,8.000,-8.774,102.435,-12.447
154.143,5.758,98.596,8.000,-8.774,102.435,-12.447
154.148,5.758,98.596,8.000,-8.774,102.435,-12.447
154.153,5.758,98.596,8.000,-8.774,102.435,-12.447
154.159,5.758,98.596,8.000,-8.774,102.435,-12.447
154.164,5.758,98.596,8.000,-8.774,102.435,-12.447
154.169,5.758,98.596,8.000,-8.774,102.435,-12.447
154.174,5.758,98.596,8.000,-8.774,102.435,-12.447
154.179,5.758,98.596,8.000,-8.774,102.435,-12.447
154.184,5.758,98.596,8.000,-8.774,102.435,-12.447
154.190,5.758,98.596,8.000,-8.774,102.435,-12.447
154.195,5.758,98.596,8.000,-8.774,102.435,-12.447
154.200,5.758,98.596,8.000,-8.774,102.435,-12.447
154.205,5.758,98.596,8.000,-8.774,102.435,-12.447
154.210,5.758,98.596,8.000,-8.774,102.435,-12.447
154.215,5.758,98.596,8.000,-8.774,102.435,-12.447
154.220,5.758,98.596,8.000,-8.774,102.435,-12.447
154.226,5.758,98.596,8.000,-8.774,102.435,-12.447
154.231,5.758,98.596,8.000,-8.774,102.435,-12.447
154.236,5.758,98.596,8.000,-8.774,102.435,-12.447
154.241,5.758,98.596,8.000,-8.774,102.435,-12.447
154.246,5.758,98.596,8.000,-8.774,102.435,-12.447
154.251,5.758,98.596,8.000,-8.774,102.435,-12.447
154.256,5.758,98.596,8.000,-8.774,102.435,-12.447
154.262,5.758,98.596,8.000,-8.774,102.435,-12.447
154.267,5.758,98.596,8.000,-8.774,102.435,-12.447
154.272,5.758,98.596,8.000,-8.774,102.435,-12.447
154.277,5.758,98.596,8.000,-8.774,102.435,-12.447
154.282,5.758,98.596,8.000,-8.774,102.435,-12.447
154.287,5.758,98.596,8.000,-8.774,102.435,-12.447
154.293,5.758,98.596,8.000,-8.774,102.435,-12.447
154.298,5.758,98.596,8.000,-8.774,102.435,-12.447
154.303,5.758,98.596,8.000,-8.774,102.435,-12.447
154.308,5.758,98.596,8.000,-8.774,102.435,-12.447
154.313,5.758,98.596,8.000,-8.774,102.435,-12.447
154.318,5.758,98.596,8.000,-8.774,102.435,-12.447
154.323,5.758,98.596,8.000,-8.774,102.435,-12.447
154.329,5.758,98.596,8.000,-8.774,102.435,-12.447
154.334,5.758,98.596,8.000,-8.774,102.435,-12.447
154.339,5.758,98.596,8.000,-8.774,102.435,-12.447
154.344,5.758,98.596,8.000,-8.774,102.435,-12.447
154.349,5.758,98.596,8.000,-8.774,102.435,-12.447
154.354,5.758,98.596,8.000,-8.774,102.435,-12.447
154.359,5.758,98.596,8.000,-8.774,102.435,-12.447
154.364,5.758,98.596,8.000,-8.774,102.435,-12.447
154.370,5.758,98.596,8.000,-8.774,102.435,-12.447
154.375,5.758,98.596,8.000,-8.774,102.435,-12.447
154.380,5.758,98.596,8.000,-8.774,102.435,-12.447
154.385,5.758,98.596,8.000,-8.774,102.435,-12.447
154.390,5.758,98.596,8.000,-8.774,102.435,-12.447
154.395,5.758,98.596,8.000,-8.774,102.435,-12.447
154.400,5.758,98.596,8.000,-8.774,102.435,-12.447
154.406,5.758,98.596,8.000,-8.774,102.435,-12.447
154.411,5.758,98.596,8.000,-8.774,102.435,-12.447
154.416,5.758,98.596,8.000,-8.774,102.435,-12.447
154.421,5.758,98.596,8.000,-8.774,102.435,-12.447
154.426,5.758,98.596,8.000,-8.774,102.435,-12.447
154.431,5.758,98.596,8.000,-8.774,102.435,-12.447
154.437,5.758,98.596,8.000,-8.774,102.435,-12.447
154.442,5.758,98.596,8.000,-8.774,102.435,-12.447
154.447,5.758,98.596,8.000,-8.774,102.435,-12.447
154.452,5.758,98.596,8.000,-8.774,102.435,-12.447
154.457,5.758,98.596,8.000,-8.774,102.435,-12.447
154.462,5.758,98.596,8.000,-8.774,102.435,-12.447
154.467,5.758,98.596,8.000,-8.774,102.435,-12.447
154.472,5.758,98.596,8.000,-8.774,102.435,-12.447
154.477,5.758,98.596,8.000,-8.774,102.435,-12.447
154.482,5.758,98.596,8.000,-8.774,102.435,-12.447
154.487,5.758,98.596,8.000,-8.774,102.435,-12.447
154.492,5.758,98.596,8.000,-8.774,102.435,-12.447
154.498,5.758,98.596,8.000,-8.774,102.435,-12.447
154.503,5.758,98.596,8.000,-8.774,102.435,-12.447
154.508,5.758,98.596,8.000,-8.774,102.435,-12.447
154.513,5.758,98.596,8.000,-8.774,102.435,-12.447
154.518,5.758,98.596,8.000,-8.774,102.435,-12.447
154.523,5.758,98.596,8.000,-8.774,102.435,-12.447
154.528,5.758,98.596,8.000,-8.774,102.435,-12.447
154.533,5.758,98.596,8.000,-8.774,102.435,-12.447
154.538,5.758,98.596,8.000,-8.774,102.435,-12.447
154.543,5.758,98.596,8.000,-8.774,102.435,-12.447
154.548,5.758,98.596,8.000,-8.774,102.435,-12.447
154.554,5.758,98.596,8.000,-8.774,102.435,-12.447
154.559,5.758,98.596,8.000,-8.774,102.435,-12.447
154.564,5.758,98.596,8.000,-8.774,102.435,-12.447
154.569,5.758,98.596,8.000,-8.774,102.435,-12.447
154.574,5.758,98.596,8.000,-8.774,102.435,-12.447
154.579,5.758,98.596,8.000,-8.774,102.435,-12.447
154.584,5.758,98.596,8.000,-8.774,102.435,-12.447
154.589,5.758,98.596,8.000,-8.774,102.435,-12.447
154.594,5.758,98.596,8.000,-8.774,102.435,-12.447
154.599,5.758,98.596,8.000,-8.774,102.435,-12.447
154.604,5.758,98.596,8.000,-8.774,102.435,-12.447
154.609,5.758,98.596,8.000,-8.774,102.435,-12.447
154.614,5.758,98.596,8.000,-8.774,102.435,-12.447
154.620,5.758,98.596,8.000,-8.774,102.435,-12.447
154.625,5.758,98.596,8.000,-8.774,102.435,-12.447
154.630,5.758,98.596,8.000,-8.774,102.435,-12.447
154.635,5.758,98.596,8.000,-8.774,102.435,-12.447
154.640,5.758,98.596,8.000,-8.774,102.435,-12.447
154.645,5.758,98.596,8.000,-8.774,102.435,-12.447
154.650,5.758,98.596,8.000,-8.774,102.435,-12.447
154.655,5.758,98.596,8.000,-8.774,102.435,-12.447
154.660,5.758,98.596,8.000,-8.774,102.435,-12.447
154.665,5.758,98.596,8.000,-8.774,102.435,-12.447
154.670,5.758,98.596,8.000,-8.774,102.435,-12.447
154.676,5.758,98.596,8.000,-8.774,102.435,-12.447
154.681,5.758,98.596,8.000,-8.774,102.435,-12.447
154.686,5.758,98.596,8.000,-8.774,102.435,-12.447
154.691,5.758,98.596,8.000,-8.774,102.435,-12.447
154.696,5.758,98.596,8.000,-8.774,102.435,-12.447
154.701,5.758,98.596,8.000,-8.774,102.435,-12.447
154.706,5.758,98.596,8.000,-8.774,102.435,-12.447
154.711,5.758,98.596,8.000,-8.774,102.435,-12.447
154.716,5.758,98.596,8.000,-8.774,102.435,-12.447
154.721,5.758,98.596,8.000,-8.774,102.435,-12.447
154.726,5.758,98.596,8.000,-8.774,102.435,-12.447
154.731,5.758,98.596,8.000,-8.774,102.435,-12.447
154.736,5.758,98.596,8.000,-8.774,102.435,-12.447
154.742,5.758,98.596,8.000,-8.774,102.435,-12.447
154.747,5.758,98.596,8.000,-8.774,102.435,-12.447
154.752,5.758,98.596,8.000,-8.774,102.435,-12.447
154.757,5.758,98.596,8.000,-8.774,102.435,-12.447
154.762,5.758,98.596,8.000,-8.774,102.435,-12.447
154.767,5.758,98.596,8.000,-8.774,102.435,-12.447
154.772,5.758,98.596,8.000,-8.774,102.435,-12.447
154.777,5.758,98.596,8.000,-8.774,102.435,-12.447
154.782,5.758,98.596,8.000,-8.774,102.435,-12.447
154.787,5.758,98.596,8.000,-8.774,102.435,-12.447
154.793,5.758,98.596,8.000,-8.774,102.435,-12.447
154.798,5.758,98.596,8.000,-8.774,102.435,-12.447
154.803,5.758,98.596,8.000,-8.774,102.435,-12.447
154.808,5.758,98.596,8.000,-8.774,102.435,-12.447
154.813,5.758,98.596,8.000,-8.774,102.435,-12.447
154.818,5.758,98.596,8.000,-8.774,102.435,-12.447
154.823,5.758,98.596,8.000,-8.774,102.435,-12.447
154.828,5.758,98.596,8.000,-8.774,102.435,-12.447
154.833,5.758,98.596,8.000,-8.774,102.435,-12.447
154.838,5.758,98.596,8.000,-8.774,102.435,-12.447
154.844,5.758,98.596,8.000,-8.774,102.435,-12.447
154.849,5.758,98.596,8.000,-8.774,102.435,-12.447
154.854,5.758,98.596,8.000,-8.774,102.435,-12.447
154.859,5.758,98.596,8.000,-8.774,102.435,-12.447
154.864,5.758,98.596,8.000,-8.774,102.435,-12.447
154.869,5.758,98.596,8.000,-8.774,102.435,-12.447
154.874,5.758,98.596,8.000,-8.774,102.435,-12.447
154.879,5.758,98.596,8.000,-8.774,102.435,-12.447
154.884,5.758,98.596,8.000,-8.774,102.435,-12.447
154.889,5.758,98.596,8.000,-8.774,102.435,-12.447
154.894,5.758,98.596,8.000,-8.774,102.435,-12.447
154.899,5.758,98.596,8.000,-8.774,102.435,-12.447
154.904,5.758,98.596,8.000,-8.774,102.435,-12.447
154.910,5.758,98.596,8.000,-8.774,102.435,-12.447
154.915,5.758,98.596,8.000,-8.774,102.435,-12.447
154.920,5.758,98.596,8.000,-8.774,102.435,-12.447
154.925,5.758,98.596,8.000,-8.774,102.435,-12.447
154.930,5.758,98.596,8.000,-8.774,102.435,-12.447
154.935,5.758,98.596,8.000,-8.774,102.435,-12.447
154.940,5.758,98.596,8.000,-8.774,102.435,-12.447
154.945,5.758,98.596,8.000,-8.774,102.435,-12.447
154.950,5.758,98.596,8.000,-8.774,102.435,-12.447
154.955,5.758,98.596,8.000,-8.774,102.435,-12.447
154.960,5.758,98.596,8.000,-8.774,102.435,-12.447
154.966,5.758,98.596,8.000,-8.774,102.435,-12.447
154.971,5.758,98.596,8.000,-8.774,102.435,-12.447
154.976,5.758,98.596,8.000,-8.774,102.435,-12.447
154.981,5.758,98.596,8.000,-8.774,102.435,-12.447
154.986,5.758,98.596,8.000,-8.774,102.435,-12.447
154.991,5.758,98.596,8.000,-8.774,102.435,-12.447
154.996,5.758,98.596,8.000,-8.774,102.435,-12.447
155.001,5.758,98.596,8.000,-8.774,102.435,-12.447
155.006,5.758,98.596,8.000,-8.774,102.435,-12.447
155.011,5.758,98.596,8.000,-8.774,102.435,-12.447
155.017,5.758,98.596,8.000,-8.774,102.435,-12.447
155.022,5.758,98.596,8.000,-8.774,102.435,-12.447
155.027,5.758,98.596,8.000,-8.774,102.435,-12.447
155.032,5.758,98.596,8.000,-8.774,102.435,-12.447
155.037,5.758,98.596,8.000,-8.774,102.435,-12.447
155.042,5.758,98.596,8.000,-8.774,102.435,-12.447
155.047,5.758,98.596,8.000,-8.774,102.435,-12.447
155.052,5.758,98.596,8.000,-8.774,102.435,-12.447
155.057,5.758,98.596,8.000,-8.774,102.435,-12.447
155.062,5.758,98.596,8.000,-8.774,102.435,-12.447
155.067,5.758,98.596,8.000,-8.774,102.435,-12.447
155.072,5.758,98.596,8.000,-8.774,102.435,-12.447
155.078,5.758,98.596,8.000,-8.774,102.435,-12.447
155.083,5.758,98.596,8.000,-8.774,102.435,-12.447
155.088,5.758,98.596,8.000,-8.774,102.435,-12.447
155.093,5.758,98.596,8.000,-8.774,102.435,-12.447
155.098,5.758,98.596,8.000,-8.774,102.435,-12.447
1