R
Px,Ix,Dx,Py,Iy,Dy,Pz,Iz,FFrx,FFry,FFdrx,FFdry,satI,satPID,DTermC,GparamC,AparamC,KFQAng,KFQbias,KFRmeas,CPx,CIx,CPy,CIy,CsatI,CsatPID,CFFdrx,CFFdry,CFalpha,FFDTermC,IRelaxR,IRelaxE,DmaxR,DmaxE,DMx,DMy
370,0,1500,370,0,1500,500,150,0,0,0,0,7,75,10,10.0,64.0,0.000100,0.003000,50,30,0,30,0,75,300,0,0,0.995,10.000,300,100,300,100,1900,2100
sysTime,PIDRefX,PIDRefY,PIDRefZ,PIDSensX,PIDSensY,PIDSensZ
78.671,-165.985,19.398,0.000,-204.856,-621.102,125.198
78.676,-165.985,19.398,0.000,-204.856,-621.102,125.198
78.681,-165.985,19.398,0.000,-204.856,-621.102,125.198
78.686,-165.985,19.398,0.000,-204.856,-621.102,125.198
78.692,-165.985,19.398,0.000,-204.856,-621.102,125.198
78.697,-165.985,19.398,0.000,-204.856,-621.102,125.198
78.702,-165.985,19.398,0.000,-204.856,-621.102,125.198
78.707,-165.985,19.398,0.000,-204.856,-621.102,125.198
78.712,-165.985,19.398,0.000,-204.856,-621.102,125.198
78.717,-165.985,19.398,0.000,-204.856,-621.102,125.198
78.722,-165.985,19.398,0.000,-204.856,-621.102,125.198
78.728,-165.985,19.398,0.000,-204.856,-621.102,125.198
78.733,-165.985,19.398,0.000,-204.856,-621.102,125.198
78.738,-165.985,19.398,0.000,-204.856,-621.102,125.198
78.743,-165.985,19.398,0.000,-204.856,-621.102,125.198
78.748,-165.985,19.398,0.000,-204.856,-621.102,125.198
78.753,-165.985,19.398,0.000,-204.856,-621.102,125.198
78.759,-165.985,19.398,0.000,-204.856,-621.102,125.198
78.764,-165.985,19.398,0.000,-204.856,-621.102,125.198
78.769,-165.985,19.398,0.000,-204.856,-621.102,125.198
78.774,-165.985,19.398,0.000,-204.856,-621.102,125.198
78.779,-165.985,19.398,0.000,-204.856,-621.102,125.198
78.784,-165.985,19.398,0.000,-204.856,-621.102,125.198
78.790,-165.985,19.398,0.000,-204.856,-621.102,125.198
78.795,-165.985,19.398,0.000,-204.856,-621.102,125.198
78.800,-165.985,19.398,0.000,-204.856,-621.102,125.198
78.805,-165.985,19.398,0.000,-204.856,-621.102,125.198
78.810,-165.985,19.398,0.000,-204.856,-621.102,125.198
78.815,-165.985,19.398,0.000,-204.856,-621.102,125.198
78.820,-165.985,19.398,0.000,-204.856,-621.102,125.198
78.826,-165.985,19.398,0.000,-204.856,-621.102,125.198
78.831,-165.985,19.398,0.000,-204.856,-621.102,125.198
78.836,-165.985,19.398,0.000,-204.856,-621.102,125.198
78.841,-165.985,19.398,0.000,-204.856,-621.102,125.198
78.846,-165.985,19.398,0.000,-204.856,-621.102,125.198
78.851,-165.985,19.398,0.000,-204.856,-621.102,125.198
78.857,-165.985,19.398,0.000,-204.856,-621.102,125.198
78.862,-165.985,19.398,0.000,-204.856,-621.102,125.198
78.867,-165.985,19.398,0.000,-204.856,-621.102,125.198
78.872,-165.985,19.398,0.000,-204.856,-621.102,125.198
78.877,-165.985,19.398,0.000,-204.856,-621.102,125.198
78.882,-165.985,19.398,0.000,-204.856,-621.102,125.198
78.888,-165.985,19.398,0.000,-204.856,-621.102,125.198
78.893,-165.985,19.398,0.000,-204.856,-621.102,125.198
78.898,-165.985,19.398,0.000,-204.856,-621.102,125.198
78.903,-165.985,19.398,0.000,-204.856,-621.102,125.198
78.908,-165.985,19.398,0.000,-204.856,-621.102,125.198
78.913,-165.985,19.398,0.000,-204.856,-621.102,125.198
78.918,-165.985,19.398,0.000,-204.856,-621.102,125.198
78.924,-165.985,19.398,0.000,-204.856,-621.102,125.198
78.929,-165.985,19.398,0.000,-204.856,-621.102,125.198
78.934,-165.985,19.398,0.000,-204.856,-621.102,125.198
78.939,-165.985,19.398,0.000,-204.856,-621.102,125.198
78.944,-165.985,19.398,0.000,-204.856,-621.102,125.198
78.949,-165.985,19.398,0.000,-204.856,-621.102,125.198
78.954,-165.985,19.398,0.000,-204.856,-621.102,125.198
78.960,-165.985,19.398,0.000,-204.856,-621.102,125.198
78.965,-165.985,19.398,0.000,-204.856,-621.102,125.198
78.970,-165.985,19.398,0.000,-204.856,-621.102,125.198
78.975,-165.985,19.398,0.000,-204.856,-621.102,125.198
78.980,-165.985,19.398,0.000,-204.856,-621.102,125.198
78.985,-165.985,19.398,0.000,-204.856,-621.102,125.198
78.991,-165.985,19.398,0.000,-204.856,-621.102,125.198
78.996,-165.985,19.398,0.000,-204.856,-621.102,125.198
79.001,-165.985,19.398,0.000,-204.856,-621.102,125.198
79.006,-165.985,19.398,0.000,-204.856,-621.102,125.198
79.011,-165.985,19.398,0.000,-204.856,-621.102,125.198
79.016,-165.985,19.398,0.000,-204.856,-621.102,125.198
79.022,-165.985,19.398,0.000,-204.856,-621.102,125.198
79.027,-165.985,19.398,0.000,-204.856,-621.102,125.198
79.032,-165.985,19.398,0.000,-204.856,-621.102,125.198
79.037,-165.985,19.398,0.000,-204.856,-621.102,125.198
79.042,-165.985,19.398,0.000,-204.856,-621.102,125.198
79.047,-165.985,19.398,0.000,-204.856,-621.102,125.198
79.052,-165.985,19.398,0.000,-204.856,-621.102,125.198
79.058,-165.985,19.398,0.000,-204.856,-621.102,125.198
79.063,-165.985,19.398,0.000,-204.856,-621.102,125.198
79.068,-165.985,19.398,0.000,-204.856,-621.102,125.198
79.073,-165.985,19.398,0.000,-204.856,-621.102,125.198
79.078,-165.985,19.398,0.000,-204.856,-621.102,125.198
79.083,-165.985,19.398,0.000,-204.856,-621.102,125.198
79.088,-165.985,19.398,0.000,-204.856,-621.102,125.198
79.094,-165.985,19.398,0.000,-204.856,-621.102,125.198
79.099,-165.985,19.398,0.000,-204.856,-621.102,125.198
79.104,-165.985,19.398,0.000,-204.856,-621.102,125.198
79.109,-165.985,19.398,0.000,-204.856,-621.102,125.198
79.114,-165.985,19.398,0.000,-204.856,-621.102,125.198
79.119,-165.985,19.398,0.000,-204.856,-621.102,125.198
79.125,-165.985,19.398,0.000,-204.856,-621.102,125.198
79.130,-165.985,19.398,0.000,-204.856,-621.102,125.198
79.135,-165.985,19.398,0.000,-204.856,-621.102,125.198
79.140,-165.985,19.398,0.000,-204.856,-621.102,125.198
79.145,-165.985,19.398,0.000,-204.856,-621.102,125.198
79.150,-165.985,19.398,0.000,-204.856,-621.102,125.198
79.155,-165.985,19.398,0.000,-204.856,-621.102,125.198
79.161,-165.985,19.398,0.000,-204.856,-621.102,125.198
79.166,-165.985,19.398,0.000,-204.856,-621.102,125.198
79.171,-165.985,19.398,0.000,-204.856,-621.102,125.198
79.176,-165.985,19.398,0.000,-204.856,-621.102,125.198
79.181,-165.985,19.398,0.000,-204.856,-621.102,125.198
79.186,-165.985,19.398,0.000,-204.856,-621.102,125.198
79.192,-165.985,19.398,0.000,-204.856,-621.102,125.198
79.197,-165.985,19.398,0.000,-204.856,-621.102,125.198
79.202,-165.985,19.398,0.000,-204.856,-621.102,125.198
79.207,-165.985,19.398,0.000,-204.856,-621.102,125.198
79.212,-165.985,19.398,0.000,-204.856,-621.102,125.198
79.217,-165.985,19.398,0.000,-204.856,-621.102,125.198
79.223,-165.985,19.398,0.000,-204.856,-621.102,125.198
79.228,-165.985,19.398,0.000,-204.856,-621.102,125.198
79.233,-165.985,19.398,0.000,-204.856,-621.102,125.198
79.238,-165.985,19.398,0.000,-204.856,-621.102,125.198
79.243,-165.985,19.398,0.000,-204.856,-621.102,125.198
79.248,-165.985,19.398,0.000,-204.856,-621.102,125.198
79.253,-165.985,19.398,0.000,-204.856,-621.102,125.198
79.259,-165.985,19.398,0.000,-204.856,-621.102,125.198
79.264,-165.985,19.398,0.000,-204.856,-621.102,125.198
79.269,-165.985,19.398,0.000,-204.856,-621.102,125.198
79.274,-165.985,19.398,0.000,-204.856,-621.102,125.198
79.279,-165.985,19.398,0.000,-204.856,-621.102,125.198
79.284,-165.985,19.398,0.000,-204.856,-621.102,125.198
79.290,-165.985,19.398,0.000,-204.856,-621.102,125.198
79.295,-165.985,19.398,0.000,-204.856,-621.102,125.198
79.300,-165.985,19.398,0.000,-204.856,-621.102,125.198
79.305,-165.985,19.398,0.000,-204.856,-621.102,125.198
79.310,-165.985,19.398,0.000,-204.856,-621.102,125.198
79.315,-165.985,19.398,0.000,-204.856,-621.102,125.198
79.321,-165.985,19.398,0.000,-204.856,-621.102,125.198
79.326,-165.985,19.398,0.000,-204.856,-621.102,125.198
79.331,-165.985,19.398,0.000,-204.856,-621.102,125.198
79.336,-165.985,19.398,0.000,-204.856,-621.102,125.198
79.341,-165.985,19.398,0.000,-204.856,-621.102,125.198
79.346,-165.985,19.398,0.000,-204.856,-621.102,125.198
79.351,-165.985,19.398,0.000,-204.856,-621.102,125.198
79.357,0.000,-0.297,3.000,1.278,-0.541,0.224
79.364,0.000,-0.297,3.000,0.336,0.507,-0.064
79.370,0.000,-0.297,3.000,0.075,0.468,0.765
79.376,0.000,-0.297,3.000,0.683,0.425,0.795
79.382,0.000,-0.297,3.000,-0.009,0.276,1.259
79.388,0.000,-0.297,3.000,-0.355,0.165,1.204
79.394,0.000,-0.297,3.000,-0.366,0.429,1.447
79.400,0.000,-0.297,3.000,-1.160,0.210,1.106
79.407,0.000,-0.297,3.000,-1.155,-0.493,0.875
79.413,0.000,-0.297,3.000,-1.057,-1.422,0.701
79.419,0.000,-0.297,3.000,-0.512,-1.474,-0.092
79.425,0.000,-0.297,3.000,0.154,-0.523,-0.182
79.431,0.000,-0.297,3.000,0.223,-0.120,-0.659
79.438,0.000,-0.297,3.000,0.087,0.585,0.186
79.444,0.000,-0.297,3.000,-0.011,-0.234,0.102
79.450,0.000,-0.297,3.000,0.715,-0.536,0.599
79.456,0.000,-0.297,3.000,0.556,-1.168,1.086
79.462,0.000,-0.297,3.000,-0.279,-0.769,0.973
79.468,0.000,-0.297,3.000,0.552,-0.389,0.838
79.474,0.000,-0.297,3.000,0.133,-0.634,0.567
79.481,0.000,-0.297,3.000,-0.309,-0.951,0.848
79.487,0.000,-0.297,3.000,-0.034,-0.222,0.179
79.493,0.000,-0.297,3.000,0.068,-0.403,1.349
79.499,0.000,-0.297,3.000,0.712,-0.279,0.739
79.505,0.000,-0.297,3.000,0.916,-0.057,0.059
79.512,0.000,-0.297,3.000,0.795,-0.115,2.646
79.518,0.000,-0.297,3.000,0.280,1.029,-1.726
79.524,0.000,-0.297,3.000,1.862,0.514,-2.722
79.530,0.000,-0.297,3.000,2.065,-0.598,4.592
79.536,0.000,-0.297,3.000,0.701,-0.167,2.814
79.542,0.000,-0.297,3.000,0.302,0.775,-0.203
79.549,0.000,-0.297,3.000,0.053,1.274,0.024
79.555,0.000,-0.297,3.000,-0.082,-0.458,0.525
79.561,0.000,-0.297,3.000,-0.559,0.918,-0.830
79.567,0.000,-0.297,3.000,-0.947,0.487,-0.048
79.573,0.000,-0.297,3.000,-0.662,0.499,0.681
79.580,0.000,-0.297,3.000,-1.388,0.004,0.288
79.586,0.000,-0.297,3.000,-0.951,-0.147,0.226
79.592,0.000,-0.297,3.000,-0.121,-0.523,0.680
79.598,0.000,-0.297,3.000,-0.424,-0.450,0.980
79.604,0.000,-0.297,3.000,-0.481,-0.621,0.121
79.610,0.000,-0.297,3.000,0.317,-0.448,0.123
79.616,0.000,-0.297,3.000,-0.220,-0.696,0.530
79.623,0.000,-0.297,3.000,-0.538,-0.988,1.178
79.629,0.000,-0.297,3.000,-0.847,-1.145,0.595
79.635,0.000,-0.297,3.000,-1.067,-1.303,-0.168
79.641,0.000,-0.297,3.000,-0.746,-2.111,1.029
79.647,0.000,-0.297,3.000,-0.520,-1.512,0.843
79.654,0.000,-0.297,3.000,-0.830,-1.609,-0.466
79.660,0.000,-0.297,3.000,-0.826,-1.077,0.132
79.666,0.000,-0.297,3.000,-1.731,-0.776,-0.516
79.672,0.000,-0.297,3.000,-1.097,-1.197,2.138
79.678,0.000,-0.297,3.000,-1.392,-0.986,1.074
79.684,0.000,-0.297,3.000,-1.087,-0.648,1.330
79.691,0.000,-0.297,3.000,-0.942,0.207,1.419
79.697,0.000,-0.297,3.000,-1.240,0.410,2.157
79.703,0.000,-0.297,3.000,-1.976,0.462,2.797
79.709,0.000,-0.297,3.000,-1.611,-0.544,1.531
79.716,0.000,-0.297,3.000,-1.518,0.276,0.831
79.722,0.000,-0.297,3.000,-1.719,1.421,0.060
79.728,0.000,-0.297,3.000,0.310,0.166,0.223
79.734,0.000,-0.297,3.000,-0.123,1.346,0.882
79.740,0.000,-0.297,3.000,0.180,0.509,0.273
79.746,0.000,-0.297,3.000,0.900,0.356,0.350
79.753,0.000,-0.297,3.000,-0.645,1.065,0.139
79.759,0.000,-0.297,3.000,0.014,-0.142,0.338
79.765,0.000,-0.297,3.000,0.654,-0.410,1.009
79.771,0.000,-0.297,3.000,-0.173,-0.195,0.356
79.777,0.000,-0.297,3.000,-1.036,-0.043,-0.631
79.783,0.000,-0.297,3.000,-0.475,1.271,-1.577
79.790,0.000,-0.297,3.000,-1.983,1.274,-1.574
79.796,0.000,-0.297,3.000,-1.227,1.291,-0.990
79.802,0.000,-0.297,3.000,-1.104,0.680,-0.602
79.808,0.000,-0.297,3.000,-1.411,1.263,-0.312
79.814,0.000,-0.297,3.000,-1.391,0.471,-0.994
79.821,0.000,-0.297,3.000,-1.286,-0.241,0.359
79.827,0.000,-0.297,3.000,-0.746,-0.510,0.411
79.833,0.000,-0.297,3.000,0.117,-0.956,-0.775
79.839,0.000,-0.297,3.000,-0.208,-0.244,-0.630
79.846,0.000,-0.446,3.000,0.383,-1.479,0.557
79.852,0.000,-0.446,3.000,-0.845,-1.213,0.418
79.859,0.000,-0.446,3.000,-1.182,0.139,-0.131
79.865,0.000,-0.446,3.000,-0.152,0.042,0.349
79.872,0.000,-0.446,3.000,0.697,0.420,-0.429
79.878,0.000,-0.446,3.000,1.373,0.965,-0.052
79.885,0.000,-0.446,3.000,0.946,-0.008,0.290
79.891,0.000,-0.446,3.000,-0.273,-0.596,0.910
79.898,0.000,-0.446,3.000,-0.234,-0.025,0.886
79.904,0.000,-0.446,3.000,-1.166,2.881,-0.713
79.911,0.000,-0.446,3.000,-0.840,3.324,-2.493
79.918,0.000,-0.446,3.000,-0.863,4.680,-3.023
79.924,0.000,-0.446,3.000,0.017,5.257,-1.833
79.931,0.000,-0.446,3.000,1.439,5.086,-1.053
79.937,0.000,-0.446,3.000,2.262,4.427,-0.783
79.944,0.000,-0.446,3.000,0.905,5.182,-2.282
79.950,0.000,-0.446,3.000,1.464,6.630,-3.122
79.957,0.000,-0.446,3.000,1.774,7.247,-4.184
79.963,0.000,-0.595,3.000,-0.643,10.263,-5.011
79.970,0.000,-0.595,3.000,-1.996,12.813,-6.428
79.976,0.000,-0.446,3.000,1.601,12.605,-5.390
79.983,0.000,-0.446,3.000,-1.183,18.369,-3.425
79.990,0.000,-0.446,3.000,2.302,19.282,0.016
79.996,0.000,-0.446,3.000,2.042,22.800,-0.087
80.003,0.000,-0.446,3.000,2.661,24.412,1.051
80.009,0.000,-0.446,3.000,6.560,24.709,0.372
80.016,0.000,-0.446,3.000,5.074,29.478,1.696
80.022,0.000,-0.446,3.000,9.002,28.979,2.713
80.029,0.000,-0.446,3.000,10.768,27.685,3.672
80.035,0.000,-0.446,3.000,9.600,27.467,3.768
80.042,0.000,-0.446,3.000,7.791,27.971,4.894
80.048,0.000,-0.446,3.000,8.083,27.503,6.840
80.055,0.000,-0.446,3.000,9.573,24.537,8.876
80.060,0.000,-0.446,3.000,10.287,23.956,10.603
80.067,0.000,-0.446,3.000,8.470,23.335,11.931
80.073,0.000,-0.446,3.000,6.076,21.209,12.695
80.080,0.000,-0.446,3.000,4.662,16.966,12.170
80.086,0.000,-0.446,3.000,1.113,10.357,13.463
80.093,0.000,-0.446,3.000,-2.439,5.798,13.909
80.099,0.148,-0.297,3.000,-6.113,3.197,14.132
80.106,0.297,-0.297,3.000,-11.781,0.364,14.808
80.111,1.341,-0.297,3.000,-11.117,-3.223,16.583
80.116,1.341,-0.297,3.000,-13.329,-5.503,18.589
80.122,2.706,-0.297,3.000,-14.454,-7.075,20.147
80.127,2.706,-0.297,3.000,-15.604,-5.786,21.382
80.133,6.974,-0.297,3.000,-18.270,-4.540,21.925
80.138,6.974,-0.297,3.000,-22.853,-1.495,25.089
80.143,9.022,-0.297,3.000,-25.829,1.553,26.556
80.149,11.276,-0.297,3.000,-27.124,4.999,25.205
80.154,11.276,-0.297,3.000,-30.142,6.553,24.654
80.159,13.302,-0.446,3.000,-29.517,6.658,24.957
80.165,13.302,-0.446,3.000,-29.681,6.075,26.066
80.171,17.387,-0.446,3.000,-25.702,2.544,25.368
80.176,17.387,-0.446,3.000,-20.352,-1.574,25.718
80.182,19.101,-0.446,3.000,-15.183,-5.237,24.712
80.188,19.101,-0.446,3.000,-12.381,-8.110,24.285
80.193,19.101,-0.446,3.000,-10.003,-11.554,24.647
80.199,19.101,-0.446,3.000,-10.457,-13.259,23.359
80.204,27.526,-0.446,3.000,-11.457,-12.702,21.101
80.210,27.526,-0.446,3.000,-14.075,-14.119,20.060
80.216,27.526,-0.446,3.000,-14.171,-16.827,19.720
80.221,27.526,-0.446,3.000,-10.484,-21.719,17.580
80.227,34.188,-0.446,3.000,-7.745,-24.715,16.002
80.232,34.188,-0.446,3.000,-7.068,-24.817,12.854
80.238,34.188,-0.446,3.000,-5.156,-25.564,11.380
80.244,34.188,-0.446,3.000,-3.242,-24.209,10.258
80.249,34.188,-0.446,3.000,2.144,-24.326,10.214
80.255,34.188,-0.446,3.000,5.416,-22.124,9.574
80.260,66.346,-0.446,3.000,7.441,-19.949,8.925
80.266,79.434,-0.446,3.000,11.762,-19.893,10.051
80.271,79.434,-0.446,3.000,12.822,-19.499,9.561
80.277,79.434,-0.446,3.000,11.847,-17.846,8.388
80.282,112.904,-0.595,3.000,14.959,-18.348,7.401
80.288,116.430,-0.595,3.000,16.608,-17.786,5.443
80.293,116.430,-0.595,3.000,18.826,-17.741,2.980
80.298,116.430,-0.595,3.000,21.175,-15.285,2.504
80.304,126.260,-0.595,3.000,23.333,-11.861,3.572
80.309,126.260,-0.595,3.000,26.832,-10.849,4.858
80.314,126.260,-0.595,3.000,29.022,-9.276,5.312
80.320,126.260,-0.595,3.000,32.394,-7.458,5.141
80.325,123.743,-0.595,3.000,35.596,-4.612,5.251
80.331,123.743,-0.595,3.000,41.295,-2.462,5.310
80.336,123.743,-0.595,3.000,46.051,3.749,4.999
80.341,123.743,-0.595,3.000,51.950,7.198,5.154
80.347,123.743,-0.595,3.000,55.469,10.601,6.770
80.352,91.512,-0.595,3.000,59.906,11.341,6.870
80.357,85.768,-0.595,3.000,64.152,11.554,4.674
80.363,85.768,-0.595,3.000,70.226,11.421,3.693
80.368,85.768,-0.595,3.000,76.479,12.446,3.511
80.374,53.734,-0.446,3.000,81.470,13.499,2.808
80.379,53.734,-0.446,3.000,89.566,12.018,3.387
80.385,53.734,-0.446,3.000,94.551,10.171,2.649
80.390,36.504,-0.446,3.000,98.460,9.197,3.169
80.396,33.294,-0.446,3.000,99.263,7.671,3.789
80.402,33.294,-0.446,3.000,99.335,4.319,3.504
80.407,33.294,-0.446,3.000,98.757,1.752,2.841
80.413,33.294,-0.446,3.000,95.971,0.304,2.266
80.418,33.294,-0.446,3.000,91.458,-1.299,1.989
80.424,33.294,-0.446,3.000,85.645,-2.603,0.330
80.429,33.294,-0.446,3.000,78.196,-4.731,-0.347
80.435,13.777,-0.297,3.000,72.401,-7.461,-2.318
80.440,11.711,-0.297,3.000,68.172,-9.025,-2.541
80.446,11.711,-0.297,3.000,62.496,-9.017,-4.434
80.451,11.711,-0.297,3.000,55.858,-8.413,-5.625
80.456,10.849,-0.446,3.000,49.657,-9.847,-5.421
80.462,10.849,-0.446,3.000,43.359,-11.620,-4.892
80.467,10.849,-0.446,3.000,37.926,-13.823,-4.239
80.472,10.849,-0.446,2.000,33.230,-14.969,-3.909
80.477,10.849,-0.446,2.000,26.816,-16.206,-2.959
80.483,10.849,-0.446,0.000,21.353,-18.786,-0.718
80.488,10.849,-0.446,0.000,15.946,-21.655,1.150
80.493,10.849,-0.446,0.000,9.617,-23.168,1.951
80.498,10.849,-0.446,0.000,3.990,-23.813,1.056
80.504,10.638,-0.446,0.000,0.889,-23.175,0.248
80.509,10.223,-0.446,0.000,-1.605,-20.688,-0.380
80.515,10.223,-0.446,0.000,-2.968,-17.003,-1.760
80.520,10.223,-0.446,0.000,-3.590,-12.699,-1.474
80.526,9.816,-0.446,0.000,-3.425,-11.230,-0.983
80.531,9.816,-0.446,0.000,-3.000,-8.340,0.071
80.537,9.615,-0.446,0.000,-4.162,-3.198,1.585
80.543,9.615,-0.446,0.000,-4.109,-1.726,2.313
80.548,10.223,-0.595,-1.000,-2.281,-0.905,1.621
80.554,10.223,-0.595,-1.000,-2.856,2.187,0.394
80.559,11.492,-0.446,-2.000,-3.133,3.158,-1.759
80.565,11.492,-0.446,-2.000,-1.731,3.546,-4.290
80.570,11.492,-0.446,-2.000,-1.739,6.167,-5.623
80.576,13.302,-0.595,-3.000,-1.091,8.836,-5.558
80.581,13.777,-0.595,-2.000,0.018,10.018,-5.638
80.586,13.538,-0.595,-3.000,2.412,10.122,-6.337
80.592,13.538,-0.595,-3.000,2.866,10.455,-7.387
80.597,13.538,-0.595,-3.000,3.105,10.434,-6.728
80.602,12.836,-0.744,-3.000,3.407,8.368,-6.635
80.608,12.836,-0.744,-3.000,3.635,6.205,-7.251
80.614,12.154,-0.893,-8.000,2.712,5.088,-7.673
80.619,12.154,-0.893,-8.000,2.224,4.492,-9.298
80.625,11.276,-1.642,-8.000,0.569,3.022,-9.855
80.631,11.276,-1.642,-8.000,-0.480,1.883,-9.446
80.636,11.276,-1.642,-8.000,-0.921,0.353,-9.294
80.642,11.276,-1.642,-8.000,-2.999,-1.434,-8.951
80.648,11.276,-1.642,-8.000,-4.128,-2.276,-7.784
80.653,11.276,-1.341,-27.000,-6.015,-2.742,-7.144
80.659,11.276,-1.341,-27.000,-6.804,-4.094,-5.663
80.665,12.154,-1.492,-32.000,-6.745,-3.418,-5.811
80.670,12.154,-1.492,-32.000,-6.824,-3.653,-4.967
80.676,12.154,-1.341,-35.000,-7.223,-1.903,-5.930
80.682,12.154,-1.492,-34.000,-8.636,-1.153,-6.763
80.687,11.932,-1.492,-34.000,-9.493,-0.892,-7.174
80.693,11.932,-1.492,-34.000,-9.508,0.006,-7.502
80.699,11.932,-1.492,-34.000,-10.166,1.502,-8.019
80.704,11.492,-1.642,-34.000,-11.094,3.002,-8.480
80.710,11.061,-1.793,-33.000,-12.147,4.112,-9.850
80.716,11.061,-1.793,-33.000,-13.168,6.029,-11.064
80.721,11.061,-1.793,-33.000,-11.688,7.166,-13.387
80.727,11.276,-1.944,-31.000,-8.963,6.006,-15.617
80.733,11.276,-2.247,-29.000,-7.949,8.793,-19.205
80.738,11.276,-2.247,-29.000,-8.536,10.588,-22.811
80.744,11.276,-2.247,-29.000,-8.285,11.607,-25.020
80.750,11.061,-2.399,-28.000,-6.615,10.508,-26.457
80.755,11.061,-2.399,-28.000,-9.008,11.801,-26.654
80.760,11.061,-2.399,-28.000,-12.276,10.902,-26.681
80.766,11.061,-2.552,-28.000,-13.656,7.296,-28.025
80.772,11.061,-2.552,-28.000,-16.664,6.734,-29.650
80.777,11.061,-2.552,-28.000,-17.843,6.951,-32.021
80.783,11.061,-2.552,-28.000,-17.328,7.643,-35.327
80.789,10.849,-2.399,-27.000,-14.685,11.042,-38.407
80.794,10.849,-2.399,-27.000,-12.272,13.501,-38.779
80.799,10.849,-2.399,-27.000,-12.652,15.689,-37.337
80.804,10.638,-2.247,-27.000,-12.289,13.070,-37.510
80.810,10.638,-2.247,-27.000,-12.097,12.120,-37.722
80.816,10.638,-2.247,-27.000,-12.637,11.443,-41.282
80.821,10.638,-2.247,-27.000,-11.963,12.669,-43.508
80.827,10.638,-2.247,-27.000,-12.026,13.878,-45.914
80.833,10.638,-2.247,-27.000,-12.209,14.929,-48.448
80.839,10.638,-2.247,-27.000,-10.642,16.856,-48.246
80.844,10.638,-2.247,-27.000,-9.450,18.352,-48.086
80.850,10.638,-2.247,-27.000,-8.059,21.106,-46.551
80.856,10.223,-2.247,-26.000,-7.491,23.465,-45.179
80.861,10.223,-2.247,-26.000,-8.931,22.457,-43.436
80.867,10.223,-2.247,-26.000,-10.058,20.718,-42.825
80.873,10.223,-2.247,-26.000,-10.703,17.636,-42.495
80.878,10.223,-2.247,-26.000,-13.378,13.696,-42.712
80.884,10.223,-2.247,-26.000,-16.065,10.622,-44.039
80.890,10.019,-2.247,-26.000,-16.033,6.935,-45.368
80.895,10.223,-2.247,-25.000,-16.830,3.851,-46.410
80.901,10.223,-2.247,-25.000,-17.423,4.410,-46.615
80.907,10.223,-2.247,-25.000,-17.550,3.748,-47.875
80.912,12.154,-1.793,-26.000,-16.696,4.079,-47.888
80.918,12.154,-1.793,-26.000,-16.522,5.791,-48.454
80.924,12.154,-1.793,-26.000,-16.407,5.892,-46.280
80.929,12.154,-1.793,-26.000,-14.500,6.428,-44.767
80.935,12.154,-1.793,-26.000,-12.862,7.828,-41.189
80.941,17.665,-1.642,-33.000,-11.928,10.040,-38.188
80.946,17.665,-1.642,-33.000,-11.481,11.515,-34.716
80.952,17.665,-1.642,-33.000,-11.872,13.659,-32.166
80.958,23.206,-1.793,-47.000,-12.191,13.646,-29.700
80.963,24.941,-1.642,-54.000,-12.478,14.264,-26.693
80.969,24.941,-1.642,-54.000,-14.463,16.266,-24.652
80.975,24.941,-1.642,-54.000,-15.598,15.732,-24.627
80.980,30.306,-1.793,-62.000,-17.459,16.045,-23.893
80.986,30.306,-1.793,-62.000,-18.743,16.591,-23.118
80.992,30.306,-1.793,-62.000,-20.574,15.047,-22.783
80.997,31.560,-1.793,-62.000,-21.680,14.447,-23.788
81.003,31.560,-1.793,-62.000,-23.115,15.046,-26.719
81.009,31.560,-1.793,-62.000,-21.891,17.019,-29.347
81.014,32.418,-1.793,-62.000,-21.313,18.144,-32.389
81.020,32.418,-1.793,-62.000,-21.091,20.101,-36.537
81.025,32.418,-1.793,-62.000,-19.861,22.343,-39.769
81.031,32.418,-1.793,-62.000,-17.634,25.069,-42.094
81.037,32.418,-1.793,-62.000,-14.829,28.661,-43.697
81.042,32.418,-1.793,-62.000,-13.852,29.888,-45.577
81.048,32.418,-1.793,-62.000,-13.685,30.849,-45.909
81.053,32.418,-1.793,-62.000,-11.557,28.490,-46.626
81.059,32.418,-1.492,-54.000,-10.582,27.298,-49.607
81.065,32.418,-1.341,-52.000,-9.037,22.580,-53.662
81.071,32.418,-1.341,-52.000,-10.989,22.641,-57.290
81.076,32.854,-1.492,-52.000,-10.923,22.680,-59.424
81.082,32.854,-1.492,-52.000,-7.347,21.440,-60.705
81.088,33.294,-1.642,-49.000,-3.910,22.018,-61.918
81.093,33.294,-1.642,-49.000,-2.038,23.224,-63.141
81.099,33.294,-1.642,-46.000,0.577,21.031,-63.023
81.105,33.294,-1.642,-43.000,2.383,18.645,-63.502
81.111,33.294,-1.642,-43.000,3.003,18.077,-65.151
81.116,33.294,-1.642,-43.000,4.049,16.851,-66.330
81.122,33.294,-1.642,-43.000,5.812,16.066,-67.572
81.128,35.100,-1.642,-39.000,5.406,16.968,-68.707
81.133,37.463,-1.492,-38.000,8.878,16.649,-68.539
81.139,37.463,-1.492,-38.000,11.207,14.668,-68.274
81.145,39.441,-1.642,-38.000,13.183,14.356,-67.459
81.151,39.441,-1.642,-38.000,12.700,14.814,-66.352
81.156,51.208,-1.642,-35.000,11.789,13.444,-64.834
81.162,51.208,-1.642,-35.000,11.480,10.677,-63.402
81.168,51.831,-1.642,-35.000,10.008,6.121,-60.397
81.174,51.831,-1.642,-35.000,9.753,3.212,-57.869
81.179,55.691,-1.642,-25.000,9.419,0.379,-56.201
81.185,55.691,-1.642,-25.000,7.774,-0.618,-54.089
81.191,56.356,-1.642,-18.000,7.225,-0.992,-53.527
81.196,56.356,-1.642,-18.000,7.546,-1.405,-52.595
81.202,57.028,-1.793,-13.000,9.242,-1.794,-51.980
81.208,57.028,-1.793,-13.000,9.187,-1.904,-53.689
81.213,57.028,-1.793,-13.000,8.821,0.199,-52.697
81.219,57.028,-1.793,-13.000,9.580,1.389,-50.529
81.224,57.028,-1.793,-13.000,12.211,0.731,-46.252
81.230,57.028,-1.793,-13.000,16.217,0.226,-41.448
81.236,57.028,-1.793,-13.000,20.319,-0.191,-37.156
81.241,78.560,-1.793,-6.000,23.859,0.673,-31.995
81.247,78.560,-1.793,-6.000,22.137,2.649,-27.459
81.252,83.006,-1.793,-6.000,21.212,3.576,-23.867
81.258,83.006,-1.793,-6.000,21.140,5.256,-21.418
81.264,85.768,-1.642,-6.000,22.230,7.521,-16.529
81.269,85.768,-1.642,-6.000,24.984,9.213,-14.306
81.275,85.768,-1.642,-6.000,27.360,8.496,-12.257
81.281,85.768,-1.642,-6.000,31.477,7.271,-9.660
81.287,85.768,-1.642,-6.000,34.821,5.669,-6.469
81.292,85.768,-1.642,-6.000,37.973,2.627,-4.560
81.298,79.434,-2.399,0.000,41.519,-1.166,-4.078
81.303,70.236,-2.552,0.000,45.651,-4.789,-2.414
81.309,70.236,-2.552,0.000,50.536,-8.024,-1.018
81.315,60.480,-3.481,0.000,54.060,-9.620,0.900
81.320,56.356,-3.638,0.000,57.338,-12.943,2.943
81.326,56.356,-3.638,0.000,58.478,-12.848,3.241
81.331,56.356,-3.638,0.000,58.997,-10.075,3.244
81.337,54.380,-5.928,0.000,60.933,-10.562,4.950
81.343,55.033,-6.620,0.000,61.273,-11.872,5.901
81.349,55.033,-6.620,0.000,60.569,-10.136,7.355
81.354,55.033,-6.620,0.000,60.950,-11.709,9.143
81.360,61.190,-7.153,0.000,60.320,-13.244,10.720
81.366,62.629,-6.974,0.000,56.860,-12.207,11.884
81.372,62.629,-6.974,0.000,54.520,-11.664,13.810
81.377,62.629,-6.974,0.000,53.024,-10.282,16.683
81.383,65.589,-6.974,0.000,51.394,-6.932,18.788
81.389,65.589,-6.974,0.000,49.509,-4.365,21.402
81.394,65.589,-6.974,0.000,47.341,-3.668,22.192
81.400,65.589,-6.974,0.000,44.663,-3.435,21.289
81.406,65.589,-7.882,0.000,42.531,-5.121,19.821
81.412,65.589,-7.882,0.000,40.812,-7.780,19.155
81.417,65.589,-7.882,0.000,39.452,-12.520,17.571
81.423,65.589,-7.882,0.000,38.927,-17.262,16.320
81.429,65.589,-7.882,0.000,40.021,-20.593,14.713
81.435,72.656,-15.517,0.000,39.139,-21.118,13.700
81.440,72.656,-15.517,0.000,37.944,-23.064,13.166
81.446,75.985,-14.756,0.000,34.568,-23.461,13.210
81.452,75.985,-14.756,0.000,31.459,-23.735,12.255
81.457,81.204,-15.776,0.000,28.151,-21.883,12.502
81.463,81.204,-15.776,0.000,24.839,-19.591,11.818
81.469,82.101,-15.517,0.000,22.845,-17.034,13.141
81.475,82.101,-15.517,0.000,22.605,-13.659,14.360
81.481,81.204,-15.776,0.000,24.295,-12.603,15.839
81.486,81.204,-15.776,0.000,26.638,-9.831,17.113
81.492,80.315,-16.839,0.000,29.906,-5.717,18.395
81.498,80.315,-16.839,0.000,32.656,-2.349,19.176
81.503,78.560,-19.398,0.000,34.818,0.664,19.832
81.509,78.560,-19.398,0.000,35.647,2.643,21.731
81.515,78.560,-19.398,0.000,39.927,0.964,22.392
81.521,78.560,-19.398,0.000,43.148,-0.416,22.250
81.526,67.881,-19.697,0.000,45.250,-2.245,21.626
81.532,67.881,-19.697,0.000,46.774,-4.249,21.197
81.538,65.589,-20.305,0.000,48.087,-6.761,18.132
81.543,65.589,-20.305,0.000,49.325,-10.230,15.863
81.549,56.356,-20.614,0.000,51.163,-14.517,15.112
81.555,56.356,-20.614,0.000,52.346,-18.527,13.862
81.561,56.356,-20.614,0.000,52.622,-22.481,11.881
81.566,49.981,-22.209,0.000,51.063,-24.511,9.897
81.572,44.190,-22.870,0.000,50.027,-23.596,8.379
81.578,44.190,-22.870,0.000,48.456,-24.911,7.509
81.584,44.190,-22.870,0.000,47.735,-26.530,6.898
81.589,32.418,-25.660,0.000,48.051,-27.295,6.060
81.595,31.138,-26.768,0.000,46.379,-27.549,5.398
81.601,31.138,-26.768,0.000,43.028,-26.350,5.473
81.606,31.138,-26.768,0.000,39.084,-25.734,5.058
81.612,22.209,-34.642,0.000,35.491,-25.105,4.241
81.618,22.209,-34.642,0.000,31.247,-26.108,2.033
81.624,22.209,-34.642,0.000,26.734,-24.067,-0.469
81.629,16.302,-35.563,0.000,21.754,-21.951,-3.932
81.635,15.261,-37.463,0.000,18.311,-19.960,-5.456
81.641,15.007,-38.442,0.000,15.144,-17.256,-8.187
81.647,15.007,-38.442,0.000,12.095,-15.365,-7.729
81.652,15.007,-41.500,0.000,8.762,-12.966,-7.500
81.658,13.302,-39.948,0.000,2.155,-13.201,-7.289
81.664,13.302,-39.948,0.000,-3.155,-11.601,-7.006
81.669,12.607,-38.939,0.000,-7.046,-12.260,-6.026
81.675,10.638,-40.977,0.000,-10.723,-16.696,-4.592
81.681,9.416,-40.460,0.000,-15.134,-19.231,-2.186
81.686,9.416,-40.460,0.000,-21.512,-20.536,-1.316
81.692,7.882,-43.098,0.000,-25.858,-23.190,0.672
81.698,7.882,-43.098,0.000,-30.682,-25.037,1.701
81.703,6.445,-44.190,0.000,-33.768,-26.794,1.206
81.709,6.445,-44.190,0.000,-35.584,-29.468,1.839
81.715,5.088,-43.098,0.000,-35.032,-34.538,2.533
81.720,5.088,-43.098,0.000,-36.259,-37.267,1.730
81.726,1.944,-45.304,0.000,-35.815,-42.796,0.028
81.732,1.944,-45.304,0.000,-37.186,-47.477,-1.336
81.738,1.944,-45.304,0.000,-38.967,-50.246,-2.294
81.743,0.446,-45.304,0.000,-39.043,-52.356,-4.270
81.749,0.297,-45.304,0.000,-38.423,-53.686,-6.190
81.754,0.297,-45.304,0.000,-36.912,-55.119,-7.330
81.760,0.297,-45.304,0.000,-34.679,-56.766,-7.864
81.765,0.148,-45.869,0.000,-32.056,-56.179,-7.742
81.772,0.148,-45.869,0.000,-31.049,-55.477,-5.762
81.778,0.000,-45.869,0.000,-31.195,-55.929,-4.964
81.783,0.000,-45.869,0.000,-30.961,-53.648,-6.790
81.790,0.000,-53.093,0.000,-30.830,-51.946,-5.419
81.795,0.000,-53.093,0.000,-30.190,-48.160,-4.628
81.802,0.000,-53.093,0.000,-31.703,-46.079,-5.161
81.809,0.000,-61.906,0.000,-32.323,-43.991,-3.539
81.815,0.000,-66.346,0.000,-32.143,-41.448,-1.795
81.822,0.000,-66.346,0.000,-32.286,-40.088,-1.101
81.828,0.000,-88.603,0.000,-34.472,-38.490,1.219
81.833,0.000,-90.534,0.000,-36.954,-39.043,2.544
81.839,0.000,-90.534,0.000,-39.663,-39.778,3.848
81.845,0.000,-90.534,0.000,-40.710,-39.050,3.893
81.850,0.000,-100.697,0.000,-40.890,-39.627,5.777
81.857,0.000,-100.697,0.000,-42.840,-43.346,5.713
81.864,0.000,-100.697,0.000,-42.130,-46.802,5.351
81.870,0.000,-107.218,0.000,-42.795,-49.714,4.212
81.877,0.000,-109.464,0.000,-43.201,-56.959,3.343
81.882,0.000,-109.464,0.000,-44.377,-64.367,2.067
81.889,0.000,-124.996,0.000,-45.382,-67.399,1.979
81.896,0.000,-126.260,0.000,-44.693,-72.373,3.073
81.902,0.000,-126.260,0.000,-44.734,-75.990,3.614
81.909,0.000,-126.260,0.000,-43.433,-81.265,3.655
81.916,0.000,-127.534,0.000,-44.202,-87.425,2.806
81.922,0.000,-127.534,0.000,-44.417,-93.228,2.389
81.929,0.000,-127.534,0.000,-41.166,-96.188,3.548
81.936,0.000,-128.818,0.000,-42.380,-100.410,3.450
81.943,0.000,-128.818,0.000,-41.144,-103.581,2.185
81.948,0.000,-128.818,0.000,-42.649,-104.215,2.122
81.953,0.000,-128.818,0.000,-44.498,-103.396,3.039
81.958,0.000,-124.996,0.000,-46.062,-103.761,3.316
81.963,0.000,-124.996,0.000,-47.751,-105.750,3.882
81.970,0.000,-123.743,0.000,-46.131,-108.185,5.524
81.975,0.000,-123.743,0.000,-45.781,-108.653,7.186
81.980,0.000,-110.602,0.000,-46.302,-111.443,7.590
81.986,0.000,-110.602,0.000,-46.067,-112.803,7.091
81.993,0.000,-108.336,0.000,-45.843,-114.082,7.112
82.000,0.000,-102.835,0.000,-44.223,-116.231,7.396
82.005,0.000,-99.642,0.000,-42.979,-116.165,8.320
82.012,0.000,-99.642,0.000,-44.221,-116.521,8.137
82.017,0.000,-99.642,0.000,-47.237,-118.995,8.262
82.022,0.000,-99.642,0.000,-49.413,-122.924,7.735
82.028,0.000,-61.190,0.000,-48.250,-120.256,6.399
82.033,0.000,-61.190,0.000,-48.726,-119.577,5.620
82.040,0.000,-61.190,0.000,-45.809,-116.166,5.923
82.047,0.000,-61.190,0.000,-44.355,-110.085,6.166
82.054,0.000,-61.190,0.000,-44.640,-106.637,4.777
82.059,0.000,-37.950,0.000,-45.540,-105.463,5.107
82.065,0.000,-35.100,0.000,-44.554,-98.530,4.001
82.070,0.000,-35.100,0.000,-42.824,-96.099,3.453
82.077,0.000,-35.100,0.000,-39.021,-92.609,2.119
82.084,0.000,-22.209,0.000,-36.700,-87.259,2.764
82.091,0.000,-21.242,0.000,-35.857,-80.865,1.331
82.096,0.000,-21.242,0.000,-35.745,-75.729,1.199
82.102,0.000,-21.242,0.000,-34.764,-68.045,-0.753
82.109,0.000,-17.111,0.000,-36.131,-63.536,-3.013
82.114,0.000,-14.262,0.000,-36.195,-59.547,-4.985
82.121,0.000,-14.262,0.000,-36.957,-51.876,-5.046
82.126,0.000,-14.262,0.000,-36.819,-47.658,-5.271
82.131,0.000,-14.262,0.000,-36.751,-41.078,-4.372
82.136,0.000,-14.262,0.000,-37.500,-37.809,-3.229
82.141,0.000,-14.262,0.000,-38.547,-34.227,-4.188
82.148,0.000,-3.325,0.000,-39.380,-29.792,-4.914
82.154,0.000,-3.325,0.000,-41.282,-23.301,-4.195
82.161,0.000,-1.192,0.000,-42.827,-19.320,-5.579
82.167,0.000,-0.595,0.000,-44.439,-15.350,-6.920
82.173,0.000,-0.595,0.000,-45.533,-11.025,-9.232
82.180,0.000,-0.595,0.000,-44.838,-6.812,-7.946
82.186,0.000,-0.595,0.000,-44.767,-3.484,-7.358
82.192,0.000,-0.148,0.000,-45.533,-0.406,-7.036
82.198,0.000,-0.148,0.000,-45.772,1.849,-4.869
82.203,0.000,0.893,0.000,-46.168,1.634,-4.442
82.210,0.000,0.893,0.000,-45.649,0.444,-3.958
82.216,0.000,0.893,0.000,-44.736,-2.847,-5.201
82.223,0.000,4.435,0.000,-44.284,-4.687,-6.115
82.230,0.000,4.435,0.000,-41.584,-6.189,-5.339
82.236,0.000,10.849,0.000,-41.730,-7.117,-5.397
82.243,0.000,10.849,0.000,-41.126,-7.712,-5.812
82.249,0.000,17.387,0.000,-39.398,-6.021,-6.797
82.254,0.000,17.387,0.000,-36.841,-5.648,-8.399
82.259,0.000,19.697,0.000,-35.914,-6.571,-8.288
82.264,0.000,19.697,0.000,-36.216,-4.378,-7.486
82.271,0.000,19.697,0.000,-35.239,-0.887,-7.712
82.278,0.000,24.586,0.000,-34.422,2.921,-7.027
82.284,0.000,25.298,0.000,-33.683,7.077,-6.546
82.291,0.000,36.981,0.000,-33.301,8.935,-7.765
82.298,0.000,38.442,0.000,-32.386,11.692,-8.233
82.305,0.000,38.442,0.000,-33.325,14.249,-8.616
82.311,0.000,53.093,0.000,-32.001,18.355,-9.266
82.316,0.000,53.093,0.000,-30.428,20.543,-8.680
82.321,0.000,53.093,0.000,-30.317,21.469,-6.223
82.327,0.000,60.480,0.000,-32.066,25.244,-7.092
82.333,0.000,60.480,0.000,-35.092,29.863,-7.378
82.338,0.000,64.096,0.000,-37.353,36.545,-7.560
82.345,0.000,64.096,0.000,-37.578,42.504,-6.818
82.352,0.000,72.656,0.000,-37.856,47.684,-6.666
82.359,0.000,71.842,0.000,-38.792,50.635,-5.051
82.366,0.000,83.919,0.000,-40.004,53.147,-4.323
82.372,0.000,85.768,0.000,-40.298,58.331,-4.065
82.379,0.000,85.768,0.000,-40.012,61.145,-4.844
82.386,0.000,85.768,0.000,-41.177,64.088,-5.799
82.391,0.000,88.603,0.000,-40.027,68.560,-4.901
82.396,0.000,88.603,0.000,-39.908,71.951,-1.044
82.401,0.000,88.603,0.000,-39.174,73.839,0.076
82.408,0.000,87.650,0.000,-39.330,75.377,-0.858
82.414,0.000,80.315,0.000,-39.388,79.466,-1.914
82.421,0.000,80.315,0.000,-37.697,82.870,-1.554
82.428,0.000,69.444,0.000,-36.529,82.640,-1.055
82.435,0.000,69.444,0.000,-35.099,87.027,-2.486
82.441,0.000,69.444,0.000,-35.001,90.407,-3.402
82.447,0.000,69.444,0.000,-32.553,90.573,-5.939
82.453,0.000,62.629,0.000,-32.151,93.590,-5.066
82.458,0.000,62.629,0.000,-30.003,95.624,-7.433
82.463,0.000,62.629,0.000,-30.652,94.822,-4.785
82.470,0.000,62.629,0.000,-30.769,97.250,-2.013
82.475,0.000,61.190,0.000,-32.018,94.996,-0.244
82.482,0.000,61.190,0.000,-32.192,98.267,-0.499
82.489,0.000,59.776,0.000,-34.426,100.252,0.643
82.496,0.000,59.776,0.000,-32.437,100.851,1.411
82.501,0.000,59.776,0.000,-34.510,103.182,2.660
82.506,0.000,48.185,0.000,-35.512,102.304,2.397
82.511,0.000,48.185,0.000,-34.678,98.752,-0.661
82.517,0.000,48.185,0.000,-36.462,95.599,-0.998
82.523,0.000,48.185,0.000,-34.585,91.714,-4.636
82.528,0.000,34.188,0.000,-35.904,92.099,-6.803
82.533,0.000,34.188,0.000,-36.321,90.407,-4.104
82.539,0.000,34.188,0.000,-35.757,88.018,-2.074
82.546,0.000,28.693,0.000,-36.654,86.919,0.576
82.553,0.000,28.693,0.000,-36.380,84.930,0.548
82.560,0.000,28.693,0.000,-37.930,82.475,0.237
82.566,0.000,20.305,0.000,-37.612,77.046,2.768
82.573,0.000,19.697,0.000,-37.928,72.806,4.021
82.580,0.000,19.697,0.000,-38.741,68.081,4.982
82.586,0.000,18.808,0.000,-36.969,64.628,7.336
82.592,0.000,17.665,0.000,-36.338,63.032,10.066
82.598,0.000,17.665,0.000,-36.460,59.498,9.927
82.603,0.000,13.538,0.000,-36.619,59.139,12.482
82.610,0.000,13.538,0.000,-38.166,54.912,13.109
82.617,0.000,13.302,0.000,-36.220,53.662,12.048
82.623,0.000,13.302,0.000,-36.680,51.453,12.446
82.628,0.148,9.022,0.000,-34.527,51.791,10.403
82.635,0.148,9.022,0.000,-37.847,50.027,9.926
82.642,0.595,4.924,0.000,-39.491,47.076,9.805
82.647,0.595,4.924,0.000,-40.088,43.738,7.526
82.652,1.341,4.274,0.000,-40.892,41.064,5.856
82.658,3.014,2.247,0.000,-42.857,40.116,5.248
82.664,3.014,2.247,0.000,-43.386,39.850,3.588
82.669,3.796,1.642,0.000,-41.819,39.662,2.507
82.675,3.796,1.642,0.000,-41.471,41.097,1.537
82.681,3.796,1.642,0.000,-39.547,43.104,1.719
82.686,3.796,1.642,0.000,-39.255,43.104,1.553
82.692,6.796,0.000,0.000,-36.295,44.302,0.862
82.699,7.333,-0.148,0.000,-35.138,46.420,1.029
82.705,10.223,-0.297,0.000,-34.862,47.692,2.609
82.711,10.223,-0.297,0.000,-35.284,47.684,2.747
82.716,11.276,-0.297,0.000,-35.437,46.361,2.560
82.722,11.276,-0.446,0.000,-34.341,45.484,2.762
82.727,11.932,-0.446,0.000,-33.067,43.788,1.998
82.733,11.932,-0.446,0.000,-32.040,41.523,1.714
82.738,12.154,-0.595,0.000,-30.975,38.388,0.591
82.743,12.836,-0.595,0.000,-31.559,35.660,-0.340
82.749,12.836,-0.595,0.000,-30.984,34.179,-0.572
82.754,15.007,-0.595,0.000,-30.616,32.229,0.241
82.759,15.007,-0.595,0.000,-29.833,31.336,0.292
82.765,16.839,-0.744,0.000,-27.134,30.528,0.804
82.770,16.839,-0.744,0.000,-24.090,30.264,2.198
82.776,19.697,-1.944,0.000,-21.686,28.067,2.786
82.782,22.870,-1.642,0.000,-18.675,25.103,3.141
82.788,22.870,-1.642,0.000,-16.963,21.138,4.537
82.793,23.546,-1.642,0.000,-14.930,19.173,4.034
82.799,23.546,-1.642,0.000,-12.369,17.854,2.081
82.805,27.145,-3.014,0.000,-10.451,16.553,2.108
82.810,27.145,-3.014,0.000,-8.068,15.338,0.806
82.816,28.300,-3.325,0.000,-4.397,14.539,0.332
82.822,29.491,-5.088,0.000,-3.007,13.191,0.128
82.827,30.306,-6.620,0.000,0.931,11.313,-0.631
82.833,30.306,-6.620,0.000,1.985,11.681,0.028
82.839,30.306,-6.620,0.000,2.939,10.989,-1.261
82.844,30.306,-6.620,0.000,3.691,11.059,-3.050
82.850,37.463,-8.445,0.000,2.209,11.115,-4.081
82.856,37.463,-8.445,0.000,1.254,12.014,-5.547
82.861,43.098,-9.615,0.000,2.916,13.840,-5.242
82.867,43.098,-9.615,0.000,3.469,15.759,-5.006
82.873,52.459,-16.038,0.000,3.925,17.241,-4.596
82.878,52.459,-16.038,0.000,4.888,18.899,-3.754
82.884,57.705,-15.776,0.000,5.264,20.603,-2.900
82.890,57.705,-15.776,0.000,5.508,20.647,-2.612
82.895,57.705,-15.776,0.000,6.174,22.621,-1.738
82.901,57.705,-15.776,0.000,6.180,22.574,-1.382
82.907,69.444,-19.398,0.000,7.439,23.276,-1.286
82.913,69.444,-19.398,0.000,9.215,23.313,0.953
82.918,69.444,-19.398,0.000,11.309,23.044,0.454
82.924,69.444,-19.398,0.000,15.372,22.511,0.374
82.930,69.444,-19.398,0.000,18.892,19.344,0.891
82.935,69.444,-19.398,0.000,23.247,17.163,0.930
82.941,69.444,-19.398,0.000,28.835,14.618,2.489
82.947,117.624,-24.941,0.000,34.194,12.158,3.770
82.952,117.624,-24.941,0.000,39.504,8.976,4.088
82.958,117.624,-24.941,0.000,44.826,6.112,4.783
82.964,117.624,-24.941,0.000,50.417,1.619,4.996
82.969,162.854,-38.939,0.000,51.915,-1.714,5.187
82.975,175.664,-38.939,0.000,53.689,-6.073,4.071
82.981,175.664,-38.939,0.000,56.404,-9.785,4.713
82.986,175.664,-38.939,0.000,61.010,-13.756,5.686
82.992,182.363,-39.948,0.000,65.768,-17.858,7.689
82.998,180.669,-39.441,0.000,69.669,-20.805,8.364
83.004,180.669,-39.441,0.000,74.854,-25.086,8.586
83.009,180.669,-39.441,0.000,80.063,-29.069,8.446
83.015,174.020,-39.948,0.000,86.412,-30.975,9.164
83.021,165.985,-39.441,0.000,93.007,-31.453,8.252
83.026,165.985,-39.441,0.000,98.992,-30.857,6.774
83.032,156.734,-41.500,0.000,105.938,-31.249,3.431
83.038,156.734,-41.500,0.000,115.868,-33.704,0.729
83.043,131.417,-26.395,0.000,124.394,-33.516,-1.863
83.049,131.417,-26.395,0.000,132.461,-33.178,-2.637
83.054,131.417,-26.395,0.000,138.082,-31.351,-3.523
83.060,131.417,-26.395,0.000,145.705,-29.820,-3.856
83.065,131.417,-26.395,0.000,153.087,-28.371,-4.082
83.070,105.008,-21.242,0.000,159.090,-25.804,-4.339
83.076,92.498,-19.697,0.000,163.829,-22.497,-5.608
83.082,92.498,-19.697,0.000,168.186,-20.863,-6.628
83.088,92.498,-19.697,0.000,169.724,-18.516,-6.115
83.093,92.498,-19.697,0.000,168.108,-16.089,-6.402
83.099,92.498,-19.697,0.000,166.436,-14.722,-6.419
83.105,92.498,-19.697,0.000,165.072,-13.870,-5.598
83.110,92.498,-19.697,0.000,161.860,-12.517,-5.586
83.116,92.498,-19.697,0.000,157.685,-12.779,-4.035
83.122,92.498,-19.697,0.000,151.855,-10.759,-2.920
83.127,92.498,-19.697,0.000,142.308,-8.556,-3.612
83.133,92.498,-19.697,0.000,135.052,-7.795,-4.765
83.139,54.380,-17.111,0.000,129.018,-8.365,-6.376
83.145,52.459,-17.111,0.000,119.564,-8.276,-7.519
83.150,49.981,-17.387,0.000,112.360,-4.623,-8.851
83.156,49.981,-17.387,0.000,105.450,-3.532,-8.757
83.162,48.185,-17.665,0.000,98.560,-2.665,-8.611
83.167,47.597,-17.665,0.000,89.353,-0.811,-8.760
83.173,47.597,-17.665,0.000,79.925,3.329,-9.546
83.179,47.597,-17.665,0.000,73.190,6.859,-9.069
83.185,39.948,-17.387,0.000,67.789,10.002,-7.880
83.190,39.948,-17.387,0.000,62.697,12.359,-5.122
83.196,39.948,-17.387,0.000,58.378,12.540,-2.834
83.202,39.948,-17.387,0.000,54.160,11.562,-0.931
83.208,24.236,-15.517,0.000,49.272,10.702,0.483
83.213,24.236,-15.517,0.000,46.682,9.797,1.544
83.219,24.236,-15.517,0.000,43.137,7.072,1.287
83.225,24.236,-15.517,0.000,40.192,3.928,0.862
83.230,5.421,-13.777,0.000,39.051,3.455,0.806
83.236,5.421,-13.777,0.000,39.292,3.344,-0.774
83.242,5.421,-13.777,0.000,39.686,2.088,-1.194
83.247,5.421,-13.777,0.000,40.049,-0.478,-1.180
83.253,5.421,-13.777,0.000,39.221,0.796,-1.171
83.259,-3.796,-10.638,0.000,37.127,1.685,-0.491
83.264,-3.796,-10.638,0.000,35.575,2.702,0.197
83.270,-5.589,-10.430,0.000,33.318,3.696,1.541
83.276,-5.589,-10.430,0.000,31.120,4.399,1.827
83.281,-11.276,-8.068,0.000,30.128,3.785,4.112
83.287,-11.276,-8.068,0.000,27.904,3.793,5.015
83.293,-12.836,-7.882,0.000,24.976,3.867,4.810
83.298,-12.836,-7.882,0.000,21.825,6.038,4.396
83.304,-20.927,-7.333,0.000,19.717,6.834,4.250
83.310,-20.927,-7.333,0.000,16.432,5.938,5.277
83.316,-22.538,-7.333,0.000,11.334,6.147,5.311
83.321,-22.538,-7.333,0.000,7.107,7.433,3.806
83.327,-24.586,-7.333,0.000,2.337,8.492,1.984
83.333,-24.586,-7.333,0.000,-1.670,6.855,0.322
83.338,-24.586,-7.333,0.000,-5.928,5.642,-0.448
83.344,-24.586,-7.333,0.000,-12.777,6.492,-0.382
83.349,-24.586,-7.333,0.000,-19.185,6.795,-0.921
83.355,-24.586,-7.333,0.000,-25.495,7.808,-1.188
83.361,-24.586,-7.333,0.000,-30.469,9.357,-0.381
83.366,-24.586,-7.333,0.000,-35.396,12.403,-0.300
83.372,-24.586,-7.333,0.000,-39.336,13.968,-1.014
83.378,-24.586,-7.333,0.000,-41.233,16.469,0.092
83.384,-24.586,-7.333,0.000,-43.376,19.469,1.175
83.389,-24.586,-7.333,0.000,-42.189,19.987,0.572
83.395,-24.586,-7.333,0.000,-42.049,20.464,-0.890
83.400,-45.304,-2.399,0.000,-42.494,21.037,-1.698
83.406,-45.304,-2.399,0.000,-42.787,21.033,-3.283
83.411,-45.304,-2.399,0.000,-42.643,20.857,-2.919
83.417,-58.389,-2.552,0.000,-42.744,19.487,-2.590
83.422,-65.589,-2.399,0.000,-42.558,19.406,-4.115
83.428,-65.589,-2.399,0.000,-41.134,18.656,-4.634
83.433,-65.589,-2.399,0.000,-39.353,18.363,-5.027
83.439,-120.042,-1.042,0.000,-38.525,17.231,-6.059
83.444,-136.739,-1.042,0.000,-36.220,16.496,-6.549
83.450,-182.363,-0.595,0.000,-35.850,15.594,-6.910
83.455,-182.363,-0.595,0.000,-37.700,15.079,-7.072
83.461,-222.931,-0.446,0.000,-41.292,13.715,-7.589
83.467,-222.931,-0.446,0.000,-46.458,12.414,-7.026
83.472,-222.931,-0.446,0.000,-57.432,8.841,-7.548
83.478,-252.277,-0.297,0.000,-69.627,7.811,-6.612
83.483,-254.485,-0.297,0.000,-81.829,5.731,-6.728
83.489,-254.485,-0.297,0.000,-97.000,2.578,-6.421
83.494,-254.485,-0.297,0.000,-112.628,0.471,-7.568
83.499,-258.948,-0.297,0.000,-128.097,-1.521,-7.812
83.505,-256.709,-0.297,0.000,-143.692,-3.444,-7.334
83.510,-256.709,-0.297,0.000,-160.850,-4.765,-5.745
83.515,-256.709,-0.297,0.000,-179.270,-4.231,-5.440
83.521,-256.709,-0.297,0.000,-197.484,-4.023,-5.504
83.526,-256.709,-0.297,0.000,-213.795,-3.393,-5.678
83.532,-256.709,-0.297,0.000,-225.377,-4.726,-3.129
83.537,-167.568,-0.446,0.000,-237.865,-3.927,-0.960
83.543,-145.044,-0.446,0.000,-248.358,-3.327,1.790
83.548,-145.044,-0.446,0.000,-259.998,-0.745,3.678
83.554,-145.044,-0.446,0.000,-267.841,-0.319,5.627
83.559,-145.044,-0.446,0.000,-273.746,1.683,4.230
83.565,-145.044,-0.446,0.000,-275.551,4.208,2.454
83.571,-145.044,-0.446,0.000,-274.984,7.533,0.581
83.576,-145.044,-0.446,0.000,-271.074,11.963,-1.135
83.582,-37.463,-0.446,0.000,-266.912,16.914,0.094
83.587,-37.463,-0.446,0.000,-259.359,19.775,-0.342
83.593,-25.298,-0.446,0.000,-249.820,20.780,-1.040
83.599,-25.298,-0.446,0.000,-239.484,23.006,-0.719
83.604,-20.927,-0.446,0.000,-226.481,27.364,-1.260
83.610,-20.927,-0.446,0.000,-211.452,29.033,-0.046
83.615,-23.889,-0.446,0.000,-196.794,29.560,0.482
83.621,-23.889,-0.446,0.000,-181.130,30.273,0.411
83.626,-23.889,-0.446,0.000,-163.890,30.768,0.827
83.632,-26.768,-0.446,0.000,-145.331,29.646,1.268
83.638,-27.526,-0.446,0.000,-129.550,26.729,1.196
83.643,-27.526,-0.446,0.000,-115.157,24.688,-0.303
83.649,-27.526,-0.446,0.000,-100.068,24.425,-0.578
83.654,-28.300,-0.446,0.000,-85.302,22.829,0.026
83.660,-28.300,-0.446,0.000,-72.456,19.587,-0.336
83.666,-24.941,-0.446,0.000,-61.875,15.777,0.263
83.671,-24.941,-0.446,0.000,-51.366,14.411,-0.621
83.677,-22.209,-0.446,0.000,-42.139,11.234,-1.889
83.682,-22.209,-0.446,0.000,-33.657,8.915,-3.035
83.688,-22.209,-0.446,0.000,-23.864,5.686,-1.788
83.693,-15.007,-0.446,0.000,-18.958,6.623,-0.907
83.699,-15.007,-0.446,0.000,-17.730,9.420,0.032
83.705,-5.421,-0.446,0.000,-17.330,10.860,0.203
83.710,-5.421,-0.446,0.000,-17.736,13.715,0.962
83.716,-5.421,-0.446,0.000,-19.853,15.993,0.286
83.721,-5.421,-0.446,0.000,-23.267,16.281,-1.692
83.727,-5.421,-0.446,0.000,-25.147,15.131,-2.285
83.732,0.148,-0.595,0.000,-25.265,12.283,-4.533
83.739,0.297,-0.595,0.000,-28.600,11.908,-4.947
83.744,0.297,-0.595,0.000,-31.809,12.756,-5.824
83.749,0.297,-0.595,0.000,-35.792,15.100,-4.440
83.754,2.399,-0.595,0.000,-42.144,19.557,-2.334
83.759,3.796,-0.595,-1.000,-47.987,20.100,-1.561
83.764,3.796,-0.595,-1.000,-50.492,20.938,-3.011
83.770,3.796,-0.595,-1.000,-53.935,19.639,-5.037
83.775,3.796,-0.595,-1.000,-53.072,16.936,-6.170
83.780,3.796,-0.595,-1.000,-52.764,17.566,-7.202
83.786,3.796,-0.595,-1.000,-54.967,20.165,-4.320
83.791,3.796,-0.595,-1.000,-57.294,22.648,-2.998
83.797,20.927,-0.744,-2.000,-56.554,25.069,-1.470
83.802,20.927,-0.744,-2.000,-53.772,25.868,0.460
83.808,24.586,-0.744,-2.000,-50.667,25.592,-0.047
83.814,24.586,-0.744,-2.000,-50.212,26.034,-1.917
83.819,24.586,-0.744,-2.000,-47.426,24.495,-2.810
83.825,24.586,-0.744,-2.000,-43.256,23.259,-4.820
83.831,24.586,-0.744,-2.000,-38.996,24.112,-8.339
83.837,53.093,-0.744,-2.000,-36.188,26.086,-9.484
83.842,53.093,-0.744,-2.000,-30.430,26.515,-9.657
83.848,56.356,-0.893,-7.000,-23.574,26.425,-9.020
83.854,56.356,-0.893,-7.000,-15.759,25.814,-6.833
83.859,56.356,-0.893,-7.000,-9.966,25.983,-6.042
83.865,56.356,-0.893,-7.000,-3.684,23.251,-4.665
83.870,72.656,-1.192,-12.000,3.692,19.767,-3.798
83.876,72.656,-1.192,-12.000,9.751,19.537,-5.611
83.881,72.656,-1.192,-12.000,14.646,19.972,-6.964
83.887,72.656,-1.192,-12.000,22.172,20.539,-9.473
83.892,79.434,-2.706,-9.000,30.492,19.259,-11.367
83.898,79.434,-2.706,-9.000,36.710,16.320,-10.863
83.904,79.434,-2.706,-9.000,43.661,13.516,-12.360
83.909,79.434,-2.706,-9.000,52.095,10.834,-13.779
83.915,84.840,-3.481,-9.000,57.976,8.653,-14.036
83.921,84.840,-3.481,-9.000,64.875,7.108,-12.927
83.926,84.840,-3.481,-9.000,69.043,7.764,-13.785
83.932,83.919,-3.481,-10.000,73.237,6.743,-15.366
83.938,83.919,-3.481,-10.000,77.435,6.992,-14.952
83.944,83.919,-3.481,-10.000,81.213,5.798,-14.389
83.949,83.919,-3.481,-10.000,83.418,6.825,-13.475
83.955,83.919,-3.481,-10.000,84.368,8.592,-14.018
83.961,83.006,-2.706,-9.000,86.060,9.825,-13.263
83.966,83.006,-2.552,-8.000,86.502,11.811,-11.003
83.972,83.006,-2.552,-8.000,88.660,11.340,-10.013
83.978,83.006,-2.552,-8.000,90.060,11.999,-11.008
83.984,86.705,-2.706,-8.000,90.597,13.520,-10.798
83.989,86.705,-2.706,-8.000,90.572,17.238,-11.132
83.995,86.705,-2.706,-8.000,91.417,18.512,-11.471
84.001,88.603,-2.859,-8.000,90.838,20.392,-10.923
84.006,88.603,-2.859,-8.000,89.725,19.750,-10.268
84.012,88.603,-2.859,-9.000,88.227,18.923,-9.993
84.018,88.603,-2.859,-9.000,87.356,18.578,-10.930
84.024,88.603,-2.859,-9.000,85.188,21.472,-13.708
84.029,88.603,-2.859,-9.000,84.227,23.845,-14.244
84.035,88.603,-2.859,-9.000,82.147,25.398,-15.560
84.041,91.512,-3.014,-9.000,84.264,26.100,-14.641
84.046,91.512,-3.014,-9.000,85.608,25.407,-13.861
84.052,91.512,-3.014,-9.000,85.255,26.664,-14.661
84.058,91.512,-3.014,-9.000,84.140,27.344,-16.001
84.063,97.558,-3.325,-6.000,84.225,27.957,-15.466
84.069,97.558,-3.325,-16.000,84.458,29.529,-16.210
84.075,97.558,-3.481,-10.000,85.669,30.264,-15.476
84.080,97.558,-3.481,-10.000,88.921,30.821,-17.510
84.086,97.558,-3.481,-10.000,92.304,29.615,-17.735
84.092,100.697,-3.481,-4.000,93.347,30.223,-17.900
84.097,101.762,-3.325,-4.000,95.459,29.434,-15.680
84.103,101.762,-3.325,-4.000,96.727,29.094,-14.713
84.109,107.218,-3.325,-4.000,98.847,30.309,-14.591
84.115,107.218,-3.325,-4.000,101.931,31.113,-14.757
84.120,107.218,-3.325,-4.000,104.289,30.809,-13.798
84.126,107.218,-3.325,-4.000,107.269,31.249,-13.648
84.132,107.218,-3.325,-4.000,110.603,31.127,-14.002
84.137,107.218,-3.325,-4.000,113.780,30.774,-12.587
84.143,126.260,-3.169,-4.000,117.060,29.235,-11.581
84.149,126.260,-3.169,-4.000,121.605,27.788,-9.996
84.154,126.260,-3.169,-4.000,124.746,27.961,-9.888
84.160,126.260,-3.169,-4.000,126.810,28.149,-8.354
84.166,126.260,-3.169,-4.000,129.358,26.967,-6.596
84.171,123.743,-3.325,-4.000,131.605,25.893,-5.302
84.177,121.266,-3.325,-4.000,134.423,25.076,-4.810
84.183,121.266,-3.325,-4.000,138.170,24.099,-2.369
84.189,121.266,-3.325,-4.000,141.389,22.903,0.971
84.194,121.266,-3.325,-4.000,143.135,22.380,2.154
84.200,116.430,-3.325,-4.000,144.228,21.365,2.720
84.206,116.430,-3.325,-4.000,145.337,20.381,3.496
84.211,116.430,-3.325,-4.000,144.207,18.437,3.788
84.217,116.430,-3.325,-4.000,143.822,15.063,6.255
84.223,116.430,-3.325,-4.000,143.009,13.795,6.351
84.228,117.624,-3.325,-4.000,143.477,13.388,6.516
84.234,117.624,-3.325,-4.000,145.242,12.053,7.341
84.240,117.624,-3.325,-4.000,143.291,12.038,9.085
84.245,128.818,-4.924,-4.000,143.616,12.151,10.825
84.251,135.393,-6.796,-4.000,143.726,13.821,10.831
84.257,135.393,-6.796,-4.000,142.424,14.145,11.886
84.262,135.393,-6.796,-4.000,141.117,15.206,13.123
84.268,152.266,-7.153,-3.000,139.594,15.504,14.802
84.274,152.266,-7.153,-3.000,139.246,17.156,14.495
84.279,155.233,-7.333,-4.000,137.636,15.991,14.173
84.285,155.233,-7.333,-4.000,135.556,14.533,14.836
84.291,175.664,-9.416,-4.000,134.996,15.355,16.477
84.296,175.664,-9.416,-4.000,133.367,16.987,16.938
84.302,191.020,-10.430,-4.000,133.529,18.216,15.172
84.308,191.020,-10.430,-4.000,135.826,18.938,15.112
84.314,191.020,-10.430,-4.000,137.974,17.864,16.050
84.319,191.020,-10.430,-4.000,140.012,17.774,16.017
84.325,191.020,-10.430,-4.000,142.660,16.650,16.249
84.331,233.081,-16.302,-4.000,145.478,14.814,16.675
84.336,233.081,-16.302,-4.000,150.386,12.862,16.633
84.342,233.081,-16.302,-4.000,155.006,12.623,14.879
84.348,243.596,-18.518,-4.000,157.320,14.997,12.362
84.354,243.596,-18.518,-4.000,162.523,15.423,10.809
84.359,243.596,-18.518,-4.000,169.752,14.865,10.956
84.365,243.596,-18.518,-4.000,177.008,13.661,11.139
84.371,243.596,-18.518,-4.000,183.299,13.970,10.834
84.377,243.596,-18.518,-4.000,189.779,11.889,10.313
84.383,243.596,-18.518,-4.000,197.432,10.670,8.865
84.388,243.596,-18.518,-4.000,203.710,6.870,7.708
84.394,233.081,-25.298,0.000,210.327,2.929,6.169
84.400,231.022,-25.660,0.000,215.110,0.516,4.982
84.406,231.022,-25.660,0.000,219.156,-2.377,3.159
84.411,231.022,-25.660,0.000,223.321,-4.146,1.035
84.417,224.932,-41.500,0.000,225.043,-6.155,-0.433
84.423,224.932,-41.500,0.000,227.342,-9.132,-2.420
84.428,224.932,-41.500,0.000,229.154,-10.291,-3.076
84.434,224.932,-41.500,0.000,229.037,-11.973,-4.368
84.440,209.315,-98.596,0.000,229.341,-14.300,-5.438
84.445,205.549,-101.762,0.000,232.088,-18.164,-5.084
84.451,200.001,-131.417,0.000,233.285,-21.030,-4.737
84.456,200.001,-131.417,0.000,233.138,-22.914,-4.173
84.462,182.363,-161.307,0.000,232.413,-24.815,-4.953
84.468,182.363,-161.307,0.000,229.028,-26.065,-4.220
84.473,182.363,-161.307,0.000,225.849,-27.327,-3.415
84.479,182.363,-161.307,0.000,221.409,-29.487,-3.685
84.485,120.042,-189.263,0.000,216.361,-33.633,-3.798
84.490,120.042,-189.263,0.000,210.732,-37.024,-2.751
84.496,120.042,-189.263,0.000,206.724,-42.199,-2.289
84.502,72.656,-201.837,0.000,202.937,-47.934,-2.691
84.508,56.356,-213.135,0.000,197.469,-54.480,-3.785
84.513,45.304,-220.943,0.000,191.594,-63.459,-4.427
84.519,45.304,-220.943,0.000,182.777,-74.237,-3.662
84.525,39.441,-226.948,0.000,171.920,-85.724,-5.224
84.531,39.441,-226.948,0.000,162.392,-98.826,-6.608
84.536,25.660,-226.948,0.000,149.443,-111.371,-6.286
84.542,25.660,-226.948,0.000,137.319,-122.718,-6.227
84.548,18.518,-228.978,0.000,125.018,-132.896,-6.892
84.553,18.518,-228.978,0.000,112.001,-143.266,-7.508
84.559,7.333,-226.948,0.000,99.996,-155.670,-6.883
84.565,7.333,-226.948,0.000,88.055,-166.665,-5.664
84.571,3.638,-224.932,0.000,74.707,-177.470,-5.669
84.576,3.638,-224.932,0.000,63.522,-187.549,-5.507
84.582,0.000,-217.011,0.000,53.811,-197.795,-6.721
84.587,0.000,-217.011,0.000,44.963,-206.712,-7.193
84.594,0.000,-217.011,0.000,28.389,-217.518,-7.227
84.600,0.000,-217.011,0.000,13.599,-224.114,-8.116
84.605,0.000,-258.948,0.000,3.115,-228.245,-7.433
84.612,0.000,-258.948,0.000,-4.185,-234.246,-6.499
84.617,0.000,-258.948,0.000,-6.219,-236.722,-6.107
84.622,0.000,-275.062,0.000,-9.826,-235.839,-6.825
84.627,0.000,-275.062,0.000,-13.783,-234.921,-6.719
84.632,-0.148,-277.428,0.000,-15.065,-232.603,-4.914
84.637,-0.148,-277.428,0.000,-16.612,-230.254,-3.313
84.642,-0.148,-277.428,0.000,-18.680,-229.225,-2.159
84.647,-0.148,-277.428,0.000,-21.290,-230.466,-3.117
84.654,-0.446,-304.539,0.000,-23.684,-232.296,-7.115
84.660,-0.446,-304.539,0.000,-20.994,-233.895,-7.625
84.666,-0.446,-304.539,0.000,-18.816,-235.146,-9.398
84.671,-3.481,-322.863,0.000,-17.969,-237.057,-10.069
84.677,-3.481,-322.863,0.000,-18.041,-239.638,-10.364
84.683,-3.481,-322.863,0.000,-19.402,-240.876,-12.160
84.689,-3.481,-322.863,0.000,-18.691,-243.771,-12.832
84.694,-3.481,-322.863,0.000,-15.954,-250.495,-11.497
84.700,-15.007,-322.863,0.000,-14.045,-257.781,-10.328
84.706,-23.546,-301.990,0.000,-14.716,-263.422,-11.634
84.711,-23.546,-301.990,0.000,-15.955,-268.577,-12.044
84.717,-27.911,-287.054,0.000,-16.681,-271.575,-13.708
84.723,-27.911,-287.054,0.000,-16.931,-273.785,-14.550
84.729,-39.441,-263.473,0.000,-17.430,-278.426,-13.564
84.734,-39.441,-263.473,0.000,-19.189,-280.993,-11.353
84.740,-40.977,-263.473,0.000,-18.073,-288.242,-7.514
84.746,-40.977,-263.473,0.000,-19.932,-293.163,-4.296
84.752,-44.190,-231.022,0.000,-24.308,-295.192,-1.993
84.757,-44.190,-231.022,0.000,-28.298,-296.171,-0.850
84.763,-44.190,-220.943,0.000,-31.675,-297.699,2.384
84.769,-44.190,-220.943,0.000,-37.023,-295.970,3.645
84.774,-44.190,-220.943,0.000,-40.467,-294.192,5.998
84.780,-44.190,-220.943,0.000,-43.990,-293.058,8.853
84.786,-41.500,-159.771,0.000,-47.313,-290.572,11.533
84.792,-41.500,-159.771,0.000,-52.420,-287.502,12.128
84.797,-38.442,-117.624,0.000,-58.626,-282.529,11.554
84.803,-38.442,-117.624,0.000,-62.760,-276.326,12.349
84.809,-38.442,-117.624,0.000,-68.116,-268.449,12.258
84.814,-38.442,-117.624,0.000,-71.620,-259.577,13.978
84.820,-38.442,-117.624,0.000,-74.690,-250.933,16.211
84.826,-27.911,-84.840,0.000,-77.985,-239.694,15.868
84.832,-27.911,-84.840,0.000,-79.605,-228.826,16.690
84.837,-27.911,-84.840,0.000,-80.433,-216.772,16.248
84.843,-27.911,-84.840,0.000,-82.155,-205.446,16.284
84.849,-26.025,-41.500,0.000,-81.213,-193.261,14.381
84.854,-26.025,-41.500,0.000,-82.565,-181.810,12.824
84.860,-30.720,-19.697,0.000,-84.888,-169.621,9.915
84.866,-30.720,-19.697,0.000,-87.446,-157.579,7.988
84.872,-30.720,-19.697,0.000,-87.543,-143.746,8.018
84.877,-30.720,-19.697,0.000,-86.723,-132.348,8.232
84.883,-30.720,-19.697,0.000,-84.906,-120.479,8.004
84.889,-30.720,-19.697,0.000,-83.796,-109.371,8.393
84.894,-36.031,-1.042,0.000,-83.091,-98.681,6.803
84.900,-36.031,-1.192,0.000,-82.126,-88.842,5.885
84.905,-35.563,-0.297,0.000,-81.760,-78.978,4.794
84.911,-35.563,-0.297,0.000,-80.828,-68.661,5.383
84.916,-35.563,-0.297,0.000,-78.976,-59.586,6.020
84.921,-35.563,-0.297,0.000,-79.117,-50.289,7.960
84.927,-35.563,-0.297,0.000,-79.601,-41.202,8.958
84.932,-24.586,1.492,0.000,-78.952,-31.962,10.230
84.938,-23.889,3.796,0.000,-77.866,-23.239,11.553
84.944,-22.209,12.607,0.000,-78.325,-17.703,11.434
84.949,-22.209,12.607,0.000,-79.455,-13.200,12.899
84.955,-21.242,29.896,0.000,-82.692,-9.855,14.382
84.960,-21.242,38.442,0.000,-83.668,-8.926,15.296
84.966,-21.242,38.442,0.000,-86.364,-6.261,15.691
84.972,-21.242,38.442,0.000,-87.617,-4.656,16.223
84.978,-21.242,71.036,0.000,-86.766,-3.291,16.431
84.983,-21.242,83.006,0.000,-86.766,-2.351,16.360
84.989,-21.242,83.006,0.000,-88.718,-2.295,14.417
84.995,-21.242,83.006,0.000,-88.787,-4.212,13.021
85.000,-21.242,83.006,0.000,-91.060,-3.682,9.227
85.006,-20.927,131.417,0.000,-93.554,-2.841,6.118
85.012,-20.927,131.417,0.000,-93.915,-1.540,4.609
85.017,-20.927,131.417,0.000,-96.701,3.363,2.433
85.022,-20.927,131.417,0.000,-98.117,7.000,1.426
85.028,-20.927,131.417,0.000,-98.679,12.397,0.142
85.033,-17.111,245.744,0.000,-100.056,19.321,-0.193
85.039,-15.007,263.473,0.000,-100.792,25.657,0.356
85.045,-14.508,265.759,0.000,-101.520,35.309,0.261
85.050,-14.508,265.759,0.000,-100.843,44.697,0.291
85.056,-14.508,265.759,0.000,-99.949,55.219,-0.551
85.062,-14.508,265.759,0.000,-100.221,67.462,-0.422
85.068,-12.379,350.558,4.000,-100.275,80.163,0.009
85.074,-12.379,350.558,4.000,-101.171,93.791,-0.684
85.079,-12.607,362.153,4.000,-100.804,109.805,-2.334
85.085,-12.607,362.153,4.000,-99.965,125.370,-1.714
85.091,-15.517,418.190,4.000,-101.012,142.292,-1.921
85.096,-15.517,418.190,4.000,-101.994,159.959,-3.731
85.102,-16.038,421.495,4.000,-101.928,179.393,-6.469
85.108,-16.038,421.495,4.000,-102.166,201.737,-7.016
85.114,-17.387,411.641,4.000,-99.711,224.553,-7.053
85.119,-17.387,411.641,4.000,-97.664,247.554,-6.299
85.125,-17.387,411.641,4.000,-96.847,270.197,-6.351
85.131,-17.387,411.641,4.000,-96.752,290.987,-5.776
85.137,-16.839,333.723,4.000,-96.557,311.560,-5.799
85.142,-16.839,333.723,4.000,-96.854,331.697,-5.388
85.148,-16.302,336.483,4.000,-98.434,351.175,-7.048
85.154,-16.302,336.483,4.000,-98.560,366.818,-7.503
85.159,-15.007,317.540,3.000,-98.915,381.429,-7.532
85.165,-15.007,317.540,3.000,-100.637,392.912,-5.535
85.171,-14.262,299.458,3.000,-102.874,402.673,-5.666
85.177,-14.018,287.054,3.000,-107.015,409.493,-5.881
85.182,-12.836,265.759,3.000,-108.911,410.338,-6.432
85.188,-12.836,265.759,3.000,-109.914,404.532,-4.775
85.194,-11.492,263.473,3.000,-107.981,393.612,-0.137
85.200,-11.492,263.473,3.000,-101.868,353.537,38.759
85.205,-6.620,155.233,3.000,-136.740,231.261,170.507
85.211,-6.620,155.233,3.000,-143.616,97.936,301.682
85.217,-6.620,155.233,3.000,-148.900,21.389,381.181
85.223,-6.620,155.233,3.000,-137.780,-32.152,424.837
85.228,-0.297,53.734,3.000,-121.836,-64.307,438.911
85.234,-0.297,53.734,3.000,-102.818,-83.741,437.487
85.240,-0.297,53.734,3.000,-83.574,-92.993,428.830
85.245,-0.148,20.000,4.000,-65.793,-100.038,415.992
85.250,-0.148,20.000,4.000,-50.617,-100.440,399.491
85.255,-0.148,20.000,4.000,-40.082,-97.794,382.881
85.260,-0.148,20.000,4.000,-36.593,-94.670,373.729
85.265,-0.148,20.000,4.000,-36.593,-94.670,373.729
85.271,-0.148,20.000,4.000,-36.593,-94.670,373.729
85.276,-0.148,20.000,4.000,-36.593,-94.670,373.729
85.281,-0.148,20.000,4.000,-36.593,-94.670,373.729
85.286,-0.148,20.000,4.000,-36.593,-94.670,373.729
85.292,-0.148,20.000,4.000,-36.593,-94.670,373.729
85.297,-0.148,20.000,4.000,-36.593,-94.670,373.729
85.302,-0.148,20.000,4.000,-36.593,-94.670,373.729
85.308,-0.148,20.000,4.000,-36.593,-94.670,373.729
85.313,-0.148,20.000,4.000,-36.593,-94.670,373.729
85.318,-0.148,20.000,4.000,-36.593,-94.670,373.729
85.323,-0.148,20.000,4.000,-36.593,-94.670,373.729
85.329,-0.148,20.000,4.000,-36.593,-94.670,373.729
85.334,-0.148,20.000,4.000,-36.593,-94.670,373.729
85.339,-0.148,20.000,4.000,-36.593,-94.670,373.729
85.345,-0.148,20.000,4.000,-36.593,-94.670,373.729
85.350,-0.148,20.000,4.000,-36.593,-94.670,373.729
85.355,-0.148,20.000,4.000,-36.593,-94.670,373.729
85.361,-0.148,20.000,4.000,-36.593,-94.670,373.729
85.366,-0.148,20.000,4.000,-36.593,-94.670,373.729
85.371,-0.148,20.000,4.000,-36.593,-94.670,373.729
85.377,-0.148,20.000,4.000,-36.593,-94.670,373.729
85.382,-0.148,20.000,4.000,-36.593,-94.670,373.729
85.387,-0.148,20.000,4.000,-36.593,-94.670,373.729
85.393,-0.148,20.000,4.000,-36.593,-94.670,373.729
85.398,-0.148,20.000,4.000,-36.593,-94.670,373.729
85.404,-0.148,20.000,4.000,-36.593,-94.670,373.729
85.409,-0.148,20.000,4.000,-36.593,-94.670,373.729
85.414,-0.148,20.000,4.000,-36.593,-94.670,373.729
85.420,-0.148,20.000,4.000,-36.593,-94.670,373.729
85.425,-0.148,20.000,4.000,-36.593,-94.670,373.729
85.430,-0.148,20.000,4.000,-36.593,-94.670,373.729
85.436,-0.148,20.000,4.000,-36.593,-94.670,373.729
85.441,-0.148,20.000,4.000,-36.593,-94.670,373.729
85.446,-0.148,20.000,4.000,-36.593,-94.670,373.729
85.452,-0.148,20.000,4.000,-36.593,-94.670,373.729
85.457,-0.148,20.000,4.000,-36.593,-94.670,373.729
85.463,-0.148,20.000,4.000,-36.593,-94.670,373.729
85.468,-0.148,20.000,4.000,-36.593,-94.670,373.729
85.473,-0.148,20.000,4.000,-36.593,-94.670,373.729
85.479,-0.148,20.000,4.000,-36.593,-94.670,373.729
85.484,-0.148,20.000,4.000,-36.593,-94.670,373.729
85.490,-0.148,20.000,4.000,-36.593,-94.670,373.729
85.495,-0.148,20.000,4.000,-36.593,-94.670,373.729
85.500,-0.148,20.000,4.000,-36.593,-94.670,373.729
85.506,-0.148,20.000,4.000,-36.593,-94.670,373.729
85.511,-0.148,20.000,4.000,-36.593,-94.670,373.729
85.517,-0.148,20.000,4.000,-36.593,-94.670,373.729
85.522,-0.148,20.000,4.000,-36.593,-94.670,373.729
85.527,-0.148,20.000,4.000,-36.593,-94.670,373.729
85.533,-0.148,20.000,4.000,-36.593,-94.670,373.729
85.538,-0.148,20.000,4.000,-36.593,-94.670,373.729
85.543,-0.148,20.000,4.000,-36.593,-94.670,373.729
85.549,-0.148,20.000,4.000,-36.593,-94.670,373.729
85.554,-0.148,20.000,4.000,-36.593,-94.670,373.729
85.560,-0.148,20.000,4.000,-36.593,-94.670,373.729
85.565,-0.148,20.000,4.000,-36.593,-94.670,373.729
85.570,-0.148,20.000,4.000,-36.593,-94.670,373.729
85.576,-0.148,20.000,4.000,-36.593,-94.670,373.729
85.581,-0.148,20.000,4.000,-36.593,-94.670,373.729
85.587,-0.148,20.000,4.000,-36.593,-94.670,373.729
85.592,-0.148,20.000,4.000,-36.593,-94.670,373.729
85.598,-0.148,20.000,4.000,-36.593,-94.670,373.729
85.603,-0.148,20.000,4.000,-36.593,-94.670,373.729
85.608,-0.148,20.000,4.000,-36.593,-94.670,373.729
85.614,-0.148,20.000,4.000,-36.593,-94.670,373.729
85.619,-0.148,20.000,4.000,-36.593,-94.670,373.729
85.625,-0.148,20.000,4.000,-36.593,-94.670,373.729
85.630,-0.148,20.000,4.000,-36.593,-94.670,373.729
85.636,-0.148,20.000,4.000,-36.593,-94.670,373.729
85.641,-0.148,20.000,4.000,-36.593,-94.670,373.729
85.647,-0.148,20.000,4.000,-36.593,-94.670,373.729
85.652,-0.148,20.000,4.000,-36.593,-94.670,373.729
85.657,-0.148,20.000,4.000,-36.593,-94.670,373.729
85.663,-0.148,20.000,4.000,-36.593,-94.670,373.729
85.668,-0.148,20.000,4.000,-36.593,-94.670,373.729
85.674,-0.148,20.000,4.000,-36.593,-94.670,373.729
85.679,-0.148,20.000,4.000,-36.593,-94.670,373.729
85.684,-0.148,20.000,4.000,-36.593,-94.670,373.729
85.690,-0.148,20.000,4.000,-36.593,-94.670,373.729
85.695,-0.148,20.000,4.000,-36.593,-94.670,373.729
85.700,-0.148,20.000,4.000,-36.593,-94.670,373.729
85.705,-0.148,20.000,4.000,-36.593,-94.670,373.729
85.710,-0.148,20.000,4.000,-36.593,-94.670,373.729
85.716,-0.148,20.000,4.000,-36.593,-94.670,373.729
85.721,-0.148,20.000,4.000,-36.593,-94.670,373.729
85.726,-0.148,20.000,4.000,-36.593,-94.670,373.729
85.732,-0.148,20.000,4.000,-36.593,-94.670,373.729
85.737,-0.148,20.000,4.000,-36.593,-94.670,373.729
85.742,-0.148,20.000,4.000,-36.593,-94.670,373.729
85.747,-0.148,20.000,4.000,-36.593,-94.670,373.729
85.753,-0.148,20.000,4.000,-36.593,-94.670,373.729
85.758,-0.148,20.000,4.000,-36.593,-94.670,373.729
85.763,-0.148,20.000,4.000,-36.593,-94.670,373.729
85.768,-0.148,20.000,4.000,-36.593,-94.670,373.729
85.773,-0.148,20.000,4.000,-36.593,-94.670,373.729
85.779,-0.148,20.000,4.000,-36.593,-94.670,373.729
85.784,-0.148,20.000,4.000,-36.593,-94.670,373.729
85.789,-0.148,20.000,4.000,-36.593,-94.670,373.729
85.794,-0.148,20.000,4.000,-36.593,-94.670,373.729
85.799,-0.148,20.000,4.000,-36.593,-94.670,373.729
85.804,-0.148,20.000,4.000,-36.593,-94.670,373.729
85.809,-0.148,20.000,4.000,-36.593,-94.670,373.729
85.814,-0.148,20.000,4.000,-36.593,-94.670,373.729
85.819,-0.148,20.000,4.000,-36.593,-94.670,373.729
85.825,-0.148,20.000,4.000,-36.593,-94.670,373.729
85.830,-0.148,20.000,4.000,-36.593,-94.670,373.729
85.835,-0.148,20.000,4.000,-36.593,-94.670,373.729
85.840,-0.148,20.000,4.000,-36.593,-94.670,373.729
85.845,-0.148,20.000,4.000,-36.593,-94.670,373.729
85.850,-0.148,20.000,4.000,-36.593,-94.670,373.729
85.855,-0.148,20.000,4.000,-36.593,-94.670,373.729
85.860,-0.148,20.000,4.000,-36.593,-94.670,373.729
85.866,-0.148,20.000,4.000,-36.593,-94.670,373.729
85.871,-0.148,20.000,4.000,-36.593,-94.670,373.729
85.876,-0.148,20.000,4.000,-36.593,-94.670,373.729
85.881,-0.148,20.000,4.000,-36.593,-94.670,373.729
85.886,-0.148,20.000,4.000,-36.593,-94.670,373.729
85.891,-0.148,20.000,4.000,-36.593,-94.670,373.729
85.896,-0.148,20.000,4.000,-36.593,-94.670,373.729
85.901,-0.148,20.000,4.000,-36.593,-94.670,373.729
85.906,-0.148,20.000,4.000,-36.593,-94.670,373.729
85.911,-0.148,20.000,4.000,-36.593,-94.670,373.729
85.916,-0.148,20.000,4.000,-36.593,-94.670,373.729
85.921,-0.148,20.000,4.000,-36.593,-94.670,373.729
85.927,-0.148,20.000,4.000,-36.593,-94.670,373.729
85.932,-0.148,20.000,4.000,-36.593,-94.670,373.729
85.937,-0.148,20.000,4.000,-36.593,-94.670,373.729
85.942,-0.148,20.000,4.000,-36.593,-94.670,373.729
85.947,-0.148,20.000,4.000,-36.593,-94.670,373.729
85.952,-0.148,20.000,4.000,-36.593,-94.670,373.729
85.957,-0.148,20.000,4.000,-36.593,-94.670,373.729
85.962,-0.148,20.000,4.000,-36.593,-94.670,373.729
85.967,-0.148,20.000,4.000,-36.593,-94.670,373.729
85.972,-0.148,20.000,4.000,-36.593,-94.670,373.729
85.977,-0.148,20.000,4.000,-36.593,-94.670,373.729
85.982,-0.148,20.000,4.000,-36.593,-94.670,373.729
85.987,-0.148,20.000,4.000,-36.593,-94.670,373.729
85.993,-0.148,20.000,4.000,-36.593,-94.670,373.729
85.998,-0.148,20.000,4.000,-36.593,-94.670,373.729
86.003,-0.148,20.000,4.000,-36.593,-94.670,373.729
86.008,-0.148,20.000,4.000,-36.593,-94.670,373.729
86.013,-0.148,20.000,4.000,-36.593,-94.670,373.729
86.018,-0.148,20.000,4.000,-36.593,-94.670,373.729
86.023,-0.148,20.000,4.000,-36.593,-94.670,373.729
86.028,-0.148,20.000,4.000,-36.593,-94.670,373.729
86.033,-0.148,20.000,4.000,-36.593,-94.670,373.729
86.038,-0.148,20.000,4.000,-36.593,-94.670,373.729
86.043,-0.148,20.000,4.000,-36.593,-94.670,373.729
86.048,-0.148,20.000,4.000,-36.593,-94.670,373.729
86.053,-0.148,20.000,4.000,-36.593,-94.670,373.729
86.058,-0.148,20.000,4.000,-36.593,-94.670,373.729
86.064,-0.148,20.000,4.000,-36.593,-94.670,373.729
86.069,-0.148,20.000,4.000,-36.593,-94.670,373.729
86.074,-0.148,20.000,4.000,-36.593,-94.670,373.729
86.079,-0.148,20.000,4.000,-36.593,-94.670,373.729
86.084,-0.148,20.000,4.000,-36.593,-94.670,373.729
86.089,-0.148,20.000,4.000,-36.593,-94.670,373.729
86.094,-0.148,20.000,4.000,-36.593,-94.670,373.729
86.099,-0.148,20.000,4.000,-36.593,-94.670,373.729
86.104,-0.148,20.000,4.000,-36.593,-94.670,373.729
86.109,-0.148,20.000,4.000,-36.593,-94.670,373.729
86.114,-0.148,20.000,4.000,-36.593,-94.670,373.729
86.119,-0.148,20.000,4.000,-36.593,-94.670,373.729
86.124,-0.148,20.000,4.000,-36.593,-94.670,373.729
86.129