R
Px,Ix,Dx,Py,Iy,Dy,Pz,Iz,FFrx,FFry,FFdrx,FFdry,satI,satPID,DTermC,GparamC,AparamC,KFQAng,KFQbias,KFRmeas,CPx,CIx,CPy,CIy,CsatI,CsatPID,CFFdrx,CFFdry,CFalpha,FFDTermC,IRelaxR,IRelaxE,DmaxR,DmaxE,DMx,DMy
280,0,1800,280,0,1800,500,150,0,0,0,0,7,75,10,10.0,64.0,0.000100,0.003000,50,30,0,30,0,75,300,0,0,0.995,10.000,300,100,300,100,1900,2100
sysTime,PIDRefX,PIDRefY,PIDRefZ,PIDSensX,PIDSensY,PIDSensZ
124.426,0.000,-0.446,2.000,-0.472,-0.949,-1.110
124.431,0.000,-0.446,2.000,-0.472,-0.949,-1.110
124.436,0.000,-0.446,2.000,-0.472,-0.949,-1.110
124.441,0.000,-0.446,2.000,-0.472,-0.949,-1.110
124.446,0.000,-0.446,2.000,-0.472,-0.949,-1.110
124.451,0.000,-0.446,2.000,-0.472,-0.949,-1.110
124.456,0.000,-0.446,2.000,-0.472,-0.949,-1.110
124.461,0.000,-0.446,2.000,-0.472,-0.949,-1.110
124.466,0.000,-0.446,2.000,-0.472,-0.949,-1.110
124.472,0.000,-0.446,2.000,-0.472,-0.949,-1.110
124.477,0.000,-0.446,2.000,-0.472,-0.949,-1.110
124.482,0.000,-0.446,2.000,-0.472,-0.949,-1.110
124.487,0.000,-0.446,2.000,-0.472,-0.949,-1.110
124.492,0.000,-0.446,2.000,-0.472,-0.949,-1.110
124.497,0.000,-0.446,2.000,-0.472,-0.949,-1.110
124.502,0.000,-0.446,2.000,-0.472,-0.949,-1.110
124.507,0.000,-0.446,2.000,-0.472,-0.949,-1.110
124.512,0.000,-0.446,2.000,-0.472,-0.949,-1.110
124.517,0.000,-0.446,2.000,-0.472,-0.949,-1.110
124.522,0.000,-0.446,2.000,-0.472,-0.949,-1.110
124.527,0.000,-0.446,2.000,-0.472,-0.949,-1.110
124.532,0.000,-0.446,2.000,-0.472,-0.949,-1.110
124.538,0.000,-0.446,2.000,-0.472,-0.949,-1.110
124.543,0.000,-0.446,2.000,-0.472,-0.949,-1.110
124.548,0.000,-0.446,2.000,-0.472,-0.949,-1.110
124.553,0.000,-0.446,2.000,-0.472,-0.949,-1.110
124.558,0.000,-0.446,2.000,-0.472,-0.949,-1.110
124.563,0.000,-0.446,2.000,-0.472,-0.949,-1.110
124.568,0.000,-0.446,2.000,-0.472,-0.949,-1.110
124.573,0.000,-0.446,2.000,-0.472,-0.949,-1.110
124.578,0.000,-0.446,2.000,-0.472,-0.949,-1.110
124.583,0.000,-0.446,2.000,-0.472,-0.949,-1.110
124.588,0.000,-0.446,2.000,-0.472,-0.949,-1.110
124.593,0.000,-0.446,2.000,-0.472,-0.949,-1.110
124.598,0.000,-0.446,2.000,-0.472,-0.949,-1.110
124.604,0.000,-0.446,2.000,-0.472,-0.949,-1.110
124.609,0.000,-0.446,2.000,-0.472,-0.949,-1.110
124.614,0.000,-0.446,2.000,-0.472,-0.949,-1.110
124.619,0.000,-0.446,2.000,-0.472,-0.949,-1.110
124.624,0.000,-0.446,2.000,-0.472,-0.949,-1.110
124.629,0.000,-0.446,2.000,-0.472,-0.949,-1.110
124.634,0.000,-0.446,2.000,-0.472,-0.949,-1.110
124.639,0.000,-0.446,2.000,-0.472,-0.949,-1.110
124.644,0.000,-0.446,2.000,-0.472,-0.949,-1.110
124.649,0.000,-0.446,2.000,-0.472,-0.949,-1.110
124.654,0.000,-0.446,2.000,-0.472,-0.949,-1.110
124.660,0.000,-0.446,2.000,-0.472,-0.949,-1.110
124.665,0.000,-0.446,2.000,-0.472,-0.949,-1.110
124.670,0.000,-0.446,2.000,-0.472,-0.949,-1.110
124.675,0.000,-0.446,2.000,-0.472,-0.949,-1.110
124.680,0.000,-0.446,2.000,-0.472,-0.949,-1.110
124.685,0.000,-0.446,2.000,-0.472,-0.949,-1.110
124.690,0.000,-0.446,2.000,-0.472,-0.949,-1.110
124.695,0.000,-0.446,2.000,-0.472,-0.949,-1.110
124.700,0.000,-0.446,2.000,-0.472,-0.949,-1.110
124.705,0.000,-0.446,2.000,-0.472,-0.949,-1.110
124.710,0.000,-0.446,2.000,-0.472,-0.949,-1.110
124.715,0.000,-0.446,2.000,-0.472,-0.949,-1.110
124.720,0.000,-0.446,2.000,-0.472,-0.949,-1.110
124.726,0.000,-0.446,2.000,-0.472,-0.949,-1.110
124.731,0.000,-0.446,2.000,-0.472,-0.949,-1.110
124.736,0.000,-0.446,2.000,-0.472,-0.949,-1.110
124.741,0.000,-0.446,2.000,-0.472,-0.949,-1.110
124.746,0.000,-0.446,2.000,-0.472,-0.949,-1.110
124.751,0.000,-0.446,2.000,-0.472,-0.949,-1.110
124.756,0.000,-0.446,2.000,-0.472,-0.949,-1.110
124.761,0.000,-0.446,2.000,-0.472,-0.949,-1.110
124.766,0.000,-0.446,2.000,-0.472,-0.949,-1.110
124.771,0.000,-0.446,2.000,-0.472,-0.949,-1.110
124.776,0.000,-0.446,2.000,-0.472,-0.949,-1.110
124.781,0.000,-0.446,2.000,-0.472,-0.949,-1.110
124.786,0.000,-0.446,2.000,-0.472,-0.949,-1.110
124.791,0.000,-0.446,2.000,-0.472,-0.949,-1.110
124.797,0.000,-0.446,2.000,-0.472,-0.949,-1.110
124.802,0.000,-0.446,2.000,-0.472,-0.949,-1.110
124.807,0.000,-0.446,2.000,-0.472,-0.949,-1.110
124.812,0.000,-0.446,2.000,-0.472,-0.949,-1.110
124.817,0.000,-0.446,2.000,-0.472,-0.949,-1.110
124.822,0.000,-0.446,2.000,-0.472,-0.949,-1.110
124.827,0.000,-0.446,2.000,-0.472,-0.949,-1.110
124.832,0.000,-0.446,2.000,-0.472,-0.949,-1.110
124.837,0.000,-0.446,2.000,-0.472,-0.949,-1.110
124.842,0.000,-0.446,2.000,-0.472,-0.949,-1.110
124.847,0.000,-0.446,2.000,-0.472,-0.949,-1.110
124.852,0.000,-0.446,2.000,-0.472,-0.949,-1.110
124.857,0.000,-0.446,2.000,-0.472,-0.949,-1.110
124.862,0.000,-0.446,2.000,-0.472,-0.949,-1.110
124.868,0.000,-0.446,2.000,-0.472,-0.949,-1.110
124.873,0.000,-0.446,2.000,-0.472,-0.949,-1.110
124.878,0.000,-0.446,2.000,-0.472,-0.949,-1.110
124.883,0.000,-0.446,2.000,-0.472,-0.949,-1.110
124.888,0.000,-0.446,2.000,-0.472,-0.949,-1.110
124.893,0.000,-0.446,2.000,-0.472,-0.949,-1.110
124.898,0.000,-0.446,2.000,-0.472,-0.949,-1.110
124.903,0.000,-0.446,2.000,-0.472,-0.949,-1.110
124.908,0.000,-0.446,2.000,-0.472,-0.949,-1.110
124.913,0.000,-0.446,2.000,-0.472,-0.949,-1.110
124.918,0.000,-0.446,2.000,-0.472,-0.949,-1.110
124.923,0.000,-0.446,2.000,-0.472,-0.949,-1.110
124.929,0.000,-0.446,2.000,-0.472,-0.949,-1.110
124.934,0.000,-0.446,2.000,-0.909,0.097,1.456
124.941,0.000,-0.446,2.000,-0.873,-0.947,0.531
124.947,0.000,-0.446,2.000,-1.163,-0.330,-0.464
124.954,0.000,-0.446,2.000,-0.431,-0.205,-0.283
124.960,0.000,-0.446,2.000,0.583,-0.050,-0.099
124.966,0.000,-0.446,2.000,0.058,-0.038,-0.202
124.973,0.000,-0.446,2.000,1.170,0.183,-0.326
124.979,0.000,-0.446,2.000,0.352,-0.066,0.879
124.986,0.000,-0.446,2.000,0.250,0.175,-0.608
124.992,0.000,-0.446,2.000,0.329,0.002,0.710
124.999,0.000,-0.446,2.000,-0.241,-0.101,1.241
125.006,0.000,-0.446,2.000,-0.498,-0.311,0.444
125.012,0.000,-0.446,2.000,-1.125,0.118,0.862
125.018,0.000,-0.446,2.000,-0.489,-0.926,-0.109
125.025,0.000,-0.446,2.000,-0.648,0.111,-0.430
125.031,0.000,-0.446,2.000,-0.319,-0.666,-0.378
125.038,0.000,-0.446,2.000,-0.379,-0.324,-0.356
125.044,0.000,-0.446,2.000,-0.446,-0.420,-1.122
125.051,0.000,-0.446,2.000,-0.075,-0.132,0.528
125.057,0.000,-0.446,0.000,-0.508,-0.201,-0.397
125.064,0.000,-0.446,0.000,-1.216,0.323,0.142
125.070,0.000,-0.446,0.000,-0.536,1.414,-0.632
125.077,0.000,-0.446,0.000,-0.172,0.862,3.400
125.083,0.000,-0.446,0.000,-1.199,0.154,-1.012
125.090,0.000,-0.446,0.000,-1.234,1.556,-1.596
125.096,0.000,-0.446,0.000,-1.483,0.642,4.058
125.103,0.000,-0.446,0.000,-1.848,0.391,-2.101
125.109,0.000,-0.446,0.000,-0.859,1.393,-0.578
125.116,0.000,-0.446,0.000,-0.810,-0.749,0.964
125.122,0.000,-0.446,0.000,-0.499,-0.936,-0.011
125.129,0.000,-0.446,0.000,-0.315,-0.778,0.936
125.135,0.000,-0.446,0.000,0.866,-1.425,1.553
125.142,0.000,-0.446,0.000,0.798,0.601,0.050
125.148,0.000,-0.446,0.000,1.099,0.611,-0.009
125.155,0.000,-0.446,0.000,-0.096,-0.853,0.333
125.161,0.000,-0.446,0.000,-0.182,-1.711,0.226
125.168,0.000,-0.446,0.000,0.333,-1.420,0.253
125.174,0.000,-0.446,0.000,1.158,-1.703,-0.587
125.180,0.000,-0.446,0.000,0.015,-0.301,-0.177
125.187,0.000,-0.446,0.000,-0.534,-0.244,-0.246
125.193,0.000,-0.446,0.000,-1.675,-0.588,-0.039
125.200,0.000,-0.446,0.000,-2.990,-0.278,-0.882
125.206,0.000,-0.446,0.000,-3.166,-0.506,-0.306
125.213,0.000,-0.446,0.000,-2.683,-1.254,1.465
125.219,0.000,-0.446,0.000,-1.408,-1.200,0.404
125.226,0.000,-0.446,0.000,-0.995,-0.879,0.102
125.232,0.000,-0.446,0.000,-0.914,-1.984,1.341
125.239,0.000,-0.446,0.000,0.034,-0.330,2.303
125.245,0.000,-0.446,0.000,0.222,-0.242,2.656
125.252,0.000,-0.446,0.000,0.985,0.209,2.921
125.258,0.000,-0.446,0.000,0.988,-0.132,1.997
125.265,0.000,-0.446,0.000,1.123,-0.169,1.124
125.271,0.000,-0.446,0.000,2.067,-0.390,1.039
125.278,0.000,-0.446,0.000,2.301,-0.173,-0.140
125.284,0.000,-0.446,0.000,0.951,-0.738,-0.992
125.291,0.000,-0.446,0.000,1.256,-1.173,-0.548
125.297,0.000,-0.446,0.000,-0.871,0.572,-0.573
125.304,0.000,-0.446,0.000,-0.121,0.851,-0.595
125.310,0.000,-0.446,0.000,0.450,-0.205,-1.841
125.317,0.000,-0.446,0.000,0.805,-0.641,-0.568
125.323,0.000,-0.446,0.000,0.813,-0.292,0.408
125.329,0.000,-0.446,0.000,0.982,-0.739,-0.186
125.336,0.000,-0.446,0.000,-0.577,0.166,-0.197
125.342,0.000,-0.446,0.000,-1.910,1.941,0.140
125.349,0.000,-0.446,0.000,-1.754,1.790,-0.376
125.356,0.000,-0.446,0.000,-0.283,0.427,-1.273
125.362,0.000,-0.446,0.000,-0.122,1.117,-1.613
125.368,0.000,-0.446,0.000,0.017,-0.096,0.237
125.375,0.000,-0.446,0.000,1.110,-1.550,0.001
125.381,0.000,-0.446,0.000,2.099,-1.849,-1.135
125.388,0.000,-0.446,0.000,1.950,-2.763,0.561
125.394,0.000,-0.446,0.000,2.368,-2.523,0.622
125.401,0.000,-0.446,0.000,1.420,-1.885,0.104
125.407,0.000,-0.446,0.000,0.848,-0.936,0.389
125.414,0.000,-0.446,0.000,0.670,-1.015,0.004
125.420,0.000,-0.446,0.000,1.121,-0.330,-0.017
125.427,0.000,-0.446,0.000,1.058,-0.628,-0.918
125.433,0.000,-0.446,0.000,2.570,-2.298,-0.963
125.440,0.000,-0.446,0.000,2.647,-3.282,0.194
125.446,0.000,-0.446,0.000,2.894,-2.253,-1.459
125.453,0.000,-0.446,0.000,2.021,-0.805,-1.311
125.459,0.000,-0.446,0.000,0.928,-0.649,-1.529
125.466,-0.148,-0.446,0.000,1.379,0.005,-1.763
125.472,-0.148,-0.446,0.000,1.655,0.456,-0.963
125.479,-0.148,-0.446,0.000,1.177,0.206,-0.452
125.485,-0.148,-0.446,0.000,1.475,-1.290,0.253
125.490,-0.297,-0.446,0.000,0.694,-1.066,0.161
125.495,-0.446,-0.446,0.000,1.221,-1.279,0.109
125.501,-0.446,-0.446,0.000,0.741,-1.111,0.882
125.506,-0.446,-0.446,0.000,0.434,-0.071,0.749
125.511,-0.446,-0.446,0.000,0.718,-0.386,0.556
125.517,-0.446,-0.446,0.000,-0.097,0.100,0.248
125.522,-0.595,-0.446,0.000,-0.647,0.362,0.996
125.527,-0.595,-0.446,0.000,-0.290,-0.783,0.627
125.532,-0.595,-0.446,0.000,-0.346,-0.910,0.208
125.538,-0.595,-0.446,0.000,0.483,-0.574,-1.169
125.543,-0.595,-0.446,0.000,0.434,-1.569,-0.479
125.548,-0.595,-0.446,0.000,0.963,-0.298,-0.511
125.553,-0.595,-0.595,0.000,0.524,-0.798,-0.192
125.560,-0.595,-0.595,0.000,-1.815,0.583,-1.128
125.567,-0.595,-0.595,0.000,-0.670,0.220,-0.599
125.573,-0.595,-0.595,0.000,-1.113,0.768,0.430
125.580,-0.595,-0.595,0.000,-0.986,1.472,-0.978
125.587,-0.595,-0.595,0.000,-1.692,2.282,-1.283
125.593,-0.595,-0.595,0.000,-2.545,2.992,-1.582
125.598,-0.595,-0.595,0.000,-2.364,2.282,-2.159
125.605,-0.595,-0.595,0.000,-1.827,0.393,-0.695
125.612,-0.148,-0.446,0.000,-2.486,0.077,-0.689
125.618,-0.148,-0.446,0.000,-1.897,0.677,-0.913
125.625,-0.148,-0.446,0.000,-1.625,1.991,0.108
125.631,-0.148,-0.446,0.000,-1.780,1.932,-1.092
125.638,0.000,-0.297,0.000,-2.204,1.490,-1.011
125.644,0.000,-0.297,0.000,-1.462,1.399,0.544
125.650,0.000,-0.297,0.000,-0.302,0.818,-0.038
125.656,0.000,-0.297,0.000,1.564,0.947,-0.313
125.662,0.000,-0.297,0.000,2.026,0.727,1.273
125.668,0.000,-0.297,0.000,0.232,1.025,0.522
125.675,0.000,-0.297,0.000,0.033,1.535,1.261
125.681,0.000,-0.297,0.000,0.272,1.243,1.282
125.687,0.000,-0.297,0.000,1.530,0.234,0.462
125.693,0.000,-0.297,0.000,1.668,-0.209,-0.458
125.699,0.000,-0.297,0.000,1.093,0.223,-0.568
125.706,0.000,-0.297,0.000,-0.171,1.288,0.795
125.712,0.000,-0.297,0.000,-0.500,1.541,0.673
125.718,0.000,-0.297,0.000,0.595,0.470,-0.513
125.724,0.000,-0.297,0.000,2.142,-0.410,0.485
125.730,0.000,-0.297,0.000,2.191,-0.336,2.080
125.737,0.000,-0.446,0.000,1.209,0.601,1.389
125.743,0.000,-0.446,0.000,0.552,1.806,0.223
125.750,0.000,-0.297,0.000,0.229,1.366,-1.022
125.756,0.000,-0.297,0.000,-0.207,1.288,-0.258
125.762,0.000,-0.297,0.000,-0.236,1.616,-0.648
125.768,0.000,-0.297,0.000,-0.409,1.235,-1.247
125.774,0.000,-0.297,0.000,-1.209,-0.291,-1.165
125.781,0.000,-0.446,0.000,-1.083,0.913,-1.863
125.787,0.000,-0.446,0.000,-2.339,1.169,-2.167
125.794,0.000,-0.446,0.000,-1.932,1.806,-1.804
125.800,0.000,-0.446,0.000,-1.721,1.679,-3.069
125.806,0.000,-0.595,0.000,-1.523,1.984,-2.918
125.813,0.000,-0.595,0.000,-2.338,2.552,-2.896
125.819,0.000,-0.595,0.000,-1.653,2.356,-1.743
125.825,0.000,-0.595,0.000,0.223,1.104,-1.584
125.832,0.000,-1.793,0.000,1.252,-0.420,-0.917
125.838,0.000,-1.793,0.000,1.032,-0.247,-0.974
125.845,0.000,-3.169,0.000,0.821,0.824,-0.942
125.851,0.000,-3.955,0.000,2.175,1.040,-0.653
125.858,0.000,-3.955,0.000,2.474,0.978,-0.110
125.865,0.000,-6.796,0.000,0.471,2.084,0.479
125.872,0.000,-6.796,0.000,-1.309,1.653,-1.216
125.878,0.000,-7.153,0.000,-0.968,-0.370,-1.090
125.885,0.000,-7.153,0.000,-0.274,-2.514,0.471
125.892,0.000,-12.379,1.000,0.708,-2.052,0.743
125.897,0.000,-12.607,0.000,-0.902,-1.683,0.090
125.904,0.000,-13.068,0.000,-2.003,-0.808,-1.024
125.910,0.000,-12.836,0.000,-2.516,-1.841,1.457
125.917,0.000,-12.836,0.000,-3.097,-0.658,1.085
125.924,0.000,-12.836,0.000,-0.808,1.494,1.641
125.930,0.000,-12.836,0.000,4.583,2.952,2.031
125.937,0.000,-12.836,0.000,7.191,2.511,2.975
125.944,0.000,-14.262,0.000,4.822,3.967,2.830
125.951,0.000,-13.538,0.000,6.399,3.291,3.238
125.957,0.000,-13.538,0.000,9.793,3.388,3.259
125.964,0.000,-13.538,0.000,11.880,4.822,3.788
125.969,0.000,-14.262,0.000,14.394,4.803,3.218
125.974,0.000,-14.508,0.000,16.496,4.827,3.163
125.981,0.000,-14.508,0.000,19.388,7.757,2.160
125.988,0.000,-15.517,0.000,22.286,7.938,2.064
125.994,0.000,-15.517,0.000,24.883,10.332,3.317
125.999,0.000,-15.776,0.000,26.793,9.250,3.837
126.006,0.000,-16.038,0.000,26.427,12.116,3.979
126.013,0.000,-16.839,1.000,29.419,14.323,4.861
126.018,0.000,-16.839,1.000,27.548,16.224,4.327
126.023,0.000,-16.839,1.000,27.651,14.335,6.507
126.030,0.000,-19.101,0.000,28.547,15.822,5.299
126.035,0.000,-19.101,0.000,27.582,16.243,6.592
126.040,0.000,-19.101,0.000,28.100,14.953,6.989
126.045,0.000,-19.101,0.000,27.508,15.784,9.043
126.051,0.000,-22.209,0.000,29.039,14.748,10.277
126.058,0.000,-22.870,0.000,27.185,19.686,10.170
126.065,0.000,-23.206,0.000,24.611,19.726,7.736
126.070,0.000,-23.206,0.000,25.932,16.911,6.139
126.075,0.000,-23.206,0.000,24.261,15.947,6.162
126.080,0.000,-23.206,0.000,25.115,16.636,6.798
126.087,0.000,-23.206,0.000,23.893,15.260,6.580
126.092,0.000,-25.660,0.000,23.201,13.999,6.834
126.099,0.000,-27.145,0.000,21.821,13.646,6.913
126.105,0.000,-27.145,0.000,20.979,11.455,7.231
126.112,0.000,-38.939,0.000,19.862,13.634,5.776
126.119,0.000,-37.950,0.000,19.735,14.252,4.654
126.126,0.000,-37.950,0.000,20.326,14.057,4.355
126.132,0.000,-37.950,0.000,19.757,13.644,5.339
126.137,0.000,-42.560,0.000,20.600,12.066,5.527
126.144,0.000,-42.560,0.000,20.226,11.555,5.697
126.151,0.000,-43.641,0.000,22.001,9.078,6.788
126.158,0.000,-45.869,0.000,19.491,11.496,6.676
126.163,0.000,-45.869,0.000,20.369,11.752,7.752
126.169,0.000,-45.869,0.000,20.747,12.836,7.607
126.176,0.000,-45.869,0.000,21.228,12.768,5.536
126.181,-0.148,-45.869,0.000,21.529,14.204,4.186
126.188,-0.148,-45.869,0.000,22.785,12.416,3.661
126.193,-0.148,-45.869,0.000,21.451,13.555,2.695
126.198,-0.297,-45.869,0.000,20.113,13.399,3.564
126.203,-0.297,-45.869,1.000,21.302,11.296,4.939
126.209,-0.297,-45.869,1.000,21.770,8.882,4.655
126.214,-0.297,-45.869,1.000,21.399,6.746,5.585
126.219,-0.446,-47.016,1.000,20.873,4.146,6.986
126.225,-0.446,-47.016,1.000,20.844,1.941,8.768
126.231,-0.446,-47.016,1.000,21.131,-1.266,9.805
126.236,-0.446,-47.016,1.000,19.853,-4.199,11.224
126.242,-0.446,-48.778,1.000,20.531,-8.553,12.623
126.248,-0.446,-48.778,1.000,20.096,-10.017,12.738
126.253,-0.446,-49.981,0.000,19.883,-12.699,13.127
126.259,-0.446,-49.981,0.000,20.949,-14.223,13.444
126.264,-0.446,-50.592,1.000,20.817,-14.351,13.077
126.270,-0.446,-50.592,1.000,18.671,-13.496,10.655
126.276,-0.446,-49.981,1.000,18.667,-15.460,10.856
126.281,-0.446,-49.981,1.000,18.325,-16.196,10.778
126.287,-0.446,-49.981,1.000,18.638,-17.060,9.658
126.293,-0.446,-49.981,1.000,19.298,-17.324,8.785
126.298,-0.446,-50.592,0.000,18.055,-17.350,7.366
126.304,-0.446,-50.592,0.000,17.885,-16.368,6.337
126.309,-0.446,-50.592,0.000,16.714,-15.279,6.246
126.315,-0.446,-50.592,0.000,15.009,-13.175,5.449
126.321,-0.446,-50.592,0.000,13.195,-10.902,2.612
126.326,-0.446,-50.592,0.000,12.042,-10.783,0.589
126.332,-0.446,-50.592,0.000,12.083,-10.481,0.023
126.337,-0.595,-51.208,0.000,13.092,-10.049,-0.827
126.343,-0.744,-51.831,1.000,12.819,-7.219,-3.270
126.348,-0.744,-51.831,1.000,12.114,-4.467,-5.895
126.354,-0.744,-51.831,1.000,12.122,-3.283,-7.997
126.360,-0.744,-51.831,1.000,11.666,-0.627,-10.847
126.365,-1.341,-53.093,1.000,12.557,1.115,-12.629
126.371,-1.341,-53.093,1.000,13.299,1.025,-13.684
126.377,-1.341,-53.093,1.000,15.328,0.490,-14.183
126.383,-1.341,-53.093,1.000,14.145,0.234,-14.686
126.388,-1.642,-53.093,1.000,14.169,-1.946,-13.755
126.394,-1.642,-53.093,1.000,14.738,-3.501,-13.328
126.400,-1.642,-53.093,1.000,15.702,-8.026,-11.919
126.406,-2.095,-53.734,0.000,15.343,-9.106,-12.573
126.411,-2.552,-53.093,0.000,14.713,-9.545,-12.044
126.417,-2.552,-53.093,0.000,13.827,-10.624,-12.753
126.423,-2.552,-53.093,0.000,14.265,-10.764,-13.847
126.428,-2.552,-53.093,0.000,15.910,-10.557,-14.931
126.434,-2.552,-53.093,0.000,15.982,-10.369,-15.710
126.440,-2.552,-53.093,0.000,15.355,-9.739,-16.077
126.445,-2.552,-53.093,0.000,15.312,-10.024,-15.307
126.451,-2.552,-53.093,0.000,14.053,-9.396,-16.251
126.457,-2.859,-53.734,0.000,13.694,-9.600,-17.318
126.463,-2.859,-53.734,0.000,12.710,-9.749,-17.908
126.468,-2.859,-53.734,0.000,10.804,-9.577,-18.742
126.474,-2.706,-53.734,0.000,9.839,-10.064,-17.867
126.480,-2.706,-53.734,0.000,8.966,-12.594,-16.275
126.485,-2.706,-53.734,0.000,9.100,-13.620,-15.619
126.491,-2.706,-53.734,0.000,8.281,-14.370,-15.534
126.497,-2.859,-53.734,0.000,7.529,-14.822,-13.954
126.502,-2.859,-53.734,0.000,6.811,-14.582,-12.712
126.508,-2.859,-53.734,0.000,7.895,-14.399,-11.579
126.514,-2.859,-53.734,0.000,8.565,-14.032,-10.966
126.520,-3.014,-53.734,0.000,9.312,-15.788,-10.253
126.525,-3.014,-53.734,0.000,9.853,-17.196,-8.071
126.531,-3.014,-53.734,0.000,10.615,-16.221,-6.926
126.537,-3.014,-53.734,0.000,10.756,-16.690,-4.646
126.542,-3.014,-53.734,0.000,11.425,-17.453,-2.494
126.548,-3.014,-53.734,0.000,11.947,-17.412,-2.085
126.554,-3.014,-53.734,0.000,12.254,-16.224,0.513
126.559,-3.169,-53.734,0.000,11.510,-13.904,0.754
126.565,-3.169,-53.734,0.000,11.479,-13.325,1.801
126.571,-3.169,-53.734,0.000,10.427,-9.666,1.552
126.577,-3.796,-53.093,0.000,9.388,-8.031,1.502
126.582,-4.435,-53.734,1.000,9.024,-4.877,1.087
126.588,-4.435,-53.734,1.000,7.903,-2.314,0.416
126.594,-4.435,-53.734,1.000,6.097,-1.049,-0.355
126.600,-5.928,-54.380,0.000,4.750,0.331,-0.068
126.605,-6.445,-56.356,1.000,3.090,1.446,-0.552
126.611,-6.445,-56.356,1.000,1.659,1.804,-0.856
126.617,-6.445,-56.356,1.000,1.608,2.882,-1.169
126.622,-6.974,-59.080,1.000,2.055,4.191,-1.032
126.628,-6.974,-59.776,0.000,0.927,6.144,-2.301
126.634,-6.974,-59.776,0.000,0.346,6.963,-2.299
126.639,-6.974,-59.776,0.000,0.698,6.677,-1.464
126.645,-7.882,-60.480,1.000,0.440,6.282,-1.146
126.651,-7.882,-60.480,1.000,1.408,4.233,-0.003
126.656,-7.882,-60.480,1.000,2.780,1.278,-0.323
126.662,-8.068,-60.480,1.000,4.356,-1.525,0.603
126.668,-8.445,-60.480,1.000,4.181,-3.432,2.495
126.674,-8.828,-61.906,1.000,5.762,-6.450,2.505
126.679,-8.828,-61.906,1.000,6.010,-8.258,0.346
126.685,-9.022,-61.906,1.000,6.735,-10.505,-0.032
126.691,-9.022,-61.906,1.000,7.103,-12.028,-0.167
126.697,-9.615,-65.589,1.000,6.879,-13.329,-0.710
126.702,-9.615,-65.589,1.000,8.031,-14.147,-0.510
126.708,-9.816,-65.589,1.000,9.360,-13.611,-0.477
126.714,-9.816,-65.589,1.000,10.492,-13.918,0.659
126.719,-10.223,-71.842,1.000,11.342,-13.519,0.704
126.725,-10.223,-71.842,1.000,12.125,-12.313,0.962
126.731,-10.223,-71.842,1.000,12.517,-11.439,0.257
126.736,-11.061,-75.985,1.000,12.904,-9.455,-0.599
126.742,-11.276,-76.836,1.000,14.985,-10.123,-1.355
126.748,-11.276,-76.836,1.000,15.742,-9.151,-2.160
126.754,-11.492,-75.985,1.000,16.205,-9.831,-1.267
126.759,-11.492,-75.985,1.000,16.072,-7.806,-2.161
126.765,-12.379,-76.836,1.000,15.654,-6.793,-1.554
126.771,-12.379,-76.836,1.000,15.797,-6.349,-0.801
126.776,-12.379,-76.836,1.000,14.084,-3.114,-3.337
126.782,-12.379,-76.836,1.000,13.074,-1.133,-4.102
126.788,-16.302,-77.694,1.000,12.108,0.669,-4.679
126.794,-16.302,-77.694,1.000,11.006,2.801,-5.702
126.799,-16.302,-77.694,1.000,9.371,5.330,-6.006
126.805,-16.302,-77.694,1.000,9.052,6.469,-5.678
126.811,-16.302,-77.694,1.000,9.054,7.909,-6.008
126.817,-16.302,-77.694,1.000,8.862,10.316,-6.608
126.822,-16.302,-77.694,1.000,7.846,10.522,-5.838
126.828,-16.302,-77.694,1.000,6.299,12.321,-4.960
126.834,-16.302,-77.694,1.000,4.770,11.568,-3.240
126.839,-22.538,-76.836,1.000,2.696,10.653,-0.480
126.845,-22.538,-76.836,1.000,3.662,8.455,0.678
126.851,-22.870,-76.836,1.000,4.261,6.126,0.937
126.857,-22.870,-76.836,1.000,4.142,5.748,1.395
126.862,-22.870,-76.836,1.000,4.070,4.205,3.069
126.868,-22.870,-76.836,1.000,0.664,2.778,3.471
126.874,-24.586,-76.836,1.000,-0.289,-0.880,3.454
126.880,-24.586,-76.836,1.000,-0.673,-5.136,3.880
126.885,-24.586,-76.836,1.000,0.168,-7.198,3.299
126.891,-24.586,-76.836,1.000,0.780,-10.428,2.433
126.897,-27.145,-76.836,1.000,-0.341,-13.878,1.594
126.902,-27.145,-76.836,1.000,-0.346,-16.493,0.393
126.908,-27.145,-76.836,1.000,-2.044,-21.666,0.305
126.914,-27.911,-76.836,1.000,-1.348,-27.018,-0.192
126.920,-27.911,-76.836,1.000,-1.764,-30.496,-0.819
126.925,-27.911,-76.836,1.000,-2.633,-31.467,-0.442
126.931,-27.911,-76.836,1.000,-3.227,-33.581,0.844
126.937,-27.911,-76.836,1.000,-3.824,-34.352,1.126
126.942,-29.090,-76.836,1.000,-4.536,-35.694,1.092
126.948,-29.090,-76.836,1.000,-5.654,-36.331,1.707
126.954,-29.090,-76.836,1.000,-6.607,-35.881,2.592
126.960,-29.090,-76.836,1.000,-7.378,-36.718,3.514
126.965,-38.442,-77.694,1.000,-7.880,-35.774,4.012
126.971,-38.442,-77.694,1.000,-7.872,-34.615,4.798
126.977,-38.442,-77.694,1.000,-8.348,-34.990,6.641
126.983,-38.442,-77.694,1.000,-9.119,-34.080,7.036
126.988,-43.098,-77.694,1.000,-9.988,-32.514,6.814
126.994,-43.098,-77.694,1.000,-10.713,-31.450,7.950
127.000,-43.098,-77.694,1.000,-10.999,-30.084,8.937
127.005,-44.190,-77.694,1.000,-12.894,-29.322,9.850
127.011,-44.190,-77.694,1.000,-14.089,-27.004,10.424
127.017,-44.190,-77.694,1.000,-14.519,-26.456,9.739
127.023,-44.190,-77.694,1.000,-15.996,-24.918,8.497
127.028,-43.641,-77.694,1.000,-17.840,-24.902,6.818
127.034,-44.190,-77.694,1.000,-19.235,-23.588,7.066
127.040,-44.190,-77.694,1.000,-20.129,-23.765,7.599
127.046,-43.641,-77.694,1.000,-21.891,-24.780,6.540
127.051,-44.190,-77.694,1.000,-23.029,-25.527,8.352
127.057,-44.190,-77.694,1.000,-23.233,-27.066,9.292
127.063,-44.190,-77.694,1.000,-25.232,-29.422,10.252
127.068,-44.190,-77.694,0.000,-26.522,-30.506,11.454
127.074,-43.641,-77.694,1.000,-27.121,-31.972,13.249
127.080,-43.641,-77.694,1.000,-27.923,-33.526,14.286
127.086,-43.641,-77.694,1.000,-28.417,-34.292,13.028
127.092,-43.641,-77.694,0.000,-29.607,-34.230,12.839
127.097,-43.098,-77.694,0.000,-29.196,-36.036,13.475
127.103,-43.098,-77.694,0.000,-28.791,-37.363,13.962
127.109,-42.560,-76.836,1.000,-30.444,-37.868,13.599
127.115,-42.560,-76.836,1.000,-31.138,-38.109,12.946
127.120,-39.948,-73.477,1.000,-29.740,-39.857,12.684
127.126,-39.948,-73.477,1.000,-28.130,-41.106,12.208
127.132,-38.939,-72.656,0.000,-27.857,-43.252,11.692
127.137,-38.939,-71.036,1.000,-27.451,-46.159,10.698
127.143,-38.939,-71.036,0.000,-26.651,-44.397,10.406
127.149,-38.939,-71.036,0.000,-27.731,-44.804,11.045
127.155,-38.939,-71.036,0.000,-27.839,-42.857,10.719
127.160,-38.939,-71.036,0.000,-27.724,-41.832,11.268
127.166,-42.560,-72.656,1.000,-27.033,-41.565,11.492
127.172,-42.560,-72.656,1.000,-27.324,-40.412,12.419
127.178,-43.641,-72.656,1.000,-27.784,-38.974,12.692
127.183,-43.641,-72.656,1.000,-27.047,-36.309,12.752
127.189,-48.185,-71.842,0.000,-26.603,-34.152,11.796
127.195,-48.185,-71.842,0.000,-25.712,-31.541,11.614
127.200,-48.778,-71.036,1.000,-22.566,-30.663,9.044
127.206,-48.778,-71.036,1.000,-23.080,-28.777,8.298
127.212,-51.831,-68.659,1.000,-23.110,-26.666,7.269
127.218,-51.831,-68.659,1.000,-24.966,-23.443,5.219
127.223,-52.459,-67.881,1.000,-25.845,-20.850,3.606
127.229,-52.459,-67.881,1.000,-27.891,-18.334,2.546
127.235,-54.380,-61.906,0.000,-32.194,-15.929,1.443
127.240,-54.380,-61.906,0.000,-34.733,-14.389,0.094
127.246,-55.033,-59.776,1.000,-35.655,-14.730,0.675
127.252,-55.033,-59.776,1.000,-37.626,-16.164,1.835
127.258,-61.906,-55.691,1.000,-38.759,-19.050,2.629
127.263,-61.906,-55.691,1.000,-41.019,-22.273,4.556
127.269,-67.881,-53.734,1.000,-44.783,-25.125,4.311
127.275,-67.881,-53.734,1.000,-47.184,-28.284,4.018
127.281,-67.881,-53.734,1.000,-48.635,-29.341,3.219
127.286,-67.881,-53.734,1.000,-49.749,-31.531,1.101
127.292,-68.659,-52.459,1.000,-52.170,-31.242,-0.851
127.298,-68.659,-52.459,1.000,-55.084,-31.950,-1.564
127.304,-68.659,-51.208,1.000,-55.502,-31.199,-3.934
127.309,-68.659,-51.208,1.000,-55.293,-31.341,-5.796
127.315,-67.881,-50.592,1.000,-53.429,-31.972,-5.339
127.321,-67.881,-50.592,1.000,-53.278,-31.829,-5.850
127.327,-67.881,-50.592,1.000,-54.004,-32.747,-3.959
127.332,-67.881,-50.592,1.000,-57.009,-31.805,-2.934
127.338,-65.589,-48.185,1.000,-58.174,-31.333,-1.420
127.344,-65.589,-47.597,0.000,-60.462,-30.140,-0.439
127.350,-65.589,-47.597,0.000,-62.640,-26.873,-0.575
127.355,-65.589,-47.597,0.000,-65.303,-24.474,-0.099
127.361,-68.659,-47.597,1.000,-66.306,-21.610,0.339
127.367,-72.656,-48.185,1.000,-64.941,-18.724,-1.270
127.373,-72.656,-48.185,1.000,-65.025,-16.504,-2.507
127.378,-72.656,-48.185,1.000,-65.456,-12.986,-4.278
127.384,-72.656,-48.185,1.000,-64.972,-10.908,-3.602
127.390,-91.512,-47.016,1.000,-64.438,-7.344,-4.824
127.395,-91.512,-47.016,1.000,-64.772,-4.081,-5.621
127.401,-94.496,-45.869,1.000,-65.751,-2.567,-4.339
127.407,-94.496,-45.869,1.000,-68.872,-0.205,-3.803
127.413,-94.496,-45.869,1.000,-70.366,0.619,-2.697
127.418,-94.496,-45.869,1.000,-71.388,-0.954,-1.619
127.424,-95.508,-47.016,1.000,-71.541,-1.796,-0.336
127.430,-95.508,-47.016,1.000,-71.143,-4.246,1.158
127.435,-93.493,-47.016,1.000,-70.477,-5.844,3.437
127.441,-93.493,-47.016,1.000,-68.890,-8.556,4.375
127.447,-93.493,-47.016,1.000,-69.616,-10.427,5.751
127.453,-93.493,-47.016,1.000,-70.771,-10.101,6.595
127.458,-83.919,-46.439,1.000,-70.436,-13.055,8.062
127.464,-83.919,-46.439,1.000,-71.908,-13.330,7.849
127.470,-74.306,-45.869,1.000,-74.215,-14.416,7.946
127.476,-74.306,-45.869,1.000,-75.348,-13.564,6.469
127.481,-53.734,-45.869,1.000,-78.063,-11.289,4.437
127.487,-53.734,-45.869,1.000,-79.499,-10.053,3.345
127.493,-45.869,-47.597,1.000,-83.010,-7.098,3.069
127.498,-45.869,-47.597,1.000,-84.314,-3.640,1.720
127.504,-26.768,-47.597,1.000,-84.265,-0.782,1.165
127.510,-26.768,-47.597,1.000,-82.504,1.021,0.519
127.516,-24.586,-48.778,1.000,-81.311,0.169,1.053
127.521,-24.586,-48.778,1.000,-79.988,1.869,0.649
127.527,-22.870,-48.185,1.000,-79.505,2.798,1.139
127.533,-22.870,-48.185,1.000,-78.861,1.939,2.997
127.538,-22.538,-48.778,0.000,-78.797,3.065,3.431
127.544,-21.242,-48.185,1.000,-76.960,1.971,5.573
127.550,-20.614,-48.778,0.000,-75.034,1.088,6.415
127.556,-20.614,-48.778,0.000,-71.271,-0.669,9.032
127.561,-20.305,-48.778,1.000,-66.466,-3.231,9.876
127.567,-18.808,-48.778,1.000,-62.856,-6.359,11.303
127.573,-18.808,-48.778,1.000,-57.458,-9.516,12.381
127.578,-17.111,-48.185,1.000,-53.515,-11.602,12.055
127.584,-17.111,-48.185,1.000,-50.231,-14.931,13.085
127.590,-17.111,-48.185,1.000,-49.746,-16.386,13.562
127.596,-17.111,-48.185,1.000,-47.917,-17.781,12.061
127.601,-13.302,-48.778,0.000,-45.410,-17.937,11.393
127.607,-13.302,-48.778,1.000,-42.808,-18.114,10.183
127.613,-13.777,-48.778,1.000,-39.445,-18.596,10.719
127.619,-13.777,-48.778,1.000,-38.473,-18.472,10.968
127.624,-14.018,-48.778,1.000,-36.945,-19.095,9.584
127.630,-15.261,-49.377,0.000,-35.884,-17.345,8.024
127.636,-15.261,-49.377,0.000,-33.426,-15.210,6.625
127.641,-15.261,-49.377,0.000,-33.459,-12.250,4.968
127.647,-19.101,-51.208,1.000,-32.944,-8.437,3.014
127.653,-21.242,-49.981,1.000,-32.619,-5.170,0.645
127.659,-21.242,-49.981,1.000,-30.881,-1.241,-1.867
127.664,-21.242,-49.981,1.000,-28.050,2.332,-3.538
127.670,-23.206,-51.831,1.000,-27.738,5.991,-3.156
127.676,-23.206,-51.208,1.000,-28.720,8.357,-3.709
127.681,-23.206,-51.208,1.000,-28.940,7.388,-2.471
127.687,-23.206,-51.208,1.000,-30.187,7.209,-0.682
127.693,-23.206,-53.093,1.000,-32.231,5.627,0.573
127.699,-22.870,-53.734,1.000,-34.288,7.364,-0.150
127.704,-22.870,-54.380,1.000,-35.618,6.782,-0.338
127.710,-22.870,-54.380,1.000,-36.227,7.210,-1.852
127.716,-22.870,-54.380,1.000,-37.309,8.414,-1.892
127.722,-22.870,-53.734,1.000,-38.967,10.532,-4.359
127.727,-22.870,-54.380,1.000,-38.749,11.854,-7.645
127.733,-22.870,-54.380,1.000,-38.666,11.628,-7.526
127.739,-22.538,-54.380,1.000,-39.215,12.489,-8.778
127.744,-22.538,-54.380,1.000,-40.592,10.613,-8.927
127.750,-22.538,-54.380,0.000,-41.665,9.576,-8.342
127.756,-22.538,-54.380,0.000,-40.666,6.993,-7.900
127.762,-22.538,-54.380,0.000,-41.869,3.718,-4.816
127.767,-22.538,-54.380,1.000,-42.350,1.491,-3.605
127.773,-22.538,-54.380,1.000,-41.532,-3.377,-1.868
127.779,-22.538,-54.380,1.000,-40.065,-7.583,-0.904
127.785,-22.538,-55.033,1.000,-37.854,-10.854,0.378
127.790,-22.538,-55.033,1.000,-37.064,-13.269,1.180
127.796,-22.538,-55.033,1.000,-37.514,-13.427,-0.029
127.802,-22.538,-55.691,1.000,-37.524,-13.754,0.311
127.808,-21.883,-55.691,1.000,-37.826,-12.938,-1.574
127.813,-21.883,-55.691,1.000,-36.984,-11.938,-2.250
127.819,-21.883,-55.691,1.000,-34.835,-10.638,-3.887
127.825,-20.000,-56.356,1.000,-32.839,-9.262,-4.616
127.831,-19.398,-56.356,1.000,-31.847,-5.780,-7.142
127.836,-19.398,-56.356,1.000,-31.264,-2.410,-8.970
127.842,-19.398,-56.356,1.000,-30.676,0.752,-9.207
127.848,-19.697,-55.691,1.000,-31.307,6.166,-10.329
127.853,-19.697,-55.691,1.000,-31.875,11.461,-11.509
127.859,-19.697,-55.691,1.000,-31.384,15.650,-12.402
127.865,-19.697,-55.691,1.000,-30.815,18.337,-12.702
127.870,-22.870,-55.691,1.000,-30.373,18.696,-12.008
127.876,-22.870,-55.691,1.000,-28.912,18.728,-10.243
127.882,-24.586,-55.691,1.000,-26.578,16.994,-9.552
127.888,-24.586,-55.691,1.000,-26.043,16.711,-9.058
127.894,-25.660,-55.691,1.000,-24.196,14.829,-8.253
127.899,-26.395,-55.691,1.000,-23.641,14.640,-7.254
127.905,-26.395,-55.691,1.000,-21.769,14.618,-6.376
127.911,-26.395,-55.691,1.000,-19.453,13.689,-6.512
127.916,-26.395,-55.691,1.000,-17.840,13.448,-7.271
127.922,-26.395,-55.691,1.000,-16.033,12.829,-7.000
127.928,-26.395,-55.691,1.000,-13.759,12.790,-7.375
127.934,-26.395,-55.691,1.000,-12.042,12.510,-6.144
127.940,-26.395,-55.691,1.000,-9.910,11.734,-5.035
127.945,-25.660,-55.691,1.000,-9.549,11.702,-5.301
127.951,-25.298,-55.033,1.000,-9.168,13.239,-5.580
127.957,-25.298,-55.033,1.000,-9.860,14.549,-4.146
127.962,-25.298,-55.033,1.000,-9.500,17.546,-4.060
127.968,-18.808,-53.734,1.000,-9.245,20.180,-4.060
127.974,-18.808,-53.734,1.000,-9.241,22.682,-4.789
127.979,-18.808,-53.734,1.000,-9.734,26.156,-5.180
127.985,-12.836,-54.380,1.000,-10.337,28.308,-4.888
127.991,-10.638,-54.380,1.000,-11.236,30.630,-4.478
127.996,-10.638,-54.380,1.000,-11.782,33.205,-5.275
128.002,-10.638,-54.380,1.000,-10.808,32.806,-6.118
128.008,-7.882,-54.380,1.000,-11.503,34.730,-6.609
128.014,-7.882,-54.380,1.000,-11.791,33.454,-6.241
128.019,-7.882,-54.380,1.000,-12.298,34.316,-6.208
128.025,-6.272,-54.380,0.000,-11.495,30.743,-5.760
128.031,-5.928,-54.380,0.000,-10.191,27.620,-4.856
128.036,-5.928,-54.380,0.000,-10.117,26.904,-5.164
128.042,-5.928,-54.380,0.000,-8.113,25.544,-6.161
128.048,-3.955,-54.380,0.000,-6.683,24.504,-6.372
128.054,-2.552,-53.734,0.000,-5.330,24.299,-6.666
128.059,-2.552,-53.734,0.000,-2.437,23.676,-6.480
128.065,-2.552,-53.734,0.000,-0.804,22.672,-5.486
128.071,-0.446,-53.093,0.000,0.853,22.279,-3.315
128.076,-0.446,-53.093,0.000,1.850,22.904,-1.662
128.082,0.000,-53.093,0.000,2.266,22.764,-0.621
128.087,0.000,-53.093,0.000,4.455,23.704,2.207
128.092,0.000,-51.831,0.000,3.187,28.158,2.387
128.099,0.000,-51.831,0.000,3.888,27.553,2.681
128.104,0.000,-51.831,0.000,4.327,29.043,4.732
128.109,0.000,-45.304,0.000,3.049,30.285,4.911
128.114,0.000,-45.304,0.000,5.756,29.251,3.866
128.119,0.000,-45.304,0.000,6.348,28.102,2.600
128.124,0.148,-41.500,0.000,8.317,25.042,4.294
128.131,0.148,-41.500,0.000,9.059,26.652,4.844
128.136,6.974,-40.977,0.000,8.534,22.789,5.655
128.141,6.974,-40.977,0.000,7.214,22.485,5.634
128.147,9.218,-45.304,1.000,7.434,21.118,6.629
128.153,12.379,-45.869,1.000,7.171,20.191,7.017
128.158,12.379,-45.869,1.000,6.796,21.244,6.413
128.164,12.379,-45.869,1.000,7.543,20.705,6.639
128.170,12.379,-45.869,1.000,6.987,23.191,5.813
128.176,12.379,-45.869,1.000,8.916,25.065,5.455
128.181,12.379,-45.869,1.000,9.273,27.294,5.150
128.187,12.379,-45.869,1.000,12.499,28.511,4.599
128.193,12.379,-45.869,1.000,15.074,29.874,3.816
128.198,12.379,-45.869,1.000,16.663,31.510,2.066
128.204,12.379,-45.869,1.000,19.147,33.052,1.388
128.210,24.586,-43.641,1.000,20.339,35.119,0.779
128.215,24.236,-43.641,0.000,19.656,37.954,-1.304
128.221,24.236,-43.641,0.000,21.297,38.579,-0.929
128.227,24.236,-43.641,0.000,22.877,39.411,0.292
128.233,23.546,-42.560,0.000,24.988,38.851,2.545
128.238,23.206,-43.098,1.000,25.475,38.403,4.690
128.244,23.206,-43.098,1.000,26.611,37.422,5.542
128.250,23.206,-43.098,1.000,28.994,35.068,6.261
128.255,19.697,-44.190,1.000,28.930,34.973,6.091
128.261,19.697,-44.190,1.000,28.995,33.776,6.671
128.267,19.697,-44.190,1.000,29.892,34.108,6.821
128.272,19.697,-44.190,1.000,30.349,33.187,8.245
128.278,10.223,-39.948,1.000,32.186,32.172,9.289
128.284,10.223,-39.948,1.000,33.021,32.991,9.045
128.290,4.597,-26.395,1.000,34.569,33.506,8.388
128.295,4.597,-26.395,1.000,35.706,35.298,6.509
128.301,3.481,-25.298,1.000,35.583,37.359,4.703
128.307,1.192,-26.025,1.000,37.067,39.864,1.064
128.312,1.192,-26.025,1.000,38.732,40.208,0.373
128.317,0.595,-26.395,1.000,39.866,40.025,-0.271
128.323,0.595,-26.395,1.000,41.174,39.912,-2.035
128.328,0.595,-26.395,1.000,43.978,37.778,-1.745
128.333,0.595,-26.395,1.000,45.747,34.990,-1.129
128.339,0.297,-27.526,1.000,48.085,31.953,-0.104
128.344,0.000,-28.300,1.000,50.436,28.889,0.782
128.349,0.000,-28.300,1.000,52.960,25.886,1.543
128.356,0.000,-29.090,1.000,48.884,24.159,3.026
128.361,0.000,-29.090,1.000,47.414,22.843,2.925
128.366,0.000,-29.090,1.000,46.320,22.282,3.576
128.373,0.000,-38.442,1.000,42.886,21.445,3.787
128.379,0.000,-34.188,1.000,41.799,22.598,3.314
128.386,0.000,-34.188,1.000,39.316,24.084,3.949
128.393,0.000,-39.441,1.000,39.181,27.220,2.156
128.399,0.000,-41.500,1.000,38.446,31.583,1.688
128.406,0.000,-43.641,1.000,37.242,33.595,0.876
128.411,0.000,-43.641,1.000,38.325,36.317,-0.371
128.416,0.000,-43.641,1.000,39.960,37.901,0.533
128.421,0.000,-41.500,1.000,42.175,40.510,0.482
128.426,0.000,-41.500,1.000,43.298,42.860,0.793
128.431,0.000,-43.641,1.000,43.016,45.753,-0.890
128.438,0.000,-43.641,1.000,40.590,50.003,-1.094
128.445,0.000,-43.641,1.000,43.277,51.353,-1.222
128.452,0.000,-42.027,1.000,45.065,52.685,-2.607
128.457,0.000,-42.027,1.000,48.517,52.249,-5.921
128.462,0.000,-42.027,1.000,50.990,51.515,-7.182
128.467,0.000,-42.027,1.000,55.050,51.734,-7.865
128.472,0.000,-42.027,1.000,54.850,52.725,-7.050
128.478,0.000,-42.027,1.000,52.640,54.823,-6.350
128.485,0.000,-42.027,1.000,52.471,55.949,-6.486
128.492,0.000,-48.185,1.000,51.307,59.281,-3.843
128.498,0.000,-48.185,1.000,49.574,61.718,-3.009
128.505,0.000,-53.734,1.000,48.238,61.537,-2.530
128.512,0.000,-53.734,1.000,47.870,63.083,-1.190
128.519,0.000,-53.734,1.000,46.758,62.534,-0.973
128.524,0.000,-64.839,1.000,44.906,60.754,-0.990
128.529,0.000,-71.036,1.000,44.482,58.752,1.096
128.534,0.000,-71.036,1.000,43.274,55.265,1.639
128.539,0.000,-87.650,1.000,43.152,51.615,5.349
128.544,0.000,-98.596,1.000,43.910,49.471,7.554
128.551,0.000,-98.596,1.000,42.584,50.201,7.481
128.557,0.000,-98.596,1.000,43.268,47.481,5.350
128.564,0.000,-98.596,1.000,42.355,45.436,6.241
128.571,0.000,-102.835,1.000,41.360,43.964,6.523
128.577,0.000,-102.835,1.000,42.612,40.788,7.136
128.582,0.000,-107.218,1.000,41.685,41.386,8.305
128.588,0.000,-107.218,1.000,41.938,39.966,9.081
128.593,0.000,-110.602,1.000,41.654,36.499,9.377
128.598,0.000,-114.070,1.000,42.236,33.713,9.269
128.603,0.000,-114.070,1.000,41.945,30.010,9.951
128.609,0.000,-116.430,1.000,42.047,26.626,7.294
128.616,0.000,-116.430,1.000,43.625,22.196,7.260
128.623,0.000,-124.996,1.000,46.636,17.951,5.977
128.629,0.000,-124.996,1.000,46.908,14.846,2.546
128.635,0.000,-124.996,1.000,47.801,12.446,0.534
128.640,0.000,-124.996,1.000,47.673,11.954,-1.442
128.646,-0.148,-131.417,1.000,47.718,6.558,-0.969
128.652,-0.148,-131.417,1.000,49.704,0.072,0.715
128.659,-0.148,-139.464,1.000,48.882,-5.365,1.223
128.666,-0.148,-139.464,1.000,50.894,-9.068,-0.162
128.672,-0.148,-139.464,1.000,51.853,-12.617,1.239
128.677,-0.148,-149.343,1.000,51.729,-15.221,1.484
128.682,-0.148,-161.307,1.000,53.425,-19.197,0.331
128.687,-0.148,-161.307,1.000,53.275,-22.434,0.404
128.692,-0.148,-161.307,1.000,52.030,-25.887,0.435
128.697,-0.148,-170.770,1.000,52.328,-28.220,1.059
128.704,-0.148,-170.770,1.000,52.408,-30.944,1.163
128.711,-0.148,-174.020,1.000,52.018,-34.559,1.350
128.716,-0.148,-174.020,1.000,53.046,-34.465,1.322
128.721,-0.148,-174.020,1.000,54.079,-33.971,1.610
128.726,-0.148,-174.020,1.000,52.197,-33.820,1.919
128.733,-0.148,-174.020,1.000,50.283,-39.874,3.803
128.739,-0.148,-233.081,1.000,48.979,-44.769,4.883
128.746,-0.148,-233.081,1.000,49.592,-50.256,3.869
128.751,-0.148,-282.208,1.000,50.162,-52.495,4.348
128.756,-0.148,-282.208,1.000,51.175,-53.175,4.917
128.761,-0.148,-282.208,1.000,51.346,-55.388,5.200
128.766,-0.148,-282.208,1.000,51.815,-59.498,7.135
128.771,-0.148,-282.208,1.000,52.264,-65.490,8.479
128.777,-0.595,-277.428,1.000,52.152,-71.605,8.486
128.782,-0.595,-275.062,1.000,52.515,-78.707,9.030
128.787,-0.595,-275.062,1.000,53.873,-85.500,9.789
128.793,-0.893,-275.062,1.000,55.467,-93.346,9.141
128.798,-1.341,-275.062,1.000,56.273,-100.179,8.135
128.804,-1.341,-275.062,1.000,56.106,-110.930,7.806
128.810,-1.341,-275.062,1.000,56.677,-120.519,7.369
128.816,-1.341,-275.062,1.000,56.618,-127.159,5.760
128.821,-2.399,-275.062,1.000,56.976,-132.687,4.228
128.827,-2.399,-275.062,1.000,57.665,-138.301,3.238
128.832,-2.399,-275.062,1.000,58.518,-145.349,1.537
128.838,-2.399,-275.062,1.000,58.295,-153.421,-0.528
128.843,-2.399,-275.062,1.000,57.868,-158.509,-2.182
128.849,-2.399,-275.062,1.000,57.173,-162.999,-3.686
128.854,-2.399,-275.062,1.000,56.704,-167.355,-6.043
128.859,-2.859,-272.712,1.000,55.571,-171.326,-6.403
128.865,-2.859,-272.712,1.000,54.652,-177.480,-6.956
128.871,-2.859,-272.712,1.000,53.598,-184.899,-7.970
128.876,-2.859,-233.081,1.000,52.812,-189.325,-9.056
128.882,-2.859,-207.425,1.000,53.348,-192.861,-9.330
128.888,-2.859,-207.425,1.000,54.308,-197.778,-9.810
128.894,-2.706,-174.020,1.000,54.657,-201.502,-9.726
128.899,-2.706,-164.414,1.000,53.508,-203.332,-9.301
128.905,-2.399,-149.343,1.000,51.383,-203.407,-7.491
128.910,-2.399,-149.343,1.000,50.046,-203.987,-6.150
128.916,-2.399,-149.343,1.000,48.928,-203.624,-5.553
128.921,-2.399,-149.343,1.000,47.529,-203.313,-4.583
128.927,-2.399,-149.343,1.000,46.556,-202.652,-4.128
128.932,-2.399,-149.343,1.000,44.924,-200.375,-3.251
128.937,0.000,-73.477,1.000,44.372,-195.934,-2.447
128.942,0.000,-73.477,1.000,42.667,-187.655,-1.894
128.947,0.000,-73.477,1.000,41.597,-180.234,-0.041
128.953,0.000,-47.016,1.000,41.076,-169.982,1.338
128.958,0.000,-47.016,1.000,39.369,-159.661,1.716
128.963,0.000,-44.744,1.000,39.159,-152.143,2.026
128.968,0.000,-44.744,1.000,37.659,-144.699,1.044
128.973,0.000,-44.744,1.000,37.900,-141.202,1.604
128.978,0.000,-42.027,1.000,38.415,-136.565,1.527
128.983,0.000,-36.504,1.000,38.942,-129.721,2.735
128.988,0.000,-36.504,1.000,40.916,-120.505,4.455
128.993,0.000,-24.586,1.000,41.010,-109.490,6.466
128.998,0.000,-24.586,1.000,41.670,-96.996,5.662
129.005,0.000,-24.586,1.000,43.102,-83.326,4.737
129.011,0.000,-24.586,1.000,46.316,-70.584,4.438
129.018,0.000,-24.586,1.000,47.282,-62.490,4.392
129.023,0.000,-24.586,1.000,49.078,-58.996,3.997
129.028,0.000,-24.586,1.000,49.192,-51.700,4.889
129.033,0.000,-24.586,1.000,49.872,-42.427,3.660
129.038,0.000,-24.586,1.000,50.866,-32.378,2.778
129.043,0.000,-24.586,1.000,51.695,-25.018,1.666
129.050,0.000,-11.932,1.000,48.485,-19.278,3.267
129.057,0.000,-9.416,1.000,45.420,-15.583,4.085
129.063,0.000,-9.022,1.000,44.273,-11.702,4.047
129.068,0.000,-7.333,1.000,42.136,-9.975,5.395
129.073,0.000,-7.333,1.000,41.644,-10.195,5.927
129.080,0.000,-7.333,1.000,40.774,-8.093,6.390
129.087,0.000,-7.333,1.000,38.315,-4.402,7.130
129.094,0.000,-6.796,1.000,33.428,-1.860,8.880
129.100,0.000,-6.796,1.000,31.178,-0.003,10.973
129.107,0.000,-6.796,1.000,29.545,2.980,11.164
129.112,0.000,-6.796,1.000,27.733,5.451,9.080
129.117,0.000,-6.796,1.000,26.385,5.009,8.885
129.124,0.000,-6.796,1.000,22.801,7.147,9.690
129.129,0.000,-6.620,1.000,19.765,9.058,10.223
129.136,0.000,-6.620,1.000,18.910,8.648,12.255
129.142,0.000,-6.620,1.000,18.555,12.027,14.179
129.147,0.000,-6.272,1.000,16.925,13.711,14.250
129.154,0.000,-6.099,1.000,17.591,16.462,12.626
129.161,0.000,-6.099,1.000,13.972,20.359,12.760
129.168,0.000,-5.589,1.000,14.986,20.503,13.795
129.174,0.000,-5.758,1.000,14.142,23.374,13.497
129.179,0.000,-5.758,1.000,15.145,23.824,13.427
129.184,0.000,-5.758,1.000,14.880,25.143,13.080
129.189,0.000,-5.758,1.000,16.620,24.380,12.718
129.194,0.000,-6.272,1.000,17.802,27.161,11.676
129.199,0.000,-5.928,1.000,18.916,30.155,12.660
129.204,0.000,-5.928,1.000,20.161,31.175,14.557
129.209,0.000,-5.254,1.000,21.613,32.005,15.277
129.216,0.000,-5.254,1.000,27.273,33.005,13.876
129.223,0.000,-3.955,1.000,29.116,35.467,12.589
129.230,0.000,-3.955,1.000,33.884,34.161,11.414
129.235,0.000,-3.955,1.000,34.626,34.125,10.395
129.240,0.000,-3.955,1.000,37.339,32.714,11.106
129.247,0.000,-3.955,1.000,37.572,35.232,9.289
129.253,0.000,-4.274,1.000,38.389,33.633,7.353
129.260,0.000,-4.274,1.000,36.637,33.986,6.513
129.265,0.000,-4.274,1.000,38.668,31.034,4.860
129.270,0.000,-6.620,1.000,39.420,33.069,3.906
129.277,0.000,-6.620,1.000,38.789,32.258,2.012
129.282,0.000,-6.620,1.000,35.831,33.452,2.068
129.287,0.000,-6.620,1.000,35.156,32.674,1.317
129.292,-9.022,-6.974,1.000,31.701,34.085,0.312
129.298,-9.022,-6.974,1.000,29.386,36.586,-1.745
129.304,-9.022,-6.974,1.000,28.838,38.477,-2.911
129.309,-20.305,-6.974,1.000,28.001,40.899,-4.108
129.315,-20.305,-6.974,1.000,28.453,39.703,-3.436
129.321,-20.305,-6.974,1.000,28.189,37.858,-2.462
129.327,-20.305,-6.974,1.000,28.928,34.924,-1.891
129.332,-20.305,-6.974,1.000,29.557,35.182,-3.857
129.338,-20.305,-6.974,1.000,30.069,35.236,-4.910
129.344,-56.356,-6.272,1.000,29.915,36.979,-6.050
129.349,-56.356,-6.272,1.000,30.498,37.435,-6.576
129.355,-60.480,-5.589,1.000,29.728,38.559,-7.350
129.361,-60.480,-5.589,1.000,28.467,39.050,-8.280
129.367,-60.480,-5.589,1.000,25.992,40.407,-8.993
129.372,-105.008,-3.325,1.000,24.264,42.932,-10.195
129.378,-105.008,-3.325,1.000,22.410,46.001,-10.981
129.384,-105.008,-3.325,1.000,20.806,48.362,-12.343
129.389,-105.008,-3.325,1.000,18.310,49.473,-13.308
129.395,-105.008,-3.325,1.000,13.497,50.103,-14.225
129.401,-213.135,-1.042,1.000,9.201,48.781,-13.527
129.407,-228.978,-0.893,1.000,3.645,49.956,-14.047
129.412,-228.978,-0.893,1.000,-1.117,52.515,-13.535
129.418,-228.978,-0.893,1.000,-6.960,54.418,-13.400
129.423,-254.485,-0.893,1.000,-14.136,55.093,-13.326
129.429,-258.948,-0.893,1.000,-21.072,56.760,-15.107
129.435,-258.948,-0.893,1.000,-29.687,60.580,-13.695
129.440,-287.054,-0.893,1.000,-39.567,64.461,-13.733
129.446,-294.446,-0.893,1.000,-50.394,68.939,-13.623
129.451,-294.446,-0.893,1.000,-62.778,70.852,-13.597
129.457,-294.446,-0.893,1.000,-75.519,73.426,-12.185
129.463,-339.261,-0.595,1.000,-89.727,78.478,-13.557
129.468,-339.261,-0.595,1.000,-101.535,82.523,-12.927
129.474,-339.261,-0.595,1.000,-112.046,87.218,-14.596
129.479,-386.264,-0.297,1.000,-123.400,88.237,-14.903
129.484,-395.629,-0.446,1.000,-135.078,87.361,-15.672
129.490,-395.629,-0.446,1.000,-146.756,88.396,-17.074
129.496,-395.629,-0.446,1.000,-158.719,87.925,-15.516
129.501,-405.175,-0.297,1.000,-170.184,85.225,-12.510
129.507,-405.175,-0.297,1.000,-182.143,81.054,-10.183
129.512,-405.175,-0.297,1.000,-192.309,79.078,-9.135
129.517,-405.175,-0.446,1.000,-202.713,76.531,-7.223
129.523,-405.175,-0.446,1.000,-215.971,74.287,-5.374
129.529,-405.175,-0.446,1.000,-228.398,73.212,-3.861
129.534,-405.175,-0.446,1.000,-240.052,70.713,-1.448
129.540,-398.791,-0.446,1.000,-250.673,69.193,-0.203
129.545,-398.791,-0.446,1.000,-262.139,67.835,0.358
129.551,-398.791,-0.446,1.000,-270.451,67.278,1.774
129.557,-359.226,-0.446,1.000,-276.981,67.000,2.961
129.562,-359.226,-0.446,1.000,-283.692,65.786,4.471
129.568,-359.226,-0.446,1.000,-289.949,64.365,3.381
129.574,-359.226,-0.446,1.000,-294.986,63.529,5.000
129.579,-250.084,-0.446,1.000,-300.063,62.801,5.257
129.585,-245.744,-0.446,1.000,-303.297,61.377,5.397
129.591,-196.369,-0.446,1.000,-305.852,59.736,6.474
129.596,-196.369,-0.446,1.000,-306.534,58.998,6.954
129.602,-156.734,-0.446,1.000,-306.033,58.652,5.509
129.607,-156.734,-0.446,1.000,-304.727,58.244,6.065
129.613,-156.734,-0.446,1.000,-301.071,57.116,7.478
129.618,-102.835,-0.595,1.000,-295.130,56.502,7.801
129.624,-90.534,-0.595,1.000,-288.765,55.601,7.963
129.629,-90.534,-0.595,1.000,-281.453,55.277,8.910
129.635,-90.534,-0.595,1.000,-272.878,54.438,11.022
129.640,-45.869,-0.893,1.000,-260.942,54.476,12.963
129.646,-45.869,-0.893,1.000,-249.774,57.195,13.079
129.651,-25.660,-1.042,1.000,-235.046,57.781,12.846
129.657,-25.660,-1.042,1.000,-221.633,59.351,11.744
129.663,-23.889,-0.893,1.000,-207.703,61.279,9.483
129.668,-17.946,-0.893,1.000,-192.150,63.839,8.124
129.674,-17.946,-0.893,1.000,-176.061,65.790,5.432
129.680,-16.839,-0.893,1.000,-158.599,66.515,2.915
129.685,-16.839,-0.893,1.000,-142.041,68.045,1.302
129.691,-13.068,-0.893,1.000,-127.226,70.413,-2.691
129.697,-13.068,-0.893,1.000,-113.406,74.276,-4.523
129.702,-11.932,-0.893,1.000,-98.319,77.248,-5.778
129.708,-11.932,-0.893,1.000,-83.365,78.672,-5.035
129.713,-6.974,-1.642,1.000,-69.844,79.546,-4.924
129.719,-6.974,-1.642,1.000,-56.969,80.113,-2.117
129.725,-5.421,-2.095,1.000,-44.463,80.897,-0.099
129.730,-5.421,-2.095,1.000,-35.652,82.365,0.556
129.736,-5.421,-2.095,1.000,-27.305,81.360,2.263
129.741,0.000,-6.796,1.000,-21.678,79.171,3.940
129.748,0.148,-9.816,1.000,-14.897,78.111,4.776
129.755,0.148,-9.816,1.000,-10.942,77.771,5.656
129.762,3.955,-13.302,1.000,-7.197,75.890,5.685
129.767,3.955,-13.302,1.000,-5.531,75.662,6.439
129.773,3.955,-13.302,1.000,-5.350,73.752,7.942
129.779,13.068,-20.000,1.000,-6.431,71.926,7.818
129.784,21.883,-22.870,1.000,-8.599,70.924,7.068
129.790,21.883,-22.870,1.000,-9.001,69.773,5.939
129.796,21.883,-22.870,1.000,-9.229,67.241,6.100
129.801,46.439,-43.641,1.000,-10.616,64.779,5.078
129.807,46.439,-43.641,1.000,-13.023,65.537,6.835
129.813,46.439,-43.641,1.000,-13.409,64.729,7.162
129.819,46.439,-43.641,1.000,-12.639,61.893,8.245
129.824,84.840,-45.869,1.000,-12.107,61.170,7.178
129.830,91.512,-45.304,1.000,-11.099,60.000,6.735
129.836,91.512,-45.304,1.000,-7.807,58.633,7.052
129.841,91.512,-45.304,1.000,-1.772,57.028,5.622
129.847,127.534,-45.869,1.000,4.097,55.268,5.916
129.853,127.534,-45.869,1.000,12.125,53.964,4.856
129.858,127.534,-45.869,1.000,19.417,52.801,6.039
129.864,127.534,-45.869,1.000,28.716,51.612,6.502
129.870,147.899,-44.744,1.000,39.376,49.656,5.176
129.876,147.899,-44.744,1.000,50.293,47.005,4.481
129.881,147.899,-44.744,1.000,60.634,46.427,4.165
129.887,147.899,-44.744,1.000,72.036,46.707,3.546
129.893,147.899,-44.744,1.000,82.390,45.382,3.006
129.898,147.899,-44.744,1.000,93.390,44.325,2.854
129.904,147.899,-44.744,1.000,104.010,42.621,2.974
129.910,146.466,-44.744,1.000,114.308,40.458,3.173
129.915,145.044,-44.190,1.000,124.963,39.865,2.829
129.921,145.044,-44.190,1.000,133.721,38.608,2.107
129.927,145.044,-44.190,1.000,141.631,37.242,0.951
129.933,145.044,-44.190,1.000,148.799,36.161,1.375
129.938,134.057,-43.641,1.000,153.963,35.562,1.208
129.944,116.430,-41.500,1.000,159.787,36.044,0.614
129.950,116.430,-41.500,1.000,164.667,35.045,0.371
129.955,94.496,-38.442,1.000,169.116,33.383,0.087
129.961,94.496,-38.442,1.000,172.973,32.727,-0.337
129.967,94.496,-38.442,1.000,174.936,32.216,-1.466
129.973,51.831,-38.939,1.000,177.172,32.260,-2.851
129.978,37.950,-33.739,1.000,176.912,32.950,-3.603
129.984,31.987,-30.306,1.000,176.734,33.715,-4.170
129.990,31.987,-30.306,1.000,175.284,35.360,-4.328
129.995,31.987,-30.306,1.000,172.170,36.959,-3.522
130.001,15.517,-23.206,1.000,169.233,37.427,-2.352
130.007,10.019,-20.305,1.000,165.518,37.206,-1.323
130.012,10.019,-20.305,1.000,162.568,39.263,-0.729
130.018,3.796,-16.839,1.000,157.071,41.024,-0.842
130.024,0.744,-13.777,1.000,154.266,40.854,0.153
130.029,0.744,-13.777,1.000,151.438,41.155,0.396
130.035,0.744,-13.777,1.000,145.777,40.738,-1.982
130.041,0.000,-13.068,1.000,141.722,40.492,-2.023
130.047,0.000,-10.638,1.000,132.944,42.189,-3.080
130.054,0.000,-10.638,1.000,126.710,45.295,-2.308
130.061,0.000,-9.816,1.000,119.299,47.017,-3.740
130.067,0.000,-9.816,1.000,114.803,47.972,-4.284
130.074,0.000,-9.816,1.000,108.857,49.961,-4.112
130.081,0.000,-9.816,1.000,104.082,52.574,-1.811
130.088,0.000,-9.816,1.000,99.806,54.064,-1.329
130.094,0.000,-9.816,1.000,94.638,56.841,-1.545
130.101,0.000,-9.816,1.000,90.117,61.294,-2.795
130.106,0.000,-9.816,1.000,87.503,63.494,-2.886
130.113,0.000,-9.816,1.000,85.762,63.897,-2.503
130.120,0.000,-10.223,1.000,85.240,64.821,-2.314
130.126,0.000,-10.430,1.000,85.662,64.115,-1.363
130.133,0.000,-10.430,1.000,86.019,64.238,-1.879
130.140,0.000,-10.430,1.000,87.178,64.640,-1.763
130.146,0.000,-10.430,1.000,88.115,63.547,-1.428
130.153,0.000,-10.430,1.000,91.432,62.661,0.795
130.160,0.000,-10.430,1.000,92.322,62.151,-0.286
130.166,0.000,-10.430,1.000,94.753,61.095,1.773
130.172,0.000,-10.430,1.000,96.773,59.539,1.431
130.178,0.000,-10.430,1.000,94.095,61.508,0.143
130.185,0.000,-10.430,1.000,93.644,61.499,1.294
130.192,0.000,-10.849,1.000,93.418,61.634,0.230
130.198,0.000,-10.849,1.000,93.748,61.409,0.373
130.204,0.000,-10.849,1.000,93.991,60.745,-0.282
130.210,0.000,-10.849,1.000,93.875,61.596,1.290
130.217,0.000,-12.836,1.000,94.345,61.948,1.997
130.222,0.000,-12.836,1.000,94.196,62.624,3.446
130.229,0.000,-12.836,1.000,93.532,61.920,4.068
130.235,0.000,-12.836,1.000,94.776,58.471,4.043
130.241,0.000,-13.538,1.000,94.353,55.258,2.896
130.246,0.000,-13.538,1.000,92.326,53.812,2.339
130.252,0.000,-14.756,1.000,88.722,51.339,1.312
130.257,0.000,-14.756,1.000,85.022,50.332,-0.119
130.262,0.000,-14.756,1.000,80.739,51.029,-1.609
130.269,0.000,-17.946,1.000,77.866,50.288,-1.914
130.274,0.000,-17.946,1.000,75.261,50.491,-2.438
130.279,0.000,-19.697,1.000,74.011,49.975,-2.565
130.286,0.000,-19.697,1.000,71.996,47.347,-3.372
130.293,0.000,-30.720,1.000,70.571,44.924,-3.527
130.299,0.000,-30.720,1.000,72.706,43.330,-3.777
130.304,0.000,-30.720,1.000,71.980,43.960,-4.574
130.309,0.000,-42.560,1.000,70.032,42.221,-3.967
130.316,0.000,-42.560,1.000,69.340,41.887,-3.397
130.323,0.000,-47.016,1.000,71.928,40.362,-1.411
130.328,0.000,-47.016,1.000,74.196,41.200,-4.147
130.333,-0.148,-47.016,1.000,76.458,43.964,-8.216
130.340,-0.446,-49.377,1.000,76.045,40.753,-6.704
130.346,-0.893,-51.208,1.000,76.285,39.732,-4.119
130.351,-0.893,-51.208,1.000,77.486,37.705,-2.185
130.357,-1.944,-52.459,1.000,77.144,35.283,0.307
130.363,-1.944,-52.459,1.000,79.799,31.003,2.994
130.368,-7.333,-55.691,1.000,81.491,27.138,5.559
130.374,-7.333,-55.691,1.000,82.509,24.977,5.386
130.380,-7.333,-55.691,1.000,83.178,23.958,6.418
130.386,-7.333,-55.691,1.000,84.619,21.848,5.947
130.391,-15.007,-61.906,1.000,85.395,18.114,6.011
130.397,-15.007,-61.906,1.000,85.655,14.455,6.772
130.403,-15.007,-61.906,1.000,84.790,11.996,7.203
130.408,-20.305,-66.346,1.000,83.886,10.462,6.055
130.414,-20.305,-66.346,1.000,83.735,9.787,4.488
130.420,-20.305,-66.346,1.000,83.385,7.905,3.252
130.425,-21.561,-71.842,1.000,82.214,5.343,1.992
130.431,-21.883,-72.656,1.000,79.206,2.707,1.399
130.437,-21.883,-74.306,1.000,76.781,0.182,-0.773
130.443,-21.883,-74.306,1.000,74.408,0.200,-2.301
130.448,-23.546,-83.006,1.000,72.189,0.408,-4.273
130.454,-23.889,-84.840,1.000,70.325,-2.254,-4.840
130.460,-23.889,-84.840,1.000,67.517,-5.210,-4.154
130.465,-23.889,-84.840,1.000,64.232,-7.120,-2.913
130.471,-23.889,-84.840,1.000,62.720,-9.105,-3.029
130.477,-29.896,-86.705,1.000,61.433,-9.782,-2.564
130.482,-29.896,-86.705,1.000,59.633,-11.904,-2.956
130.488,-29.896,-86.705,1.000,57.406,-16.349,-2.294
130.493,-35.100,-86.705,1.000,54.837,-21.275,-0.703
130.499,-37.463,-86.705,1.000,53.882,-25.322,-0.407
130.505,-37.463,-86.705,1.000,52.725,-28.956,1.190
130.511,-38.442,-86.705,1.000,51.607,-33.960,2.557
130.516,-38.442,-86.705,1.000,50.031,-38.786,4.174
130.522,-42.027,-86.705,1.000,50.282,-42.284,4.092
130.528,-42.027,-86.705,1.000,49.061,-45.483,4.638
130.534,-42.027,-86.705,1.000,49.097,-49.324,3.958
130.539,-42.027,-86.705,1.000,49.512,-51.867,4.599
130.545,-45.869,-86.705,1.000,49.881,-52.344,3.064
130.551,-45.869,-86.705,1.000,50.368,-53.779,2.587
130.557,-45.869,-86.705,1.000,48.449,-52.444,1.399
130.562,-55.033,-86.705,1.000,48.829,-53.208,1.467
130.568,-59.776,-86.705,1.000,47.361,-49.724,0.056
130.574,-59.776,-86.705,1.000,45.065,-47.194,-1.254
130.580,-59.776,-86.705,1.000,44.970,-43.897,-0.910
130.585,-75.985,-86.705,1.000,43.523,-40.813,-1.064
130.591,-82.101,-86.705,1.000,39.487,-40.355,1.019
130.597,-82.101,-86.705,1.000,35.902,-40.022,2.033
130.603,-82.101,-86.705,1.000,31.362,-39.297,2.769
130.608,-91.512,-86.705,1.000,27.982,-38.419,3.161
130.614,-93.493,-86.705,1.000,25.516,-39.412,3.037
130.620,-93.493,-86.705,1.000,21.379,-41.185,2.541
130.625,-93.493,-86.705,1.000,15.413,-43.128,2.209
130.631,-93.493,-83.006,1.000,9.190,-45.283,0.624
130.637,-93.493,-83.006,1.000,4.908,-46.108,-0.263
130.643,-93.493,-83.006,1.000,-0.478,-47.371,-3.432
130.648,-93.493,-83.006,1.000,-5.523,-47.847,-7.865
130.654,-88.603,-83.006,1.000,-8.767,-48.156,-10.180
130.660,-86.705,-82.101,1.000,-12.016,-49.987,-10.410
130.666,-86.705,-82.101,1.000,-16.053,-52.263,-12.306
130.672,-86.705,-82.101,1.000,-19.344,-53.445,-13.144
130.677,-84.840,-77.694,1.000,-22.430,-53.666,-15.593
130.683,-83.919,-77.694,1.000,-23.243,-54.577,-16.162
130.689,-83.919,-77.694,1.000,-24.876,-53.612,-17.574
130.694,-83.919,-77.694,1.000,-25.581,-54.160,-16.563
130.700,-85.768,-77.694,1.000,-26.736,-54.913,-15.893
130.706,-85.768,-77.694,1.000,-28.822,-56.311,-14.185
130.712,-85.768,-77.694,1.000,-31.037,-56.984,-14.838
130.718,-87.650,-79.434,1.000,-32.475,-58.110,-12.883
130.723,-88.603,-80.315,1.000,-33.070,-60.194,-11.834
130.729,-88.603,-80.315,1.000,-31.518,-64.191,-10.430
130.735,-88.603,-80.315,1.000,-31.087,-65.991,-8.376
130.741,-89.565,-83.006,1.000,-31.691,-68.299,-6.954
130.746,-89.565,-83.006,1.000,-31.783,-68.684,-6.191
130.752,-89.565,-83.006,1.000,-33.157,-68.322,-3.775
130.758,-89.565,-83.006,1.000,-34.441,-65.976,-2.770
130.764,-89.565,-82.101,1.000,-33.913,-66.031,-0.863
130.769,-89.565,-82.101,1.000,-34.550,-63.524,0.860
130.775,-89.565,-82.101,1.000,-36.635,-61.649,2.698
130.781,-89.565,-82.101,1.000,-39.050,-59.722,4.149
130.787,-89.565,-82.101,1.000,-41.932,-55.173,5.224
130.792,-89.565,-85.768,1.000,-44.610,-50.474,6.902
130.798,-89.565,-85.768,1.000,-44.893,-47.935,8.060
130.804,-89.565,-85.768,1.000,-46.547,-45.082,7.518
130.810,-88.603,-93.493,1.000,-48.516,-43.409,6.055
130.815,-88.603,-97.558,1.000,-50.296,-42.528,6.831
130.821,-88.603,-97.558,1.000,-53.709,-41.085,5.924
130.827,-88.603,-97.558,1.000,-56.386,-39.648,4.949
130.833,-88.603,-97.558,1.000,-57.190,-41.465,4.293
130.838,-86.705,-100.697,1.000,-56.763,-44.122,2.944
130.844,-86.705,-100.697,1.000,-58.578,-45.431,2.115
130.850,-86.705,-100.697,1.000,-57.325,-46.838,1.233
130.855,-84.840,-102.835,1.000,-54.296,-49.380,0.418
130.861,-84.840,-102.835,1.000,-51.802,-51.045,-0.518
130.867,-84.840,-102.835,1.000,-51.541,-52.526,-0.150
130.873,-84.840,-101.762,1.000,-50.555,-54.265,0.440
130.879,-84.840,-101.762,1.000,-49.826,-55.598,-0.055
130.884,-84.840,-101.762,1.000,-49.061,-58.095,1.356
130.890,-84.840,-101.762,1.000,-47.308,-61.814,1.772
130.896,-84.840,-99.642,1.000,-45.783,-64.620,2.554
130.901,-84.840,-97.558,1.000,-43.969,-66.014,4.460
130.907,-84.840,-97.558,1.000,-42.015,-67.364,5.372
130.913,-84.840,-97.558,1.000,-39.498,-70.551,5.145
130.919,-83.919,-91.512,1.000,-37.672,-73.063,6.377
130.924,-83.919,-91.512,1.000,-37.279,-75.007,6.426
130.930,-83.919,-91.512,1.000,-35.420,-77.278,8.305
130.936,-83.919,-91.512,1.000,-36.413,-77.428,9.180
130.942,-83.006,-86.705,1.000,-37.253,-77.432,8.875
130.947,-77.694,-85.768,1.000,-38.740,-76.403,8.990
130.953,-69.444,-85.768,1.000,-40.962,-74.803,7.368
130.959,-69.444,-85.768,1.000,-42.300,-71.870,5.655
130.965,-69.444,-85.768,1.000,-42.247,-70.181,4.646
130.970,-55.691,-84.840,1.000,-44.712,-65.753,4.252
130.976,-53.734,-84.840,1.000,-45.627,-62.283,3.252
130.982,-53.734,-84.840,1.000,-45.847,-59.696,0.974
130.988,-53.734,-84.840,1.000,-44.565,-57.002,1.090
130.993,-53.093,-83.919,1.000,-43.895,-57.562,2.038
130.999,-53.093,-83.919,1.000,-44.786,-57.239,2.744
131.005,-53.093,-83.919,1.000,-43.940,-60.858,4.049
131.011,-53.093,-83.919,1.000,-44.366,-63.144,5.477
131.016,-53.093,-84.840,1.000,-45.290,-63.176,5.457
131.022,-53.093,-84.840,1.000,-44.478,-63.320,5.539
131.028,-53.093,-84.840,1.000,-43.371,-63.555,5.087
131.033,-53.093,-84.840,1.000,-43.360,-62.519,3.020
131.039,-53.093,-84.840,1.000,-40.984,-62.144,2.165
131.045,-53.093,-84.840,1.000,-39.500,-61.130,3.654
131.051,-53.093,-84.840,1.000,-37.946,-60.702,4.819
131.056,-53.093,-84.840,1.000,-37.897,-60.296,4.799
131.062,-53.093,-84.840,1.000,-39.248,-58.674,4.092
131.068,-53.093,-84.840,1.000,-38.169,-56.897,3.400
131.073,-53.093,-84.840,1.000,-35.736,-56.290,3.086
131.079,-53.093,-84.840,1.000,-33.531,-56.035,3.775
131.085,-53.093,-85.768,1.000,-33.808,-53.918,3.354
131.091,-53.093,-85.768,1.000,-34.308,-50.037,1.428
131.096,-53.093,-85.768,1.000,-35.543,-46.930,1.050
131.102,-53.093,-87.650,1.000,-35.707,-44.421,1.186
131.108,-53.093,-88.603,1.000,-32.591,-43.285,1.573
131.114,-53.093,-88.603,1.000,-32.113,-41.840,0.417
131.119,-53.734,-92.498,1.000,-32.074,-38.999,1.650
131.125,-53.734,-92.498,1.000,-32.154,-36.963,1.663
131.131,-54.380,-95.508,1.000,-31.935,-34.752,1.792
131.136,-54.380,-95.508,1.000,-30.811,-32.716,2.869
131.142,-54.380,-97.558,1.000,-30.948,-31.440,2.378
131.148,-54.380,-98.596,1.000,-30.704,-29.324,3.834
131.154,-54.380,-98.596,1.000,-34.273,-28.427,4.975
131.159,-54.380,-98.596,1.000,-35.504,-28.096,5.355
131.165,-55.691,-99.642,1.000,-35.739,-27.811,5.331
131.171,-55.691,-99.642,1.000,-37.037,-27.943,5.955
131.176,-57.028,-100.697,1.000,-36.952,-28.538,5.300
131.182,-57.028,-100.697,1.000,-37.118,-29.169,5.646
131.188,-57.705,-100.697,1.000,-38.667,-29.825,5.605
131.194,-57.705,-100.697,1.000,-41.612,-30.975,4.824
131.199,-68.659,-100.697,1.000,-44.661,-30.807,5.187
131.205,-68.659,-100.697,1.000,-45.064,-32.181,5.908
131.211,-75.985,-99.642,1.000,-46.546,-33.103,5.645
131.217,-75.985,-99.642,1.000,-49.111,-35.812,5.556
131.222,-87.650,-98.596,1.000,-51.084,-37.091,6.002
131.228,-87.650,-98.596,1.000,-53.702,-38.201,6.263
131.234,-92.498,-98.596,1.000,-56.435,-37.873,5.064
131.239,-92.498,-98.596,1.000,-59.712,-38.611,4.561
131.245,-92.498,-98.596,1.000,-63.095,-39.293,5.425
131.251,-100.697,-99.642,1.000,-66.719,-41.652,6.935
131.256,-101.762,-99.642,1.000,-71.992,-43.578,7.948
131.262,-101.762,-99.642,1.000,-75.587,-43.732,8.007
131.268,-101.762,-99.642,1.000,-77.862,-45.958,7.604
131.274,-103.917,-99.642,1.000,-78.799,-48.563,7.850
131.279,-103.917,-99.642,1.000,-82.410,-49.881,8.424
131.285,-103.917,-99.642,1.000,-85.820,-49.968,8.938
131.291,-103.917,-99.642,1.000,-89.594,-49.476,8.123
131.296,-131.417,-86.705,1.000,-92.356,-49.517,9.599
131.302,-147.899,-79.434,1.000,-93.672,-50.396,11.249
131.307,-147.899,-79.434,1.000,-95.017,-52.025,13.312
131.313,-147.899,-79.434,1.000,-97.769,-52.195,14.758
131.319,-147.899,-79.434,1.000,-100.513,-52.621,15.883
131.325,-218.970,-57.705,1.000,-102.525,-51.916,15.186
131.330,-218.970,-57.705,1.000,-104.358,-51.590,15.558
131.336,-218.970,-57.705,1.000,-106.940,-51.511,16.721
131.342,-218.970,-57.705,1.000,-110.107,-53.012,17.646
131.348,-218.970,-57.705,1.000,-114.778,-54.115,20.337
131.353,-272.712,-56.356,1.000,-119.588,-52.739,21.034
131.359,-272.712,-56.356,1.000,-123.759,-52.243,19.601
131.365,-279.810,-56.356,1.000,-128.966,-51.938,20.533
131.370,-279.810,-56.356,1.000,-135.759,-50.629,20.438
131.376,-289.501,-57.028,1.000,-140.322,-49.627,20.208
131.382,-289.501,-57.028,1.000,-146.827,-47.207,19.883
131.388,-289.501,-57.028,1.000,-155.579,-43.222,19.072
131.394,-289.501,-58.389,1.000,-164.697,-38.688,17.098
131.399,-289.501,-58.389,1.000,-173.927,-35.426,17.395
131.405,-289.501,-58.389,1.000,-183.868,-31.576,16.961
131.411,-289.501,-58.389,1.000,-193.814,-27.387,18.530
131.416,-287.054,-60.480,1.000,-202.450,-22.912,19.661
131.422,-287.054,-60.480,1.000,-211.220,-20.012,20.579
131.428,-287.054,-60.480,1.000,-218.577,-18.577,21.206
131.434,-287.054,-60.480,1.000,-225.509,-16.653,20.771
131.440,-287.054,-60.480,1.000,-232.110,-16.407,21.508
131.445,-287.054,-60.480,1.000,-238.202,-17.088,20.779
131.451,-287.054,-60.480,1.000,-245.028,-17.692,20.450
131.457,-258.948,-84.840,1.000,-248.201,-20.024,20.686
131.462,-252.277,-87.650,1.000,-251.252,-22.653,20.423
131.468,-252.277,-87.650,1.000,-255.827,-24.848,17.862
131.474,-252.277,-87.650,1.000,-260.233,-26.114,15.636
131.480,-222.931,-105.008,1.000,-259.926,-29.018,13.868
131.486,-215.066,-106.108,1.000,-261.604,-31.311,12.459
131.491,-215.066,-106.108,1.000,-264.441,-33.259,10.304
131.497,-170.770,-115.245,1.000,-265.370,-35.568,8.292
131.503,-159.771,-115.245,1.000,-265.390,-38.038,6.821
131.508,-143.632,-118.828,1.000,-264.683,-41.264,6.876
131.514,-143.632,-118.828,1.000,-260.922,-43.771,6.945
131.520,-122.499,-118.828,1.000,-259.277,-47.072,5.504
131.526,-99.642,-118.828,1.000,-255.217,-50.343,4.029
131.531,-90.534,-118.828,1.000,-251.336,-53.052,2.757
131.537,-90.534,-118.828,1.000,-245.429,-55.325,1.679
131.543,-59.776,-118.828,1.000,-240.229,-57.860,0.405
131.549,-50.592,-118.828,1.000,-230.642,-61.809,-0.292
131.554,-50.592,-118.828,1.000,-221.890,-63.816,-0.804
131.560,-50.592,-118.828,1.000,-211.795,-67.188,-1.529
131.566,-36.504,-121.266,1.000,-201.157,-69.576,-1.491
131.571,-36.504,-121.266,1.000,-192.976,-72.364,-1.934
131.577,-36.504,-121.266,1.000,-180.524,-76.037,-1.604
131.583,-36.504,-121.266,1.000,-171.468,-78.394,-2.680
131.589,-33.294,-122.499,1.000,-158.637,-81.068,-3.523
131.594,-31.987,-123.743,1.000,-145.832,-83.076,-4.973
131.600,-26.768,-128.818,1.000,-134.277,-87.190,-5.213
131.606,-26.768,-128.818,1.000,-124.146,-90.236,-5.460
131.612,-20.614,-139.464,1.000,-115.570,-92.424,-5.001
131.617,-20.614,-139.464,1.000,-105.685,-95.249,-4.717
131.623,-8.256,-149.343,1.000,-96.992,-96.921,-5.992
131.629,-8.256,-149.343,1.000,-88.493,-94.673,-8.566
131.635,-3.325,-152.266,1.000,-80.297,-95.589,-9.469
131.640,-3.325,-152.266,1.000,-73.677,-94.488,-10.135
131.646,0.446,-121.266,1.000,-69.990,-94.257,-9.764
131.652,0.446,-121.266,1.000,-67.644,-95.118,-5.502
131.657,0.446,-114.070,1.000,-64.687,-116.817,-7.135
131.663,0.595,-87.650,1.000,-62.583,-135.091,-4.943
131.668,0.595,-87.650,1.000,-61.057,-147.879,-2.136
131.674,0.595,-87.650,1.000,-62.620,-162.613,1.039
131.679,0.595,-87.650,1.000,-62.123,-169.701,5.104
131.684,7.698,-65.589,1.000,-60.803,-178.658,3.276
131.690,7.698,-65.589,1.000,-57.181,-180.485,-2.662
131.696,8.445,-67.110,1.000,-50.362,-180.550,-17.452
131.702,8.068,-67.881,1.000,-51.915,-182.966,-32.904
131.707,8.068,-67.881,1.000,-54.602,-179.486,-41.213
131.713,8.068,-67.881,1.000,-55.568,-175.707,-46.097
131.719,8.068,-67.881,1.000,-55.568,-175.707,-46.097
131.724,8.068,-67.881,1.000,-55.568,-175.707,-46.097
131.730,8.068,-67.881,1.000,-55.568,-175.707,-46.097
131.735,8.068,-67.881,1.000,-55.568,-175.707,-46.097
131.740,8.068,-67.881,1.000,-55.568,-175.707,-46.097
131.745,8.068,-67.881,1.000,-55.568,-175.707,-46.097
131.751,8.068,-67.881,1.000,-55.568,-175.707,-46.097
131.756,8.068,-67.881,1.000,-55.568,-175.707,-46.097
131.761,8.068,-67.881,1.000,-55.568,-175.707,-46.097
131.767,8.068,-67.881,1.000,-55.568,-175.707,-46.097
131.772,8.068,-67.881,1.000,-55.568,-175.707,-46.097
131.777,8.068,-67.881,1.000,-55.568,-175.707,-46.097
131.783,8.068,-67.881,1.000,-55.568,-175.707,-46.097
131.788,8.068,-67.881,1.000,-55.568,-175.707,-46.097
131.793,8.068,-67.881,1.000,-55.568,-175.707,-46.097
131.798,8.068,-67.881,1.000,-55.568,-175.707,-46.097
131.804,8.068,-67.881,1.000,-55.568,-175.707,-46.097
131.809,8.068,-67.881,1.000,-55.568,-175.707,-46.097
131.814,8.068,-67.881,1.000,-55.568,-175.707,-46.097
131.820,8.068,-67.881,1.000,-55.568,-175.707,-46.097
131.825,8.068,-67.881,1.000,-55.568,-175.707,-46.097
131.830,8.068,-67.881,1.000,-55.568,-175.707,-46.097
131.835,8.068,-67.881,1.000,-55.568,-175.707,-46.097
131.841,8.068,-67.881,1.000,-55.568,-175.707,-46.097
131.846,8.068,-67.881,1.000,-55.568,-175.707,-46.097
131.851,8.068,-67.881,1.000,-55.568,-175.707,-46.097
131.857,8.068,-67.881,1.000,-55.568,-175.707,-46.097
131.862,8.068,-67.881,1.000,-55.568,-175.707,-46.097
131.867,8.068,-67.881,1.000,-55.568,-175.707,-46.097
131.873,8.068,-67.881,1.000,-55.568,-175.707,-46.097
131.878,8.068,-67.881,1.000,-55.568,-175.707,-46.097
131.883,8.068,-67.881,1.000,-55.568,-175.707,-46.097
131.888,8.068,-67.881,1.000,-55.568,-175.707,-46.097
131.894,8.068,-67.881,1.000,-55.568,-175.707,-46.097
131.899,8.068,-67.881,1.000,-55.568,-175.707,-46.097
131.904,8.068,-67.881,1.000,-55.568,-175.707,-46.097
131.910,8.068,-67.881,1.000,-55.568,-175.707,-46.097
131.915,8.068,-67.881,1.000,-55.568,-175.707,-46.097
131.920,8.068,-67.881,1.000,-55.568,-175.707,-46.097
131.925,8.068,-67.881,1.000,-55.568,-175.707,-46.097
131.931,8.068,-67.881,1.000,-55.568,-175.707,-46.097
131.936,8.068,-67.881,1.000,-55.568,-175.707,-46.097
131.941,8.068,-67.881,1.000,-55.568,-175.707,-46.097
131.946,8.068,-67.881,1.000,-55.568,-175.707,-46.097
131.952,8.068,-67.881,1.000,-55.568,-175.707,-46.097
131.957,8.068,-67.881,1.000,-55.568,-175.707,-46.097
131.962,8.068,-67.881,1.000,-55.568,-175.707,-46.097
131.968,8.068,-67.881,1.000,-55.568,-175.707,-46.097
131.973,8.068,-67.881,1.000,-55.568,-175.707,-46.097
131.978,8.068,-67.881,1.000,-55.568,-175.707,-46.097
131.983,8.068,-67.881,1.000,-55.568,-175.707,-46.097
131.988,8.068,-67.881,1.000,-55.568,-175.707,-46.097
131.994,8.068,-67.881,1.000,-55.568,-175.707,-46.097
131.999,8.068,-67.881,1.000,-55.568,-175.707,-46.097
132.005,8.068,-67.881,1.000,-55.568,-175.707,-46.097
132.010,8.068,-67.881,1.000,-55.568,-175.707,-46.097
132.015,8.068,-67.881,1.000,-55.568,-175.707,-46.097
132.020,8.068,-67.881,1.000,-55.568,-175.707,-46.097
132.026,8.068,-67.881,1.000,-55.568,-175.707,-46.097
132.031,8.068,-67.881,1.000,-55.568,-175.707,-46.097
132.036,8.068,-67.881,1.000,-55.568,-175.707,-46.097
132.042,8.068,-67.881,1.000,-55.568,-175.707,-46.097
132.047,8.068,-67.881,1.000,-55.568,-175.707,-46.097
132.052,8.068,-67.881,1.000,-55.568,-175.707,-46.097
132.058,8.068,-67.881,1.000,-55.568,-175.707,-46.097
132.063,8.068,-67.881,1.000,-55.568,-175.707,-46.097
132.069,8.068,-67.881,1.000,-55.568,-175.707,-46.097
132.074,8.068,-67.881,1.000,-55.568,-175.707,-46.097
132.079,8.068,-67.881,1.000,-55.568,-175.707,-46.097
132.085,8.068,-67.881,1.000,-55.568,-175.707,-46.097
132.090,8.068,-67.881,1.000,-55.568,-175.707,-46.097
132.095,8.068,-67.881,1.000,-55.568,-175.707,-46.097
132.100,8.068,-67.881,1.000,-55.568,-175.707,-46.097
132.106,8.068,-67.881,1.000,-55.568,-175.707,-46.097
132.111,8.068,-67.881,1.000,-55.568,-175.707,-46.097
132.117,8.068,-67.881,1.000,-55.568,-175.707,-46.097
132.122,8.068,-67.881,1.000,-55.568,-175.707,-46.097
132.127,8.068,-67.881,1.000,-55.568,-175.707,-46.097
132.133,8.068,-67.881,1.000,-55.568,-175.707,-46.097
132.138,8.068,-67.881,1.000,-55.568,-175.707,-46.097
132.143,8.068,-67.881,1.000,-55.568,-175.707,-46.097
132.149,8.068,-67.881,1.000,-55.568,-175.707,-46.097
132.154,8.068,-67.881,1.000,-55.568,-175.707,-46.097
132.160,8.068,-67.881,1.000,-55.568,-175.707,-46.097
132.165,8.068,-67.881,1.000,-55.568,-175.707,-46.097
132.170,8.068,-67.881,1.000,-55.568,-175.707,-46.097
132.176,8.068,-67.881,1.000,-55.568,-175.707,-46.097
132.181,8.068,-67.881,1.000,-55.568,-175.707,-46.097
132.186,8.068,-67.881,1.000,-55.568,-175.707,-46.097
132.192,8.068,-67.881,1.000,-55.568,-175.707,-46.097
132.197,8.068,-67.881,1.000,-55.568,-175.707,-46.097
132.202,8.068,-67.881,1.000,-55.568,-175.707,-46.097
132.208,8.068,-67.881,1.000,-55.568,-175.707,-46.097
132.213,8.068,-67.881,1.000,-55.568,-175.707,-46.097
132.219,8.068,-67.881,1.000,-55.568,-175.707,-46.097
132.224,8.068,-67.881,1.000,-55.568,-175.707,-46.097
132.229,8.068,-67.881,1.000,-55.568,-175.707,-46.097
132.235,8.068,-67.881,1.000,-55.568,-175.707,-46.097
132.240,8.068,-67.881,1.000,-55.568,-175.707,-46.097
132.245,8.068,-67.881,1.000,-55.568,-175.707,-46.097
132.251,8.068,-67.881,1.000,-55.568,-175.707,-46.097
132.256,8.068,-67.881,1.000,-55.568,-175.707,-46.097
132.262,8.068,-67.881,1.000,-55.568,-175.707,-46.097
132.267,8.068,-67.881,1.000,-55.568,-175.707,-46.097
132.272,8.068,-67.881,1.000,-55.568,-175.707,-46.097
132.278,8.068,-67.881,1.000,-55.568,-175.707,-46.097
132.283,8.068,-67.881,1.000,-55.568,-175.707,-46.097
132.288,8.068,-67.881,1.000,-55.568,-175.707,-46.097
132.294,8.068,-67.881,1.000,-55.568,-175.707,-46.097
132.299,8.068,-67.881,1.000,-55.568,-175.707,-46.097
132.304,8.068,-67.881,1.000,-55.568,-175.707,-46.097
132.310,8.068,-67.881,1.000,-55.568,-175.707,-46.097
132.315,8.068,-67.881,1.000,-55.568,-175.707,-46.097
132.320,8.068,-67.881,1.000,-55.568,-175.707,-46.097
132.326,8.068,-67.881,1.000,-55.568,-175.707,-46.097
132.331,8.068,-67.881,1.000,-55.568,-175.707,-46.097
132.336,8.068,-67.881,1.000,-55.568,-175.707,-46.097
132.342,8.068,-67.881,1.000,-55.568,-175.707,-46.097
132.347,8.068,-67.881,1.000,-55.568,-175.707,-46.097
132.352,8.068,-67.881,1.000,-55.568,-175.707,-46.097
132.358,8.068,-67.881,1.000,-55.568,-175.707,-46.097
132.363,8.068,-67.881,1.000,-55.568,-175.707,-46.097
132.369,8.068,-67.881,1.000,-55.568,-175.707,-46.097
132.374,8.068,-67.881,1.000,-55.568,-175.707,-46.097
132.379,8.068,-67.881,1.000,-55.568,-175.707,-46.097
132.385,8.068,-67.881,1.000,-55.568,-175.707,-46.097
132.390,8.068,-67.881,1.000,-55.568,-175.707,-46.097
132.395,8.068,-67.881,1.000,-55.568,-175.707,-46.097
132.400,8.068,-67.881,1.000,-55.568,-175.707,-46.097
132.406,8.068,-67.881,1.000,-55.568,-175.707,-46.097
132.411,8.068,-67.881,1.000,-55.568,-175.707,-46.097
132.417,8.068,-67.881,1.000,-55.568,-175.707,-46.097
132.422,8.068,-67.881,1.000,-55.568,-175.707,-46.097
132.427,8.068,-67.881,1.000,-55.568,-175.707,-46.097
132.433,8.068,-67.881,1.000,-55.568,-175.707,-46.097
132.438,8.068,-67.881,1.000,-55.568,-175.707,-46.097
132.443,8.068,-67.881,1.000,-55.568,-175.707,-46.097
132.448,8.068,-67.881,1.000,-55.568,-175.707,-46.097
132.454,8.068,-67.881,1.000,-55.568,-175.707,-46.097
132.459,8.068,-67.881,1.000,-55.568,-175.707,-46.097
132.464,8.068,-67.881,1.000,-55.568,-175.707,-46.097
132.470,8.068,-67.881,1.000,-55.568,-175.707,-46.097
132.475,8.068,-67.881,1.000,-55.568,-175.707,-46.097
132.480,8.068,-67.881,1.000,-55.568,-175.707,-46.097
132.485,8.068,-67.881,1.000,-55.568,-175.707,-46.097
132.491,8.068,-67.881,1.000,-55.568,-175.707,-46.097
132.496,8.068,-67.881,1.000,-55.568,-175.707,-46.097
132.501,8.068,-67.881,1.000,-55.568,-175.707,-46.097
132.506,8.068,-67.881,1.000,-55.568,-175.707,-46.097
132.512,8.068,-67.881,1.000,-55.568,-175.707,-46.097
132.517,8.068,-67.881,1.000,-55.568,-175.707,-46.097
132.522,8.068,-67.881,1.000,-55.568,-175.707,-46.097
132.527,8.068,-67.881,1.000,-55.568,-175.707,-46.097
132.533,8.068,-67.881,1.000,-55.568,-175.707,-46.097
132.538,8.068,-67.881,1.000,-55.568,-175.707,-46.097
132.543,8.068,-67.881,1.000,-55.568,-175.707,-46.097
132.549,8.068,-67.881,1.000,-55.568,-175.707,-46.097
132.554,8.068,-67.881,1.000,-55.568,-175.707,-46.097
132.559,8.068,-67.881,1.000,-55.568,-175.707,-46.097
132.564,8.068,-67.881,1.000,-55.568,-175.707,-46.097
132.570,8.068,-67.881,1.000,-55.568,-175.707,-46.097
132.575,8.068,-67.881,1.000,-55.568,-175.707,-46.097
132.580,8.068,-67.881,1.000,-55.568,-175.707,-46.097
132.585,8.068,-67.881,1.000,-55.568,-175.707,-46.097
132.591,8.068,-67.881,1.000,-55.568,-175.707,-46.097
132.596,8.068,-67.881,1.000,-55.568,-175.707,-46.097
132.601,8.068,-67.881,1.000,-55.568,-175.707,-46.097
132.607,8.068,-67.881,1.000,-55.568,-175.707,-46.097
132.612,8.068,-67.881,1.000,-55.568,-175.707,-46.097
132.617,8.068,-67.881,1.000,-55.568,-175.707,-46.097
132.622,8.068,-67.881,1.000,-55.568,-175.707,-46.097
132.628,8.068,-67.881,1.000,-55.568,-175.707,-46.097
132.633,8.068,-67.881,1.000,-55.568,-175.707,-46.097
132.638,8.068,-67.881,1.000,-55.568,-175.707,-46.097
132.643,8.068,-67.881,1.000,-55.568,-175.707,-46.097
132.648,8.068,-67.881,1.000,-55.568,-175.707,-46.097
132.653,8.068,-67.881,1.000,-55.568,-175.707,-46.097
132.659,8.068,-67.881,1.000,-55.568,-175.707,-46.097
132.664,8.068,-67.881,1.000,-55.568,-175.707,-46.097
132.669,8.068,-67.881,1.000,-55.568,-175.707,-46.097
132.674,8.068,-67.881,1.000,-55.568,-175.707,-46.097
132.679,8.068,-67.881,1.000,-55.568,-175.707,-46.097
132.684,8.068,-67.881,1.000,-55.568,-175.707,-46.097
132.690,8.068,-67.881,1.000,-55.568,-175.707,-46.097
132.695,8.068,-67.881,1.000,-55.568,-175.707,-46.097
132.700,8.068,-67.881,1.000,-55.568,-175.707,-46.097
132.705,8.068,-67.881,1.000,-55.568,-175.707,-46.097
132.711,8.068,-67.881,1.000,-55.568,-175.707,-46.097
132.716,8.068,-67.881,1.000,-55.568,-175.707,-46