R
Px,I,D,Py,I,D,Pz,I,D,FFrx,y,FFdrx,y,satI,satPID,DTermC,GparamC,AparamC,KFQAng,KFQbias,KFRmeas
175,25,1900,200,25,2100,100,50,0,0,0,0,7,75,10,10.0,16.0,0.001,0.003,0.03
sysTime,aRawR,aRawP,aPT2R,aPT2P,aKFPT21R,aKFPT21P
156.711,-3.001,0.249,-2.877,0.176,-2.900,0.162
156.721,-2.761,0.000,-2.881,0.181,-2.915,0.169
156.731,-2.983,0.168,-2.887,0.182,-2.933,0.175
156.742,-2.926,0.083,-2.897,0.176,-2.945,0.179
156.752,-2.755,0.125,-2.901,0.163,-2.957,0.181
156.762,-2.845,0.209,-2.905,0.158,-2.967,0.180
156.773,-2.935,-0.041,-2.914,0.155,-2.984,0.185
156.783,-3.272,0.293,-2.931,0.157,-2.996,0.198
156.793,-2.884,0.334,-2.939,0.161,-3.006,0.209
156.804,-2.757,0.250,-2.939,0.170,-3.009,0.215
156.814,-2.932,0.125,-2.937,0.177,-3.006,0.216
156.824,-2.899,0.252,-2.939,0.182,-2.996,0.217
156.835,-2.683,0.167,-2.929,0.186,-2.992,0.217
156.845,-3.091,0.208,-2.921,0.190,-2.999,0.220
156.855,-2.636,0.209,-2.915,0.198,-3.009,0.227
156.866,-2.767,0.041,-2.902,0.200,-3.015,0.230
156.876,-2.922,0.125,-2.891,0.195,-3.025,0.233
156.886,-2.932,0.293,-2.887,0.192,-3.029,0.237
156.897,-2.640,-0.125,-2.885,0.187,-3.031,0.235
156.907,-2.838,0.459,-2.882,0.179,-3.026,0.236
156.917,-2.932,0.418,-2.876,0.183,-3.025,0.231
156.928,-2.723,0.000,-2.871,0.188,-3.020,0.222
156.938,-2.895,0.125,-2.867,0.188,-3.013,0.216
156.948,-2.886,0.250,-2.860,0.182,-3.004,0.206
156.958,-3.125,0.041,-2.857,0.182,-2.997,0.196
156.969,-2.745,0.166,-2.862,0.188,-2.985,0.187
156.979,-2.893,0.041,-2.864,0.188,-2.973,0.179
156.989,-2.972,0.000,-2.866,0.195,-2.963,0.169
157.000,-2.765,0.167,-2.875,0.199,-2.963,0.165
157.010,-3.049,0.208,-2.888,0.199,-2.964,0.163
157.020,-2.805,0.251,-2.903,0.203,-2.957,0.167
157.031,-2.811,0.377,-2.910,0.210,-2.954,0.171
157.041,-2.751,0.083,-2.916,0.212,-2.950,0.174
157.051,-2.586,0.250,-2.918,0.208,-2.945,0.182
157.061,-3.144,0.167,-2.916,0.208,-2.945,0.195
157.072,-2.870,-0.253,-2.915,0.208,-2.944,0.201
157.082,-3.051,0.000,-2.917,0.205,-2.944,0.198
157.092,-3.018,0.125,-2.920,0.200,-2.947,0.197
157.103,-2.836,0.166,-2.924,0.194,-2.945,0.201
157.113,-2.968,0.250,-2.925,0.191,-2.941,0.207
157.124,-2.974,0.041,-2.922,0.186,-2.940,0.206
157.134,-2.749,0.291,-2.917,0.179,-2.948,0.197
157.144,-3.223,0.125,-2.911,0.175,-2.957,0.191
157.154,-2.968,0.125,-2.902,0.170,-2.964,0.183
157.165,-2.890,0.418,-2.895,0.167,-2.965,0.169
157.175,-2.791,0.166,-2.893,0.180,-2.962,0.164
157.185,-2.963,0.000,-2.887,0.187,-2.961,0.162
157.196,-2.972,0.041,-2.885,0.192,-2.959,0.171
157.206,-2.759,0.125,-2.883,0.198,-2.952,0.183
157.218,-2.845,0.083,-2.877,0.199,-2.950,0.192
157.228,-2.920,0.166,-2.872,0.198,-2.950,0.195
157.240,-2.966,0.292,-2.869,0.198,-2.945,0.199
157.252,-2.807,0.125,-2.867,0.200,-2.940,0.202
157.264,-3.058,0.628,-2.868,0.199,-2.944,0.202
157.276,-3.012,0.125,-2.869,0.198,-2.953,0.200
157.288,-2.799,0.250,-2.866,0.196,-2.950,0.195
157.300,-2.847,0.083,-2.864,0.197,-2.952,0.181
157.312,-3.009,0.083,-2.863,0.200,-2.951,0.166
157.324,-2.594,0.418,-2.866,0.198,-2.957,0.154
157.336,-3.007,0.292,-2.870,0.199,-2.958,0.149
157.348,-2.939,0.335,-2.872,0.196,-2.959,0.138
157.358,-2.797,0.208,-2.875,0.199,-2.962,0.115
157.370,2.252,3.596,-2.815,0.262,-2.970,0.092
157.382,-6.095,-2.741,-2.652,0.263,-3.005,0.095
157.394,4.203,-1.255,-2.596,0.189,-3.039,0.101
157.406,-11.133,-1.092,-2.722,0.085,-3.074,0.110
157.418,-1.360,1.117,-2.991,0.036,-3.113,0.121
157.430,-10.721,1.897,-3.162,0.100,-3.136,0.142
157.442,3.044,3.784,-3.252,0.260,-3.152,0.161
157.454,-11.710,4.137,-3.272,0.418,-3.159,0.193
157.466,0.890,5.996,-3.337,0.398,-3.187,0.228
157.478,-1.640,-1.093,-3.425,0.444,-3.215,0.255
157.488,-8.979,2.005,-3.448,0.518,-3.231,0.285
157.500,4.568,-12.590,-3.346,0.596,-3.232,0.326
157.512,-1.301,7.231,-3.015,0.577,-3.205,0.367
157.524,-4.967,-8.214,-3.130,0.707,-3.192,0.401
157.536,6.157,3.229,-2.990,0.521,-3.221,0.442
157.548,6.428,11.166,-2.901,0.746,-3.194,0.448
157.560,5.901,16.314,-3.199,0.661,-3.173,0.443
157.572,-5.551,5.473,-3.416,1.081,-3.201,0.467
157.584,2.571,22.677,-3.053,1.238,-3.211,0.516
157.596,9.984,-18.359,-2.273,1.101,-3.211,0.586
157.608,-12.836,-4.559,-1.979,1.308,-3.205,0.660
157.618,-19.391,4.732,-1.958,1.164,-3.203,0.733
157.630,4.296,25.111,-2.133,0.801,-3.199,0.820
157.642,-2.421,-2.989,-2.605,0.913,-3.188,0.893
157.654,-12.801,-13.576,-2.986,1.085,-3.168,0.962
157.666,5.382,13.187,-3.176,1.082,-3.145,1.004
157.678,-10.296,-1.315,-3.244,0.872,-3.137,1.012
157.690,-5.134,-7.647,-3.262,0.704,-3.135,0.991
157.702,-18.845,-5.414,-3.393,0.680,-3.146,0.970
157.714,1.315,4.811,-3.513,0.650,-3.166,0.943
157.726,-6.949,9.024,-3.797,0.690,-3.189,0.925
157.736,-8.693,-17.651,-4.014,0.740,-3.216,0.917
157.749,-0.842,6.245,-4.158,0.811,-3.253,0.920
157.761,-4.819,21.445,-4.194,0.842,-3.294,0.932
157.773,-14.195,-3.389,-4.094,0.820,-3.324,0.937
157.785,4.053,-17.025,-4.011,0.979,-3.350,0.975
157.797,3.958,24.875,-3.986,0.812,-3.374,1.017
157.809,-10.789,-5.783,-3.940,0.566,-3.415,1.062
157.821,30.726,-31.979,-3.725,-0.042,-3.470,1.074
157.831,-3.156,-21.752,-3.731,-0.039,-3.515,1.078
157.843,40.530,-49.511,-3.437,-0.572,-3.592,1.038
157.853,-8.642,-31.969,-3.335,-0.114,-3.638,1.031
157.863,-3.469,82.622,-2.963,-0.784,-3.685,1.018
157.873,6.975,-65.352,-3.080,-0.869,-3.725,0.996
157.883,-12.746,60.366,-2.879,-0.842,-3.784,0.944
157.893,6.262,-76.007,-2.894,-0.694,-3.862,0.892
157.905,14.986,-75.057,-2.806,-0.242,-3.991,0.833
157.915,-2.178,40.114,-2.680,0.430,-4.138,0.794
157.927,-7.832,10.355,-2.726,0.576,-4.383,0.751
157.940,-12.694,-0.814,-2.950,0.219,-4.721,0.729
157.950,-44.978,10.511,-3.424,-0.279,-5.074,0.712
157.962,-24.089,40.068,-2.846,-0.493,-5.471,0.687
157.972,25.531,-37.045,-2.352,-0.650,-5.766,0.661
157.982,-10.825,6.612,-2.380,-0.771,-6.007,0.628
157.994,4.919,17.299,-2.627,-0.018,-6.291,0.564
158.004,-13.572,-6.102,-2.721,0.610,-6.521,0.515
158.016,-27.817,-41.505,-3.259,0.713,-6.726,0.468
158.026,-64.613,-10.973,-4.356,0.346,-6.848,0.399
158.036,43.186,41.824,-4.521,0.804,-6.908,0.274
158.046,7.376,-34.721,-3.762,0.587,-6.822,0.132
158.056,-17.391,-10.368,-3.658,0.046,-6.569,-0.044
158.068,-1.502,2.166,-3.539,-0.276,-6.121,-0.347
158.080,19.183,8.781,-3.553,-0.316,-5.528,-0.708
158.090,-32.648,-3.557,-3.537,-0.259,-4.930,-1.022
158.103,-3.366,18.321,-3.772,-0.458,-4.108,-1.421
158.115,0.129,33.913,-4.299,-1.194,-3.214,-1.839
158.127,-4.218,41.332,-4.961,-1.485,-2.291,-2.276
158.137,-48.820,-35.726,-5.439,-1.477,-1.524,-2.618
158.147,16.011,-51.259,-5.400,-2.525,-0.766,-2.945
158.157,3.141,63.321,-4.973,-2.069,-0.017,-3.264
158.167,-19.654,11.812,-4.823,-1.299,0.687,-3.513
158.179,-4.591,-10.579,-4.710,-0.936,1.455,-3.686
158.191,23.060,-2.243,-4.972,-1.038,2.102,-3.796
158.201,-82.224,-3.958,-5.862,-1.121,2.517,-3.878
158.211,-19.274,-28.721,-6.585,-1.260,2.771,-3.937
158.221,17.611,33.575,-6.439,-1.091,2.882,-3.996
158.231,29.511,-57.547,-5.886,-1.169,2.857,-4.041
158.241,-34.511,-30.123,-5.574,-1.794,2.763,-4.094
158.252,-19.771,40.552,-5.866,-1.640,2.616,-4.158
158.263,-5.807,9.583,-4.896,-1.484,2.343,-4.208
158.274,5.907,13.246,-3.334,-0.965,2.071,-4.201
158.286,11.344,49.902,-1.847,0.114,1.795,-4.131
158.297,33.641,55.371,-0.199,0.717,1.546,-3.998
158.309,58.739,15.751,1.533,0.514,1.348,-3.835
158.319,-8.702,-51.029,2.212,-0.229,1.214,-3.707
158.330,-27.645,-48.544,1.993,-1.169,1.073,-3.607
158.340,6.635,25.289,1.763,-1.613,0.958,-3.533
158.351,9.199,66.864,1.702,-1.110,0.811,-3.465
158.362,-1.600,-83.934,1.528,-2.513,0.610,-3.430
158.372,-0.593,5.575,1.255,-4.027,0.366,-3.453
158.383,7.706,80.385,1.052,-3.747,0.074,-3.519
158.393,-19.885,-6.224,0.498,-3.689,-0.265,-3.553
158.404,42.347,-30.420,0.114,-3.923,-0.689,-3.591
158.415,-1.007,5.907,0.102,-3.856,-1.180,-3.645
158.425,-21.421,18.947,-1.173,-2.597,-1.754,-3.664
158.436,29.127,-30.031,-1.812,-1.729,-2.460,-3.642
158.447,-14.099,-1.747,-2.206,-1.237,-3.182,-3.567
158.457,34.820,44.546,-2.229,-0.239,-3.902,-3.418
158.468,-36.002,-20.503,-2.112,0.351,-4.589,-3.196
158.479,56.495,29.353,-1.820,0.969,-5.239,-2.919
158.489,13.317,-75.658,-0.662,0.664,-5.849,-2.609
158.500,-7.451,34.466,-0.010,0.740,-6.373,-2.293
158.511,-10.838,-43.418,0.391,0.148,-6.862,-1.979
158.522,30.242,-30.891,1.318,-0.828,-7.288,-1.682
158.532,-16.617,33.104,1.406,-0.771,-7.603,-1.390
158.543,16.975,-64.992,1.272,0.062,-7.882,-1.041
158.554,29.310,-17.459,1.194,-0.168,-8.138,-0.646
158.565,-21.076,31.899,0.599,1.661,-8.305,-0.174
158.575,64.917,-24.519,0.432,2.669,-8.436,0.352
158.586,-4.648,-64.994,0.851,0.713,-8.462,0.823
158.597,-5.121,30.464,0.849,0.056,-8.340,1.237
158.607,25.878,-24.638,1.044,-1.075,-8.141,1.580
158.618,-25.268,-56.025,0.991,-2.909,-7.838,1.837
158.629,11.895,25.097,1.008,-3.307,-7.434,2.026
158.640,-18.108,-56.877,1.283,-3.643,-6.968,2.149
158.650,-1.244,79.686,1.139,-3.517,-6.400,2.276
158.661,11.168,0.447,1.566,-3.243,-5.734,2.399
158.672,-23.290,-25.059,1.723,-2.858,-5.000,2.522
158.682,7.840,36.988,1.664,-2.064,-4.216,2.680
158.693,12.553,-38.666,2.064,-1.716,-3.400,2.883
158.704,-13.549,46.621,2.020,-1.810,-2.616,3.074
158.714,0.676,-18.172,1.983,-1.801,-1.839,3.287
158.725,38.309,-14.824,2.096,-2.639,-1.119,3.485
158.736,-39.678,30.759,2.035,-2.967,-0.451,3.675
158.746,23.128,-42.390,1.928,-3.150,0.160,3.885
158.757,2.913,10.347,1.980,-3.476,0.710,4.104
158.769,41.191,-10.355,1.898,-3.326,1.212,4.335
158.780,-46.060,8.020,1.342,-3.140,1.668,4.566
158.791,-1.376,38.203,0.694,-1.849,2.060,4.829
158.804,38.600,-30.573,0.476,-1.435,2.406,5.110
158.815,-9.394,-39.171,0.456,-2.320,2.731,5.268
158.827,14.436,19.590,0.570,-2.665,3.071,5.303
158.839,38.609,6.399,1.507,-3.188,3.432,5.242
158.851,29.290,-50.458,2.207,-4.127,3.832,5.060
158.863,-1.761,-54.422,2.460,-6.015,4.247,4.725
158.874,24.263,6.380,2.808,-7.047,4.675,4.280
158.886,17.290,25.291,3.581,-7.404,5.082,3.757
158.898,13.121,35.403,4.749,-7.202,5.453,3.161
158.910,-25.171,64.642,5.334,-7.105,5.818,2.529
158.922,-77.916,-1.036,5.091,-6.941,6.162,1.838
158.934,-65.714,-18.269,4.365,-6.217,6.447,1.166
158.946,-27.802,-9.977,2.550,-4.816,6.636,0.602
158.958,9.349,-25.646,0.675,-2.631,6.724,0.200
158.970,46.172,-5.776,-0.171,-0.861,6.665,-0.064
158.981,53.970,-12.036,-0.527,0.195,6.478,-0.216
158.993,34.245,-50.645,-0.855,-0.060,6.221,-0.299
159.004,2.008,-78.450,-1.353,-1.138,5.915,-0.396
159.015,16.388,-55.232,-1.532,-2.519,5.606,-0.532
159.027,42.135,-0.325,-1.174,-3.189,5.303,-0.703
159.038,49.901,12.100,-0.104,-3.353,5.036,-0.894
159.049,12.852,-71.363,0.758,-3.503,4.844,-1.082
159.059,-18.489,-39.312,0.845,-3.792,4.720,-1.273
159.070,0.289,10.650,0.413,-2.782,4.608,-1.495
159.082,15.116,3.982,-0.256,-1.009,4.515,-1.647
159.093,3.051,-31.470,-1.408,0.348,4.414,-1.712
159.104,-82.661,-1.766,-2.605,1.398,4.245,-1.731
159.115,-35.788,24.998,-4.448,2.805,3.982,-1.706
159.127,-16.228,11.420,-6.159,3.992,3.595,-1.653
159.138,-37.182,-15.464,-7.668,4.467,3.050,-1.585
159.149,-34.837,-47.781,-8.868,4.182,2.379,-1.567
159.161,-30.500,-53.726,-8.887,4.375,1.658,-1.595
159.171,22.811,42.261,-8.140,5.240,1.087,-1.641
159.181,-23.345,-4.992,-7.447,5.747,0.550,-1.664
159.193,-36.674,-18.539,-7.021,5.605,-0.106,-1.655
159.203,-59.501,2.735,-7.313,5.073,-0.659,-1.693
159.214,29.998,56.955,-6.633,5.131,-1.225,-1.772
159.225,52.278,19.888,-4.592,5.518,-1.716,-1.816
159.235,3.681,-50.460,-3.165,4.608,-2.111,-1.841
159.246,-15.103,-58.101,-2.895,2.346,-2.482,-1.890
159.257,-27.369,55.785,-2.984,1.005,-2.825,-1.990
159.267,-5.327,19.682,-2.919,0.485,-3.118,-2.057
159.278,3.499,-4.330,-2.513,-0.001,-3.355,-2.094
159.289,74.973,-9.569,-1.977,-0.447,-3.554,-2.114
159.299,-15.713,-47.285,-1.726,-0.806,-3.717,-2.097
159.310,-8.421,2.502,-1.684,-0.786,-3.805,-2.036
159.320,2.508,57.857,-1.642,0.070,-3.895,-1.901
159.331,2.880,-56.249,-1.586,0.504,-3.971,-1.673
159.342,1.006,14.317,-1.516,0.995,-4.012,-1.374
159.352,-13.927,66.466,-1.515,2.950,-4.061,-0.995
159.363,-0.433,-85.504,-1.564,3.556,-4.141,-0.538
159.374,17.445,10.150,-1.150,3.686,-4.221,-0.048
159.384,-36.878,12.388,-1.035,4.479,-4.329,0.457
159.395,5.655,-19.910,-1.022,4.409,-4.470,0.981
159.406,23.710,40.322,-0.417,4.832,-4.612,1.492
159.417,-35.900,-43.874,-0.214,5.027,-4.743,2.000
159.427,13.884,12.991,0.184,5.060,-4.838,2.494
159.438,-19.441,-7.980,0.776,5.542,-4.909,2.975
159.450,-36.124,-52.095,0.796,5.270,-4.910,3.525
159.462,14.002,5.459,1.207,5.216,-4.860,4.030
159.474,20.432,7.431,1.762,5.475,-4.745,4.515
159.486,0.326,-2.614,1.695,5.462,-4.572,4.971
159.498,-6.076,34.695,1.403,5.515,-4.360,5.386
159.510,-14.380,59.261,1.045,5.469,-4.130,5.765
159.520,8.516,-6.432,0.575,4.601,-3.947,6.008
159.532,13.937,15.411,0.194,4.678,-3.732,6.220
159.544,-50.715,-7.989,-0.468,4.483,-3.528,6.381
159.556,-43.507,-4.500,-1.659,4.050,-3.371,6.474
159.566,24.509,-15.008,-1.646,4.009,-3.250,6.526
159.576,-25.817,59.874,-1.770,3.286,-3.128,6.501
159.586,20.339,-50.142,-0.779,3.588,-2.963,6.471
159.596,-12.317,75.392,-0.986,3.521,-2.787,6.401
159.606,12.119,-74.683,-0.715,3.666,-2.596,6.305
159.618,1.058,65.016,-0.875,4.758,-2.359,6.187
159.631,-17.549,29.576,-1.541,6.662,-2.109,6.129
159.641,61.184,8.502,-2.252,7.060,-1.944,6.097
159.653,50.149,-32.296,-2.224,7.028,-1.742,6.035
159.663,-30.439,44.634,-2.323,6.125,-1.527,5.929
159.673,18.297,-64.932,-1.918,5.704,-1.293,5.790
159.683,-21.121,60.516,-1.816,4.535,-1.023,5.572
159.694,23.095,-53.128,-1.865,3.920,-0.761,5.274
159.705,-28.504,32.050,-1.930,3.406,-0.493,4.922
159.715,-8.680,31.098,-2.461,3.635,-0.245,4.567
159.726,50.278,-35.291,-1.908,3.238,-0.008,4.178
159.738,2.754,-17.108,-1.411,2.189,0.292,3.712
159.750,11.272,-5.809,-1.280,1.350,0.559,3.188
159.762,23.277,-24.145,-1.032,0.614,0.751,2.616
159.774,-45.149,2.154,-1.321,0.030,0.872,2.036
159.786,-47.588,22.856,-2.080,0.095,0.901,1.506
159.798,-40.046,2.053,-2.946,1.357,0.828,1.088
159.810,-23.165,-16.682,-4.252,2.929,0.640,0.817
159.822,10.411,-55.013,-5.299,4.170,0.314,0.682
159.834,-18.840,-58.220,-5.515,4.154,-0.128,0.654
159.846,-55.954,-26.192,-5.057,3.654,-0.624,0.655
159.858,-52.214,-34.573,-4.621,2.988,-1.147,0.641
159.870,-31.279,-53.194,-4.250,2.542,-1.684,0.618
159.882,2.496,-52.131,-4.577,1.314,-2.263,0.571
159.894,-12.562,-42.075,-4.797,-0.719,-2.861,0.440
159.906,-39.675,25.561,-4.858,-3.105,-3.476,0.174
159.918,-5.148,24.907,-5.230,-4.671,-4.103,-0.225
159.930,19.570,-6.768,-5.464,-5.341,-4.694,-0.706
159.942,48.472,10.475,-5.628,-5.753,-5.268,-1.212
159.954,15.785,25.810,-5.377,-5.888,-5.830,-1.735
159.967,-30.576,35.911,-4.454,-5.872,-6.319,-2.309
159.979,-42.323,-0.725,-3.982,-5.022,-6.707,-2.889
159.991,-18.578,-27.526,-3.663,-3.982,-7.003,-3.425
160.003,14.462,-66.954,-3.507,-2.578,-7.222,-3.868
160.015,23.530,-63.794,-2.938,-1.855,-7.407,-4.224
160.027,65.345,-13.171,-2.328,-1.367,-7.548,-4.507
160.039,-32.273,57.770,-1.506,-1.114,-7.608,-4.746
160.051,-69.507,20.103,-0.964,-0.903,-7.594,-4.921
160.063,-63.070,-0.339,-1.656,-0.794,-7.520,-5.065
160.075,-40.899,-19.605,-3.331,-0.680,-7.442,-5.155
160.087,-7.104,-33.577,-4.919,-0.528,-7.428,-5.195
160.099,21.664,-47.271,-6.164,-0.287,-7.433,-5.191
160.111,14.035,-68.792,-7.281,0.108,-7.442,-5.167
160.123,16.883,-72.698,-8.497,-0.038,-7.478,-5.125
160.135,-2.040,-81.428,-9.103,-0.165,-7.547,-5.036
160.147,2.659,-69.272,-9.358,-1.171,-7.636,-4.932
160.159,24.845,-38.186,-9.028,-1.575,-7.749,-4.851
160.171,47.309,-11.250,-7.577,-1.384,-7.858,-4.763
160.183,36.966,27.910,-5.590,-0.755,-7.888,-4.652
160.195,14.308,26.471,-4.307,-0.165,-7.850,-4.501
160.207,-7.420,6.071,-3.679,0.066,-7.763,-4.320
160.219,-9.577,-5.980,-3.414,-0.116,-7.702,-4.164
160.231,21.174,-6.423,-3.165,-0.387,-7.690,-4.037
160.243,11.073,-18.714,-3.022,-0.574,-7.704,-3.928
160.255,-0.033,-72.029,-3.147,-1.131,-7.719,-3.810
160.267,-5.082,8.184,-3.354,-1.241,-7.723,-3.711
160.279,-12.096,28.495,-3.734,-0.358,-7.781,-3.596
160.291,-22.873,0.949,-4.285,0.552,-7.907,-3.436
160.303,20.792,-20.526,-4.206,0.793,-8.042,-3.226
160.315,17.689,-2.113,-3.523,0.743,-8.136,-3.013
160.327,-9.636,-38.753,-3.260,0.752,-8.204,-2.821
160.339,-32.256,5.386,-3.710,0.796,-8.270,-2.619
160.351,0.619,14.975,-3.918,0.875,-8.332,-2.418
160.363,37.925,-22.986,-3.367,0.282,-8.385,-2.221
160.375,-18.194,-27.046,-3.149,-0.254,-8.434,-2.062
160.387,-26.844,11.941,-3.880,0.119,-8.480,-1.936
160.399,-2.100,25.833,-4.502,1.079,-8.592,-1.824
160.411,73.355,7.008,-4.444,1.502,-8.721,-1.705
160.423,-33.030,-56.966,-4.670,1.481,-8.848,-1.592
160.435,-74.386,-6.296,-5.667,1.563,-9.016,-1.498
160.447,5.791,22.334,-6.319,2.477,-9.207,-1.397
160.459,61.746,-27.966,-5.675,2.584,-9.452,-1.327
160.471,-29.167,21.765,-5.580,2.803,-9.694,-1.258
160.483,-44.728,8.183,-6.463,3.427,-9.934,-1.160
160.495,-6.149,-18.773,-6.802,3.715,-10.211,-1.063
160.506,39.536,29.902,-6.295,4.277,-10.458,-0.958
160.517,-70.705,-19.084,-6.037,4.231,-10.624,-0.860
160.528,31.254,18.275,-5.399,4.744,-10.729,-0.762
160.539,-69.168,-13.485,-5.093,3.996,-10.773,-0.693
160.549,43.852,-8.774,-4.946,4.045,-10.741,-0.616
160.559,-61.906,6.562,-5.096,3.601,-10.669,-0.560
160.570,21.373,12.368,-5.227,4.084,-10.557,-0.480
160.580,-42.902,-22.218,-5.166,3.909,-10.401,-0.374
160.591,23.430,12.115,-5.290,4.211,-10.178,-0.221
160.603,-8.767,-57.642,-5.931,2.903,-9.927,-0.090
160.615,-26.240,52.316,-7.485,2.390,-9.662,0.009
160.627,25.873,21.963,-7.729,2.409,-9.381,0.114
160.639,23.418,-33.645,-6.835,1.236,-9.011,0.197
160.651,-27.682,-27.285,-6.606,0.709,-8.561,0.273
160.663,-42.041,32.507,-7.172,1.628,-8.061,0.383
160.675,1.428,26.903,-7.180,3.533,-7.529,0.598
160.686,40.560,-35.090,-6.644,3.929,-7.001,0.886
160.698,-19.057,-57.852,-6.866,3.578,-6.393,1.206
160.710,-22.873,13.868,-7.320,3.316,-5.748,1.538
160.721,-3.081,-33.286,-7.616,2.739,-5.109,1.841
160.733,-11.349,-61.056,-7.996,1.250,-4.482,2.079
160.745,-46.283,-30.123,-8.744,0.243,-3.924,2.220
160.756,-65.200,13.629,-9.318,0.388,-3.383,2.366
160.767,4.923,40.689,-9.359,0.982,-2.840,2.558
160.779,5.282,20.011,-8.770,1.810,-2.269,2.800
160.790,-20.577,30.555,-8.239,2.841,-1.701,3.084
160.802,-71.023,18.700,-8.235,4.071,-1.135,3.419
160.814,-61.965,3.343,-8.421,5.381,-0.606,3.804
160.826,-33.482,-47.896,-8.459,6.452,-0.113,4.241
160.838,-9.205,-76.683,-8.305,6.861,0.358,4.706
160.849,27.718,-33.443,-7.953,6.517,0.758,5.141
160.861,28.626,-7.542,-7.507,5.212,1.123,5.526
160.873,17.985,4.753,-7.209,3.575,1.427,5.794
160.885,7.450,13.083,-6.934,1.776,1.655,5.917
160.896,-24.299,38.073,-6.991,0.541,1.824,5.916
160.908,-43.818,-31.608,-7.496,0.532,1.949,5.840
160.920,-40.386,-48.188,-8.496,1.103,1.993,5.750
160.932,-33.218,-53.879,-9.540,1.859,1.951,5.664
160.944,-30.055,-49.625,-10.339,2.424,1.848,5.606
160.956,-40.545,8.468,-10.616,2.633,1.707,5.576
160.967,-28.223,40.834,-10.693,2.840,1.563,5.542
160.979,-18.654,50.672,-10.700,3.406,1.395,5.512
160.991,-2.830,57.599,-10.627,4.211,1.233,5.526
161.003,11.366,49.886,-10.485,5.197,1.078,5.586
161.015,25.520,38.161,-10.310,5.814,0.910,5.701
161.027,20.705,34.362,-9.504,6.260,0.736,5.845
161.038,-25.615,27.401,-8.374,6.324,0.599,5.998
161.050,-43.103,15.836,-7.459,5.991,0.499,6.130
161.062,-58.078,-5.577,-7.283,5.318,0.439,6.240
161.074,-49.979,-32.964,-7.935,4.111,0.371,6.315
161.086,-15.632,-74.152,-8.978,2.242,0.270,6.319
161.097,24.373,-54.213,-9.863,-0.122,0.115,6.203
161.109,64.179,-4.656,-10.027,-2.514,-0.077,5.939
161.121,46.080,43.109,-9.202,-4.292,-0.233,5.549
161.133,-42.994,46.532,-7.360,-4.706,-0.277,5.111
161.145,-56.209,29.274,-5.641,-4.266,-0.203,4.685
161.156,-12.624,-22.932,-4.330,-3.080,-0.027,4.309
161.168,4.776,-40.066,-3.416,-2.034,0.214,4.022
161.180,30.756,3.101,-2.737,-1.950,0.455,3.793
161.192,29.988,19.796,-2.338,-2.401,0.685,3.588
161.204,21.331,24.510,-1.731,-3.229,0.887,3.351
161.215,16.892,29.562,-1.139,-3.999,1.067,3.049
161.227,18.126,-1.154,-0.824,-4.403,1.243,2.693
161.239,10.842,-68.179,-0.862,-4.558,1.398,2.329
161.251,5.304,-81.454,-1.182,-4.415,1.501,1.997
161.263,2.088,-83.488,-1.630,-4.992,1.546,1.680
161.274,1.765,-77.495,-2.048,-6.035,1.535,1.334
161.286,3.457,-54.940,-2.359,-7.145,1.482,0.954
161.298,13.241,2.049,-2.482,-8.045,1.412,0.543
161.310,12.705,31.387,-2.507,-8.163,1.343,0.100
161.322,15.981,38.379,-2.619,-7.735,1.282,-0.355
161.333,18.999,36.906,-2.569,-6.281,1.235,-0.797
161.345,22.105,27.923,-2.409,-4.252,1.211,-1.183
161.357,35.869,-8.464,-2.212,-2.250,1.223,-1.497
161.369,38.053,-19.122,-1.868,-0.692,1.296,-1.728
161.381,37.844,-23.677,-1.655,0.476,1.439,-1.896
161.392,37.322,-21.290,-1.060,0.911,1.662,-2.034
161.404,39.154,-18.937,-0.155,0.720,1.989,-2.185
161.416,16.249,3.245,0.820,0.205,2.456,-2.369
161.428,6.237,12.234,1.844,-0.395,3.058,-2.578
161.440,-4.052,21.607,2.661,-0.930,3.811,-2.807
161.451,-10.181,27.144,3.195,-1.280,4.692,-3.045
161.463,-15.359,30.432,3.651,-1.068,5.696,-3.273
161.475,-15.781,30.458,3.937,-0.395,6.810,-3.442
161.487,-38.416,-2.815,3.935,0.468,7.997,-3.544
161.499,-14.611,-11.665,3.699,1.289,9.227,-3.567
161.510,5.373,-2.597,3.400,1.938,10.429,-3.518
161.522,7.090,18.648,3.417,2.277,11.597,-3.414
161.534,-6.569,30.108,3.755,2.336,12.764,-3.274
161.546,-33.009,27.871,4.147,2.310,13.894,-3.116
161.558,-18.323,8.061,4.081,2.170,14.909,-2.946
161.570,16.596,-31.987,3.435,1.436,15.761,-2.769
161.581,21.198,-52.516,2.784,-0.334,16.407,-2.631
161.593,-0.735,-75.542,2.275,-2.755,16.834,-2.563
161.604,-30.667,-0.230,1.537,-4.629,16.949,-2.608
161.615,-26.906,25.550,0.542,-5.341,16.845,-2.711
161.625,-54.601,-35.398,-0.321,-5.920,16.500,-2.840
161.636,16.829,-3.655,-0.462,-6.278,15.953,-3.001
161.646,13.116,28.997,-0.144,-5.755,15.316,-3.132
161.656,-26.459,56.505,-0.093,-5.213,14.588,-3.233
161.667,-25.645,-15.051,-0.097,-5.116,13.754,-3.293
161.677,27.364,-16.853,0.196,-5.158,12.882,-3.305
161.688,32.880,-40.221,0.547,-5.213,11.969,-3.311
161.698,45.176,-41.025,0.541,-5.038,11.033,-3.287
161.709,-13.294,32.134,-0.009,-4.174,10.090,-3.223
161.719,-24.306,-2.280,-0.885,-3.294,9.106,-3.123
161.730,-13.012,-77.005,-1.717,-2.854,8.094,-2.984
161.740,23.912,50.032,-2.162,-2.387,7.083,-2.810
161.750,-4.623,22.012,-2.463,-1.698,6.105,-2.593
161.761,-24.271,-4.177,-2.870,-1.314,5.137,-2.323
161.772,-62.842,12.332,-3.169,-1.086,4.169,-2.052
161.782,27.958,56.965,-2.709,-0.414,3.192,-1.792
161.792,28.014,-4.398,-1.727,-0.220,2.250,-1.499
161.803,8.564,-78.654,-0.886,-1.508,1.341,-1.225
161.813,52.825,-30.565,-0.148,-2.569,0.469,-1.035
161.824,9.900,28.790,0.168,-2.118,-0.318,-0.889
161.834,-39.757,-12.353,-0.618,-1.530,-1.089,-0.743
161.845,-62.508,-0.917,-1.977,-1.045,-1.899,-0.584
161.856,-18.928,49.887,-2.674,0.263,-2.769,-0.442
161.867,-0.766,47.371,-2.995,2.448,-3.690,-0.263
161.879,13.634,40.435,-3.193,4.869,-4.612,-0.012
161.891,24.891,19.432,-3.419,6.783,-5.506,0.328
161.902,2.402,-33.321,-3.832,7.438,-6.372,0.722
161.913,2.747,-59.771,-4.246,7.282,-7.291,1.133
161.925,0.258,-70.112,-4.484,5.836,-8.219,1.490
161.936,11.464,-75.176,-4.322,4.189,-9.073,1.739
161.948,12.708,-40.093,-3.761,2.787,-9.929,1.871
161.960,-5.158,-33.825,-3.219,1.863,-10.746,1.909
161.972,-10.028,-76.547,-3.110,1.213,-11.482,1.890
161.983,21.983,-66.999,-3.347,0.437,-12.169,1.844
161.995,0.762,-78.280,-3.281,-0.382,-12.794,1.787
162.007,-19.319,-53.085,-2.635,-2.127,-13.335,1.665
162.019,-28.097,-24.608,-1.541,-3.791,-13.789,1.411
162.031,-4.168,-9.790,-0.456,-4.714,-14.124,1.078
162.043,49.698,-12.550,0.325,-5.171,-14.327,0.715
162.054,67.871,15.547,0.741,-5.489,-14.454,0.352
162.066,-44.109,0.577,1.139,-6.317,-14.526,-0.018
162.078,-39.643,23.337,1.234,-7.330,-14.550,-0.399
162.090,-35.799,8.573,0.747,-7.884,-14.552,-0.779
162.102,-21.773,2.262,0.269,-7.983,-14.530,-1.149
162.114,-4.780,1.096,-0.454,-7.406,-14.546,-1.515
162.125,11.817,3.469,-0.834,-6.446,-14.596,-1.824
162.137,32.396,24.026,-0.699,-5.465,-14.655,-2.053
162.149,22.024,45.870,-0.122,-4.432,-14.732,-2.226
162.161,4.276,63.285,0.536,-3.331,-14.800,-2.356
162.172,-1.199,65.189,1.015,-1.905,-14.867,-2.407
162.184,-7.798,58.541,1.281,-0.774,-14.948,-2.403
162.196,-13.052,50.843,0.991,0.876,-15.082,-2.320
162.208,-19.735,31.880,0.335,2.683,-15.261,-2.147
162.220,-27.355,-10.903,-0.447,4.143,-15.484,-1.871
162.231,-33.702,-35.450,-0.818,4.909,-15.759,-1.544
162.243,-34.676,-39.626,-1.175,4.885,-16.016,-1.218
162.255,-34.979,-29.554,-1.207,4.129,-16.260,-0.943
162.267,-24.000,17.752,-0.915,3.129,-16.472,-0.759
162.279,3.438,27.090,-0.513,2.294,-16.606,-0.648
162.291,25.873,25.649,0.025,1.631,-16.633,-0.602
162.302,61.209,4.548,1.026,1.689,-16.517,-0.573
162.314,51.738,-38.026,1.608,1.759,-16.260,-0.507
162.325,4.561,-75.814,1.762,1.595,-15.888,-0.388
162.336,-30.114,-56.406,1.555,1.041,-15.408,-0.263
162.347,16.996,-29.784,1.580,0.510,-14.891,-0.154
162.359,35.392,-49.125,2.501,0.125,-14.371,-0.088
162.370,40.402,-45.549,3.504,-0.418,-13.796,-0.036
162.381,-5.314,-84.067,3.956,-0.925,-13.187,0.029
162.392,-33.989,-44.415,3.370,-1.904,-12.558,0.078
162.403,3.587,-45.870,2.920,-2.768,-11.991,0.112
162.414,31.325,-53.943,3.338,-3.733,-11.494,0.084
162.424,-0.354,56.910,3.627,-3.398,-11.025,0.048
162.435,-9.800,35.466,3.272,-1.270,-10.589,0.083
162.446,7.490,-7.513,2.941,0.281,-10.189,0.217
162.457,1.937,-48.922,2.672,1.141,-9.816,0.428
162.469,-14.052,-11.239,2.324,1.980,-9.480,0.676
162.480,-12.800,-11.203,2.085,3.143,-9.147,0.933
162.491,46.054,-0.677,2.334,4.101,-8.823,1.182
162.502,69.763,-19.685,3.029,4.631,-8.478,1.437
162.513,41.083,-46.951,3.786,4.674,-8.077,1.666
162.524,-21.924,-14.001,4.043,4.508,-7.645,1.830
162.535,5.478,-28.014,4.343,4.081,-7.190,1.941
162.547,9.230,-67.584,4.806,3.604,-6.721,1.999
162.559,-3.584,-85.477,5.686,2.482,-6.232,1.972
162.571,-29.838,-57.289,6.389,1.175,-5.736,1.856
162.582,4.710,-15.571,6.526,0.163,-5.234,1.661
162.594,31.039,9.595,6.295,-0.363,-4.725,1.407
162.606,36.308,26.669,5.940,0.132,-4.212,1.163
162.618,62.883,26.915,5.743,1.133,-3.696,0.986
162.630,-2.788,73.050,5.875,2.239,-3.198,0.879
162.642,-47.101,41.190,6.160,3.400,-2.702,0.867
162.653,-56.104,26.553,6.340,4.025,-2.197,0.928
162.665,-49.928,9.867,5.556,4.231,-1.760,1.006
162.677,-29.901,-4.717,4.111,3.807,-1.434,1.088
162.689,-7.384,-14.555,2.480,2.703,-1.227,1.150
162.700,11.501,-17.466,1.274,1.090,-1.128,1.173
162.711,29.421,-29.039,0.791,-0.479,-1.130,1.124
162.723,48.460,-17.824,0.977,-1.987,-1.219,0.996
162.734,59.294,-18.235,1.266,-3.105,-1.345,0.799
162.746,60.375,-5.512,1.491,-4.018,-1.488,0.571
162.757,24.397,-18.850,1.401,-4.711,-1.674,0.341
162.769,3.897,-2.124,0.946,-5.448,-1.931,0.100
162.780,-13.434,15.291,0.317,-6.258,-2.254,-0.158
162.792,-10.192,53.952,-0.258,-6.826,-2.671,-0.436
162.804,-18.786,45.637,-0.887,-6.720,-3.165,-0.697
162.816,-22.062,34.363,-1.339,-6.436,-3.739,-0.937
162.828,-19.764,23.059,-2.081,-5.429,-4.352,-1.132
162.839,-10.370,13.288,-2.828,-4.055,-5.010,-1.246
162.851,6.250,3.574,-3.152,-2.638,-5.662,-1.278
162.863,21.151,-1.507,-2.664,-1.467,-6.308,-1.289
162.875,-30.134,3.032,-1.549,-0.683,-6.900,-1.279
162.886,-27.309,-2.527,-0.165,-0.014,-7.405,-1.261
162.898,-3.833,-31.356,1.151,0.563,-7.748,-1.275
162.910,32.574,-56.507,1.982,0.870,-7.905,-1.291
162.922,40.691,-48.786,2.204,0.430,-7.903,-1.327
162.934,65.048,15.714,2.044,-0.626,-7.789,-1.420
162.945,-10.308,10.415,1.930,-1.570,-7.547,-1.577
162.955,9.725,6.016,1.731,-2.297,-7.205,-1.773
162.966,64.941,-20.508,1.854,-2.815,-6.792,-2.001
162.976,-4.918,-77.212,1.887,-3.539,-6.314,-2.241
162.987,-34.093,-29.632,1.562,-4.082,-5.773,-2.496
162.997,-6.092,53.957,1.319,-3.816,-5.193,-2.772
163.008,3.025,41.316,1.302,-3.217,-4.603,-3.043
163.018,-4.306,1.738,1.348,-2.880,-4.000,-3.293
163.028,17.344,32.452,1.625,-2.419,-3.393,-3.524
163.039,29.947,23.365,2.136,-1.895,-2.760,-3.713
163.049,-12.536,-62.704,2.202,-2.585,-2.152,-3.887
163.060,-24.003,-57.329,1.315,-4.153,-1.607,-4.112
163.070,-45.649,44.105,0.287,-4.409,-1.130,-4.392
163.081,-12.606,61.877,-0.416,-3.809,-0.726,-4.641
163.091,31.364,-13.787,-0.630,-3.346,-0.354,-4.857
163.102,47.195,-18.616,-0.405,-3.210,-0.002,-5.038
163.112,12.365,35.275,-0.163,-2.757,0.345,-5.192
163.123,-30.487,27.842,-0.318,-2.105,0.709,-5.284
163.133,-21.428,-18.605,-0.542,-1.817,1.071,-5.337
163.144,38.118,-49.648,-0.387,-1.885,1.442,-5.359
163.154,-14.601,-72.877,-0.246,-2.092,1.871,-5.349
163.164,-41.002,-22.305,-0.447,-2.236,2.407,-5.299
163.175,-5.567,36.350,-0.402,-1.493,2.992,-5.203
163.186,42.631,44.851,0.417,-0.204,3.619,-4.989
163.196,56.535,19.928,1.238,0.387,4.366,-4.663
163.208,5.265,-31.958,1.413,0.276,5.212,-4.283
163.219,-4.196,-28.566,1.072,-0.501,6.057,-3.878
163.231,-11.215,-23.257,0.462,-1.262,6.888,-3.486
163.243,-21.845,-11.881,-0.364,-1.641,7.584,-3.138
163.254,-44.177,23.400,-1.228,-1.380,8.089,-2.837
163.265,2.339,82.331,-1.651,-0.666,8.485,-2.542
163.277,42.211,45.374,-1.363,0.062,8.804,-2.197
163.289,40.694,-7.618,-1.088,0.153,9.093,-1.844
163.300,10.805,-29.820,-1.078,-0.181,9.325,-1.505
163.312,-16.987,-31.597,-1.578,-1.015,9.496,-1.239
163.324,-55.567,-7.587,-2.707,-1.523,9.576,-1.072
163.336,-67.585,13.058,-3.820,-1.426,9.537,-0.953
163.347,-20.711,51.647,-4.516,-1.116,9.444,-0.839
163.359,63.509,9.091,-4.401,-0.996,9.342,-0.722
163.371,37.662,-47.274,-3.666,-1.518,9.279,-0.613
163.383,2.768,-38.938,-3.258,-1.968,9.273,-0.537
163.395,-13.664,10.589,-3.377,-1.787,9.317,-0.469
163.406,-9.313,28.656,-3.595,-0.547,9.374,-0.378
163.418,7.402,52.829,-3.550,0.778,9.444,-0.224
163.430,34.539,50.254,-3.237,1.334,9.558,0.001
163.442,-10.348,-37.765,-3.106,1.079,9.742,0.270
163.454,-19.872,5.272,-3.293,0.287,10.001,0.544
163.465,20.178,15.724,-3.153,-0.358,10.341,0.805
163.477,62.062,-17.178,-2.348,-1.422,10.810,1.058
163.489,46.016,-41.158,-1.820,-3.155,11.465,1.295
163.501,-32.311,-46.653,-2.253,-5.023,12.292,1.505
163.513,-10.280,-27.677,-3.192,-6.982,13.286,1.687
163.524,16.528,-55.290,-3.509,-8.920,14.365,1.804
163.536,14.287,-74.611,-3.391,-10.351,15.572,1.861
163.548,-50.160,39.829,-3.433,-10.465,16.888,1.877
163.560,4.026,26.319,-3.351,-8.685,18.325,1.948
163.572,12.678,5.526,-2.812,-6.511,19.762,2.095
163.584,-12.218,-25.314,-2.334,-4.902,21.177,2.305
163.595,-38.474,5.349,-2.276,-3.231,22.532,2.517
163.607,-27.830,1.654,-2.380,-2.305,23.759,2.726
163.619,14.739,-33.296,-2.642,-3.067,24.756,2.877
163.631,39.379,45.022,-2.586,-3.773,25.500,2.926
163.643,-4.352,-35.928,-2.349,-3.643,25.987,2.866
163.655,-13.983,-49.833,-2.190,-3.380,26.199,2.746
163.666,-26.457,14.363,-2.857,-3.197,26.140,2.627
163.677,12.244,-61.902,-3.574,-3.558,25.687,2.471
163.687,-22.790,-20.894,-3.842,-5.796,24.974,2.216
163.698,-42.057,-24.845,-4.763,-7.393,24.092,1.873
163.708,-7.566,-32.076,-5.077,-8.901,23.038,1.444
163.719,-63.600,2.747,-5.411,-9.871,21.839,0.926
163.729,15.183,-18.201,-5.320,-9.911,20.542,0.364
163.739,-44.843,44.763,-4.947,-9.720,19.189,-0.208
163.750,42.457,22.399,-4.578,-8.806,17.811,-0.759
163.761,0.998,25.728,-4.022,-7.998,16.439,-1.263
163.771,4.132,25.230,-4.254,-6.967,15.062,-1.734
163.781,-4.998,-5.528,-4.159,-6.429,13.719,-2.145
163.792,-35.803,-51.301,-4.471,-5.973,12.399,-2.525
163.802,-6.437,43.759,-4.526,-5.785,11.128,-2.902
163.813,15.834,-2.691,-4.251,-5.050,9.934,-3.248
163.823,-5.646,28.714,-3.922,-4.473,8.788,-3.568
163.834,26.017,6.441,-3.245,-3.574,7.709,-3.850
163.844,-82.207,-0.952,-2.643,-3.196,6.673,-4.094
163.855,-17.559,-61.750,-2.709,-2.927,5.684,-4.335
163.865,4.946,-10.000,-2.267,-3.050,4.732,-4.574
163.876,-30.968,58.953,-2.189,-2.365,3.777,-4.852
163.886,78.132,6.205,-1.292,-1.771,2.850,-5.115
163.897,-18.932,14.792,-1.003,-1.150,1.921,-5.361
163.907,-12.713,-53.043,-1.736,-1.595,0.952,-5.595
163.917,4.295,6.386,-1.905,-2.479,-0.064,-5.865
163.928,23.633,8.127,-1.707,-2.529,-1.114,-6.178
163.938,-20.255,24.927,-1.650,-2.440,-2.223,-6.532
163.949,3.962,-11.517,-1.570,-2.428,-3.302,-6.891
163.959,12.225,-53.347,-1.111,-3.011,-4.372,-7.291
163.970,-24.257,58.624,-0.973,-2.891,-5.411,-7.727
163.980,22.155,-25.025,-0.386,-3.241,-6.402,-8.150
163.991,-15.391,-40.726,0.187,-4.087,-7.325,-8.582
164.001,-16.367,25.735,-0.115,-3.640,-8.171,-9.014
164.012,83.722,-0.770,0.327,-3.081,-8.957,-9.411
164.022,-20.032,-51.635,0.495,-3.666,-9.653,-9.813
164.034,-21.900,-30.151,0.416,-3.916,-10.264,-10.244
164.046,40.313,16.159,0.633,-3.797,-10.776,-10.664
164.058,34.693,-39.423,1.425,-3.869,-11.104,-11.021
164.069,29.694,2.554,2.484,-4.016,-11.234,-11.330
164.081,46.736,5.542,3.768,-3.829,-11.197,-11.575
164.093,30.991,-50.417,4.312,-3.900,-11.020,-11.736
164.105,35.926,-32.878,4.700,-4.772,-10.678,-11.842
164.117,28.711,-60.694,5.046,-5.999,-10.209,-11.893
164.129,8.517,-68.162,4.936,-6.546,-9.635,-11.885
164.141,48.108,1.587,4.749,-6.552,-8.969,-11.786
164.152,23.141,-42.448,4.533,-6.551,-8.286,-11.605
164.164,19.883,-43.989,4.022,-7.114,-7.627,-11.345
164.176,60.734,-28.771,4.019,-7.596,-7.046,-11.029
164.188,42.156,-32.912,4.425,-8.124,-6.510,-10.639
164.200,5.348,-42.240,4.360,-9.087,-6.095,-10.187
164.212,16.726,3.607,4.394,-9.604,-5.879,-9.670
164.223,22.271,21.549,4.733,-9.444,-5.870,-9.105
164.235,-61.938,9.646,4.763,-9.167,-6.089,-8.497
164.247,-37.553,8.440,3.831,-8.188,-6.599,-7.806
164.259,-27.199,4.529,2.766,-7.139,-7.398,-7.059
164.271,-15.089,16.671,1.809,-5.342,-8.488,-6.243
164.282,35.004,31.858,1.261,-3.878,-9.832,-5.427
164.294,-12.088,39.571,0.449,-2.254,-11.379,-4.599
164.306,-4.189,-44.314,-0.512,-1.342,-13.025,-3.792
164.317,40.735,12.745,-0.579,-1.059,-14.490,-3.112
164.327,-5.334,-73.447,-0.314,-1.845,-15.887,-2.577
164.338,13.985,28.555,-0.389,-1.327,-17.125,-2.182
164.348,7.475,-76.685,-0.076,-2.329,-18.243,-1.951
164.359,4.421,26.010,-0.326,-1.642,-19.150,-1.840
164.369,16.561,-57.341,-0.457,-2.115,-19.876,-1.822
164.380,-17.613,9.681,-0.706,-1.738,-20.368,-1.900
164.390,-4.780,-33.176,-1.346,-1.258,-20.624,-2.024
164.400,-15.849,50.882,-2.054,-0.765,-20.698,-2.189
164.411,-35.208,-6.637,-2.968,0.434,-20.595,-2.328
164.421,12.133,71.347,-3.362,1.002,-20.346,-2.472
164.432,-23.361,13.828,-3.444,1.402,-19.929,-2.598
164.442,-3.521,-26.496,-3.314,1.514,-19.376,-2.678
164.453,32.679,5.324,-2.313,0.990,-18.676,-2.738
164.463,-7.487,-74.906,-1.678,-0.025,-17.852,-2.796
164.474,-9.293,49.526,-2.000,0.187,-16.935,-2.837
164.484,-23.650,-66.389,-2.036,0.305,-16.001,-2.852
164.495,36.686,52.520,-1.660,0.127,-15.083,-2.834
164.505,-19.471,-58.626,-1.197,-0.529,-14.134,-2.801
164.515,18.134,42.433,-1.044,-0.928,-13.187,-2.749
164.525,-33.485,-53.257,-1.230,-1.526,-12.246,-2.712
164.535,15.924,71.807,-1.465,-1.723,-11.355,-2.703
164.546,-6.204,-44.120,-1.536,-1.881,-10.470,-2.720
164.556,31.013,47.818,-1.069,-2.028,-9.608,-2.764
164.566,-62.160,-7.181,-1.210,-1.573,-8.728,-2.824
164.577,49.545,35.400,-1.089,-1.186,-7.869,-2.886
164.587,-1.142,-78.265,-0.730,-1.054,-7.025,-2.960
164.598,-18.038,26.552,-1.003,-1.209,-6.182,-3.066
164.609,13.981,48.335,-1.001,-0.237,-5.328,-3.206
164.620,-7.900,-81.621,-0.942,-0.202,-4.512,-3.366
164.631,-17.093,-65.598,-1.204,-1.079,-3.740,-3.566
164.643,10.898,22.618,-1.205,-1.225,-2.980,-3.816
164.654,12.939,34.523,-0.797,-0.199,-2.211,-4.104
164.666,9.381,37.363,-0.489,0.986,-1.483,-4.357
164.678,-5.188,25.625,-0.415,1.710,-0.820,-4.587
164.690,-3.845,-77.272,-0.584,1.004,-0.257,-4.789
164.701,5.580,-80.094,-0.872,-0.875,0.187,-5.023
164.713,-2.957,-52.935,-1.220,-2.055,0.556,-5.332
164.725,-34.321,53.525,-1.944,-2.134,0.842,-5.630
164.736,-31.393,28.009,-2.902,-1.749,1.015,-5.845
164.748,-8.747,-67.094,-3.552,-2.381,1.109,-5.994
164.759,-17.834,-46.828,-3.962,-3.571,1.136,-6.112
164.771,-33.201,-42.052,-4.378,-4.238,1.086,-6.246
164.782,-23.227,-65.936,-4.282,-4.331,1.006,-6.326
164.794,-1.961,-20.807,-3.954,-4.176,0.957,-6.322
164.805,-40.487,-32.882,-4.026,-4.253,0.932,-6.259
164.816,-54.265,-35.469,-4.654,-4.739,0.948,-6.158
164.828,11.268,-36.308,-4.660,-5.345,1.023,-6.021
164.839,14.039,45.070,-4.529,-5.856,1.186,-5.862
164.850,-57.356,23.448,-5.229,-5.864,1.446,-5.662
164.862,8.899,-40.026,-5.856,-7.095,1.789,-5.449
164.873,13.207,12.974,-5.905,-7.864,2.242,-5.260
164.885,33.666,16.341,-5.287,-7.524,2.817,-5.087
164.896,4.203,85.714,-4.740,-6.443,3.546,-4.900
164.907,15.601,50.496,-4.388,-4.891,4.434,-4.642
164.919,6.086,-23.092,-3.896,-4.499,5.415,-4.329
164.930,-18.331,29.606,-3.917,-3.739,6.391,-3.984
164.941,32.265,-54.821,-3.671,-3.340,7.274,-3.635
164.952,-25.638,-32.841,-2.854,-4.316,8.134,-3.319
164.962,44.621,44.953,-2.242,-4.180,8.925,-3.033
164.973,3.955,10.051,-1.070,-4.183,9.559,-2.765
164.983,-21.575,-64.839,-1.123,-4.046,10.060,-2.498
164.993,42.514,11.052,-0.990,-4.600,10.442,-2.260
165.003,1.362,29.384,-0.613,-3.512,10.701,-2.039
165.015,3.184,26.893,-0.586,-2.880,10.824,-1.709
165.025,-5.604,-46.154,-0.481,-2.992,10.782,-1.421
165.035,-12.312,21.972,-0.901,-3.196,10.628,-1.138
165.045,17.010,-54.055,-1.049,-3.414,10.317,-0.906
165.055,-4.955,50.452,-1.376,-2.436,9.911,-0.682
165.065,1.403,-71.987,-1.464,-1.615,9.405,-0.432
165.077,-23.319,-60.479,-1.884,-1.327,8.677,-0.112
165.087,-14.715,62.436,-2.554,-1.393,8.000,0.119
165.100,22.248,4.235,-2.342,-1.505,7.068,0.347
165.110,49.652,-40.009,-1.424,-1.632,6.282,0.501
165.120,-17.776,14.707,-1.553,-1.290,5.491,0.625
165.131,13.418,-24.773,-1.102,-1.594,4.665,0.741
165.141,-16.743,24.482,-0.718,-2.015,3.819,0.799
165.153,-7.325,75.078,-0.619,-1.241,2.945,0.822
165.164,17.116,-0.649,-0.262,-0.790,2.131,0.831
165.175,-2.219,-65.961,-0.057,-1.534,1.361,0.772
165.185,-15.004,72.625,-0.197,-2.022,0.651,0.609
165.197,10.788,42.210,-0.078,-1.823,-0.009,0.371
165.208,15.131,-53.082,0.279,-2.496,-0.615,0.076
165.220,0.626,-89.341,0.462,-4.501,-1.192,-0.339
165.232,2.995,-86.510,0.503,-6.580,-1.678,-0.919
165.244,27.095,-20.966,0.516,-7.334,-2.063,-1.602
165.256,-0.107,50.068,0.349,-6.899,-2.377,-2.363
165.268,-13.587,44.046,-0.470,-4.811,-2.638,-3.072
165.280,-30.398,25.472,-1.705,-2.443,-2.902,-3.650
165.292,-30.691,16.407,-2.835,-0.909,-3.183,-4.093
165.304,-23.568,17.288,-3.672,0.137,-3.490,-4.417
165.316,23.706,47.034,-4.016,0.709,-3.812,-4.589
165.328,-9.379,-55.155,-4.158,0.738,-4.093,-4.645
165.339,-45.110,-29.638,-4.750,0.282,-4.340,-4.592
165.351,-36.883,0.068,-5.528,0.289,-4.581,-4.405
165.362,3.252,67.731,-5.565,1.141,-4.867,-4.091
165.373,36.822,31.212,-4.599,2.557,-5.108,-3.620
165.384,0.817,-56.995,-3.790,2.088,-5.310,-3.046
165.394,28.991,-59.443,-3.203,1.422,-5.525,-2.444
165.405,-16.306,63.720,-2.780,1.349,-5.702,-1.802
165.416,-6.039,-20.731,-2.428,0.637,-5.841,-1.100
165.426,29.648,-48.624,-1.639,-1.263,-5.953,-0.446
165.437,17.509,19.397,-0.904,-2.577,-5.990,0.127
165.448,-27.661,16.472,-1.014,-2.940,-5.965,0.632
165.459,-33.919,24.198,-1.551,-2.800,-5.919,1.148
165.469,-35.923,54.024,-1.686,-2.622,-5.850,1.666
165.480,50.148,34.983,-1.598,-2.364,-5.709,2.175
165.491,21.674,10.615,-1.166,-2.511,-5.483,2.680
165.502,14.817,-8.320,-0.461,-3.135,-5.168,3.194
165.514,-7.230,3.846,0.481,-4.179,-4.779,3.661
165.526,-18.737,-0.124,1.127,-5.180,-4.321,4.068
165.537,-21.999,-15.842,1.197,-5.906,-3.810,4.401
165.549,-18.611,-47.110,0.668,-6.499,-3.301,4.700
165.561,-39.098,-47.026,-0.012,-7.238,-2.795,4.971
165.573,-34.316,-53.639,-0.557,-7.537,-2.314,5.205
165.585,-3.618,-71.016,-1.577,-7.994,-1.894,5.384
165.596,19.184,-33.987,-2.267,-8.455,-1.562,5.511
165.608,6.544,0.807,-2.288,-8.691,-1.285,5.636
165.619,-32.331,-27.391,-1.857,-8.903,-1.103,5.681
165.629,-77.203,-11.592,-1.248,-9.032,-1.033,5.638
165.640,-7.621,30.399,-0.286,-7.963,-1.000,5.569
165.651,14.748,11.909,0.452,-6.668,-0.980,5.502
165.661,65.109,-1.601,0.823,-5.725,-0.988,5.423
165.671,30.769,-0.779,0.937,-4.799,-1.025,5.364
165.682,14.420,-69.038,0.674,-5.015,-1.096,5.308
165.693,30.099,-56.186,0.496,-5.750,-1.206,5.171
165.703,7.297,13.718,1.198,-5.695,-1.301,4.967
165.714,-8.014,5.272,1.726,-5.290,-1.384,4.700
165.725,-66.971,-7.510,1.303,-4.766,-1.457,4.404
165.735,12.608,3.036,-0.275,-3.741,-1.586,4.143
165.746,5.235,-15.030,-1.606,-2.913,-1.805,3.917
165.757,-22.570,-61.711,-2.616,-2.756,-2.100,3.744
165.767,-79.066,-9.406,-3.310,-2.965,-2.466,3.556
165.778,-15.450,49.034,-3.591,-1.984,-2.836,3.362
165.789,9.934,34.609,-3.895,-0.422,-3.157,3.211
165.800,-19.353,-20.368,-4.485,0.293,-3.452,3.146
165.810,-63.610,-25.624,-4.997,-0.002,-3.761,3.110
165.821,-35.695,24.402,-5.159,-0.349,-4.085,3.052
165.832,-6.039,31.823,-4.734,-0.109,-4.362,2.891
165.842,27.679,12.339,-4.248,0.535,-4.618,2.707
165.853,67.824,-21.777,-3.827,0.734,-4.835,2.527
165.864,38.731,-6.538,-2.957,0.368,-5.006,2.348
165.874,-4.670,-0.848,-1.421,-0.376,-5.091,2.076
165.885,-0.462,-36.898,-0.298,-1.057,-5.076,1.684
165.896,41.660,-45.423,0.222,-1.497,-4.998,1.186
165.907,44.330,-13.320,0.338,-1.633,-4.815,0.623
165.917,28.841,-13.328,0.468,-1.894,-4.541,0.011
165.928,18.159,-44.729,0.616,-2.283,-4.211,-0.648
165.939,-19.143,-9.523,0.742,-2.567,-3.827,-1.342
165.949,-72.846,16.287,0.385,-2.413,-3.368,-2.044
165.960,-24.497,16.987,-0.161,-2.048,-2.875,-2.727
165.971,-19.294,27.638,-0.351,-1.592,-2.303,-3.450
165.982,-68.493,4.170,-1.255,-0.678,-1.753,-4.129
165.993,-65.068,-16.965,-3.385,0.316,-1.255,-4.721
166.005,-1.339,-19.704,-5.529,1.625,-0.832,-5.206
166.015,-19.634,57.678,-6.608,2.849,-0.499,-5.588
166.025,-81.893,-7.692,-7.613,3.602,-0.243,-5.891
166.037,-22.451,8.020,-7.857,4.116,0.006,-6.170
166.047,20.018,-6.916,-7.739,4.518,0.166,-6.363
166.059,12.677,-31.085,-7.727,3.976,0.281,-6.541
166.071,-50.337,-7.406,-7.523,2.443,0.319,-6.741
166.081,35.609,6.239,-6.539,1.335,0.324,-6.965
166.091,-5.485,-74.587,-4.875,-0.481,0.327,-7.257
166.101,-6.194,10.811,-4.339,-1.682,0.360,-7.605
166.113,21.443,16.120,-3.712,-1.294,0.326,-8.062
166.125,43.774,8.898,-3.254,-0.687,0.277,-8.460
166.136,-37.623,-49.842,-2.910,-0.748,0.228,-8.782
166.146,52.502,31.778,-2.197,-0.474,0.163,-9.077
166.156,-5.091,-59.104,-1.974,-1.018,0.107,-9.392
166.167,-26.708,6.032,-2.350,-1.216,0.038,-9.737
166.178,-47.815,37.390,-3.232,0.273,-0.076,-10.026
166.188,-2.860,15.647,-4.077,1.517,-0.273,-10.204
166.199,63.204,-12.431,-4.332,2.149,-0.550,-10.313
166.210,-53.799,-18.687,-4.731,2.186,-0.865,-10.377
166.220,-1.390,81.838,-4.960,2.635,-1.171,-10.355
166.232,-14.227,41.073,-4.222,2.925,-1.513,-10.165
166.242,-0.136,8.724,-3.730,3.345,-1.785,-9.967
166.254,3.580,13.489,-2.733,3.864,-2.105,-9.556
166.266,-2.588,65.647,-1.989,5.035,-2.334,-9.008
166.277,-31.227,49.137,-2.301,6.001,-2.523,-8.326
166.288,-28.105,-0.722,-2.240,5.450,-2.686,-7.583
166.299,5.069,-12.563,-2.021,4.514,-2.865,-6.857
166.311,-28.193,17.420,-1.840,3.737,-3.037,-6.166
166.322,-50.531,28.404,-2.295,3.311,-3.236,-5.532
166.333,-74.518,-13.191,-2.161,2.289,-3.477,-4.994
166.344,7.275,-72.435,-1.413,0.494,-3.728,-4.590
166.356,20.102,-61.350,0.169,-1.122,-3.936,-4.339
166.367,37.790,-41.026,0.939,-1.710,-4.159,-4.212
166.379,22.992,-21.134,1.279,-1.058,-4.390,-4.139
166.391,47.564,5.214,0.958,-0.322,-4.640,-4.056
166.402,-24.847,-64.811,0.483,-0.238,-4.898,-3.964
166.412,-23.577,-18.884,-0.084,-0.224,-5.129,-3.821
166.424,-20.019,-0.677,-0.590,0.710,-5.345,-3.576
166.435,-32.976,55.237,-1.268,1.374,-5.529,-3.315
166.445,-3.756,-77.024,-1.568,0.530,-5.673,-2.985
166.456,-16.403,-52.818,-2.056,-1.815,-5.767,-2.658
166.467,-20.672,61.864,-2.436,-2.786,-5.831,-2.331
166.477,-5.797,-23.910,-2.212,-3.184,-5.832,-1.943
166.488,1.576,-37.343,-1.606,-3.981,-5.750,-1.496
166.500,-37.843,19.709,-1.101,-3.808,-5.642,-0.951
166.511,-27.739,-49.236,-0.636,-2.820,-5.510,-0.270
166.523,-10.264,-37.903,-0.062,-1.765,-5.389,0.527
166.535,-2.135,-79.969,0.450,-0.898,-5.270,1.457
166.547,21.703,5.130,0.610,-0.400,-5.153,2.492
166.559,10.890,28.340,0.530,0.057,-5.051,3.614
166.571,13.395,39.172,0.210,0.868,-4.967,4.843
166.583,10.540,43.643,-0.021,2.256,-4.898,6.140
166.595,4.385,40.412,-0.186,3.109,-4.848,7.517
166.607,9.305,21.511,-0.194,4.263,-4.792,8.934
166.619,10.450,-16.617,-0.178,5.018,-4.743,10.390
166.631,13.940,-75.581,-0.355,5.307,-4.691,11.848
166.644,-21.224,-68.129,-0.607,5.409,-4.644,13.227
166.655,-41.111,-7.475,-1.437,5.502,-4.605,14.385
166.667,-2.568,3.082,-2.130,5.474,-4.511,15.345
166.679,23.056,0.613,-2.185,4.902,-4.415,16.137
166.689,-5.837,-43.910,-2.060,4.283,-4.335,16.639
166.699,-2.868,17.874,-2.060,3.977,-4.237,17.008
166.710,3.899,57.981,-1.834,3.829,-4.093,17.207
166.720,-38.779,12.683,-1.969,3.807,-3.900,17.249
166.731,7.390,-63.628,-1.952,3.376,-3.706,17.133
166.741,14.930,64.304,-1.654,3.241,-3.458,16.893
166.752,16.607,-29.560,-1.286,3.107,-3.171,16.545
166.762,5.780,-79.002,-0.947,2.164,-2.890,16.084
166.772,7.656,30.293,-0.738,1.884,-2.554,15.471
166.783,-1.447,-6.391,-0.514,1.826,-2.232,14.714
166.793,-59.335,-30.158,-0.674,1.379,-1.912,13.853
166.804,-1.881,52.026,-0.846,1.525,-1.594,12.884
166.814,68.961,-20.990,-0.677,1.696,-1.318,11.864
166.825,2.416,-84.935,-0.537,0.706,-1.056,10.805
166.835,10.127,36.231,-0.475,0.634,-0.748,9.717
166.846,-26.069,25.273,-0.769,1.474,-0.435,8.638
166.856,-22.679,-56.437,-1.296,1.349,-0.166,7.566
166.867,45.659,35.780,-1.034,1.422,0.047,6.482
166.877,-10.460,-2.124,-0.895,1.575,0.303,5.436
166.888,-0.766,-14.481,-1.047,1.303,0.582,4.411
166.898,-41.137,9.098,-1.042,1.203,0.829,3.420
166.908,8.628,14.093,-1.085,1.140,1.065,2.473
166.920,34.580,31.017,-0.853,1.017,1.313,1.370
166.930,-8.236,-61.711,-0.702,0.752,1.536,0.474
166.941,-10.189,8.848,-1.252,0.222,1.761,-0.361
166.951,15.066,63.202,-1.190,0.761,1.948,-1.122
166.963,-13.353,32.552,-1.145,-0.035,2.139,-1.941
166.973,38.224,-46.362,-0.676,-1.360,2.317,-2.627
166.984,8.839,-66.143,-0.170,-2.768,2.508,-3.338
166.994,-22.039,16.908,-0.713,-2.758,2.681,-4.015
167.005,3.988,79.364,-1.030,-1.543,2.770,-4.598
167.015,-20.060,-68.954,-1.011,-0.842,2.823,-5.053
167.025,29.265,-15.457,-0.850,-0.663,2.858,-5.407
167.036,20.291,54.299,-0.477,-0.123,2.851,-5.691
167.046,-35.667,-37.162,-0.813,-0.131,2.797,-5.904
167.057,57.074,-31.657,-1.129,-0.438,2.659,-6.057
167.067,-17.775,25.645,-1.407,0.166,2.504,-6.132
167.077,13.013,26.399,-1.434,0.995,2.294,-6.113
167.088,3.513,-67.210,-0.962,0.757,2.022,-6.021
167.098,-7.962,10.859,-1.015,0.790,1.751,-5.891
167.108,-13.313,69.487,-1.116,1.944,1.458,-5.663
167.119,-5.363,-72.418,-1.287,2.316,1.139,-5.339
167.129,64.828,-3.773,-0.886,2.255,0.792,-4.945
167.140,-41.435,3.821,-0.829,2.465,0.458,-4.525
167.151,-41.045,22.188,-0.977,2.558,0.094,-4.089
167.162,-16.577,60.382,-0.744,2.962,-0.307,-3.649
167.173,64.513,15.055,-0.266,3.173,-0.718,-3.200
167.185,30.189,-4.977,0.624,2.855,-1.113,-2.779
167.196,56.551,-18.869,1.680,2.347,-1.505,-2.401
167.208,-7.764,-72.431,1.673,1.167,-1.903,-2.111
167.219,-29.183,-46.806,1.207,0.367,-2.318,-1.925
167.231,0.364,45.447,0.929,0.698,-2.733,-1.819
167.243,-15.247,25.888,0.709,1.669,-3.147,-1.737
167.254,2.916,15.245,0.534,2.455,-3.517,-1.659
167.266,19.083,36.889,0.612,3.098,-3.858,-1.580
167.277,-60.439,-26.402,0.180,2.980,-4.179,-1.503
167.289,-39.103,49.097,-0.210,2.903,-4.444,-1.418
167.300,-26.919,-60.092,-0.322,2.496,-4.658,-1.347
167.311,42.055,1.952,0.259,2.051,-4.789,-1.273
167.323,36.997,-34.774,1.390,1.732,-4.804,-1.192
167.334,10.891,6.268,1.923,1.568,-4.707,-1.112
167.346,-29.869,37.318,1.952,1.962,-4.526,-1.018
167.357,-51.724,15.078,1.828,1.956,-4.302,-0.900
167.369,45.322,-16.216,2.126,1.887,-4.073,-0.772
167.380,14.065,-60.085,2.814,0.726,-3.803,-0.663
167.391,19.948,21.890,3.340,0.342,-3.467,-0.571
167.403,-15.405,7.652,3.260,0.811,-3.100,-0.471
167.414,-12.250,28.311,2.677,1.335,-2.711,-0.328
167.426,6.347,-31.936,2.464,1.762,-2.361,-0.160
167.437,5.658,-48.756,2.392,1.329,-2.036,0.002
167.448,42.059,23.575,2.694,1.562,-1.698,0.153
167.460,-17.309,-2.430,2.684,1.784,-1.369,0.260
167.471,-11.658,8.501,1.922,1.904,-1.098,0.347
167.482,9.554,-17.219,1.559,2.065,-0.917,0.414
167.494,-6.863,-47.967,1.456,1.790,-0.785,0.427
167.505,30.235,23.422,1.793,2.085,-0.663,0.413
167.517,12.249,-3.084,1.937,2.160,-0.521,0.417
167.528,-16.733,-0.289,1.463,1.886,-0.390,0.423
167.539,-0.330,8.850,1.208,1.805,-0.295,0.437
167.549,12.978,15.844,1.296,1.441,-0.218,0.448
167.559,-23.813,-20.709,1.557,1.685,-0.174,0.483
167.569,47.152,42.795,1.658,1.705,-0.152,0.542
167.581,28.045,-0.726,1.997,1.828,-0.138,0.609
167.593,-11.687,-3.484,2.143,1.884,-0.131,0.679
167.605,8.635,36.982,2.640,2.587,-0.088,0.811
167.615,-9.238,-64.240,3.105,2.713,-0.035,0.965
167.627,6.658,-29.189,3.199,2.289,0.000,1.164
167.638,-56.074,19.930,3.238,2.131,-0.005,1.319
167.648,32.314,12.423,3.355,2.273,0.006,1.494
167.658,-58.584,-29.792,3.165,1.353,-0.004,1.649
167.668,9.872,57.018,2.613,1.519,-0.046,1.782
167.678,28.810,-24.646,2.383,1.245,-0.105,1.917
167.690,43.092,3.521,1.840,1.119,-0.186,2.082
167.700,-2.732,-19.880,1.429,0.831,-0.270,2.214
167.712,52.177,-24.485,1.543,1.749,-0.352,2.376
167.722,-17.420,40.596,1.316,2.579,-0.389,2.519
167.732,12.493,-64.117,1.836,2.453,-0.409,2.644
167.744,1.512,-55.508,2.137,1.126,-0.309,2.715
167.755,4.993,16.727,2.387,0.742,-0.132,2.721
167.765,13.892,7.104,2.558,0.501,0.085,2.692
167.777,21.359,-11.169,2.557,0.458,0.364,2.609
167.788,-70.615,19.009,1.438,0.229,0.601,2.504
167.799,64.269,1.184,1.458,0.489,0.838,2.391
167.809,21.936,-23.441,1.870,-0.189,1.113,2.244
167.820,-37.841,-40.212,1.906,-0.545,1.446,2.071
167.830,14.559,49.367,1.743,-0.769,1.821,1.876
167.841,-51.155,15.148,1.820,-0.642,2.209,1.678
167.852,10.628,-9.946,1.623,-1.086,2.600,1.474
167.862,13.806,-47.140,1.827,-1.317,2.971,1.239
167.873,-3.679,37.150,1.518,-0.668,3.331,1.002
167.884,-35.634,-39.207,1.244,0.017,3.644,0.785
167.895,38.599,8.152,1.701,0.487,3.940,0.584
167.905,-19.988,-56.082,2.354,0.572,4.237,0.376
167.916,-39.618,22.965,1.957,0.956,4.513,0.155
167.928,8.297,67.357,1.821,2.021,4.736,-0.116
167.940,-24.124,0.957,1.575,2.659,4.909,-0.472
167.952,-42.260,-29.785,1.253,3.169,5.046,-0.959
167.964,-33.283,28.109,0.496,4.796,5.131,-1.615
167.975,20.276,29.705,0.031,7.218,5.175,-2.328
167.987,11.884,-52.329,-0.459,8.411,5.216,-3.204
167.999,-11.886,-55.907,-2.029,8.702,5.237,-4.257
168.011,-75.290,-12.958,-4.140,8.658,5.200,-5.429
168.023,0.992,11.357,-4.984,8.630,5.133,-6.769
168.035,25.811,-0.505,-4.452,8.400,5.056,-8.223
168.047,45.343,-43.459,-4.271,7.639,4.996,-9.794
168.059,-13.091,-38.462,-4.707,6.448,4.955,-11.389
168.071,-17.899,-65.899,-4.868,5.524,4.949,-12.944
168.084,-6.224,-46.609,-4.997,4.757,4.983,-14.429
168.096,-44.500,-33.182,-5.074,4.324,5.022,-15.771
168.108,-3.117,-64.040,-5.354,4.126,5.055,-16.929
168.120,-3.482,-48.911,-5.664,4.321,5.082,-17.863
168.132,18.330,-58.460,-5.721,4.600,5.066,-18.498
168.144,-10.285,-73.181,-5.635,4.108,5.024,-18.871
168.155,14.933,21.679,-5.505,4.364,4.999,-19.006
168.167,59.532,-18.474,-5.172,4.381,4.984,-18.942
168.179,-13.913,-20.347,-5.043,4.246,5.038,-18.703
168.191,13.624,25.049,-4.917,4.539,5.134,-18.308
168.202,57.523,-25.944,-4.422,4.623,5.137,-17.792
168.214,-62.197,-27.454,-4.965,3.997,5.057,-17.197
168.226,-41.025,-43.139,-6.356,3.072,4.839,-16.574
168.238,-40.139,-33.425,-7.515,2.073,4.440,-15.909
168.249,-7.467,45.032,-8.058,2.520,3.907,-15.164
168.261,10.966,69.839,-7.666,4.230,3.226,-14.276
168.273,15.578,33.683,-6.871,5.449,2.486,-13.226
168.285,2.462,30.536,-6.081,5.952,1.714,-11.998
168.296,-10.878,36.025,-5.732,5.863,0.851,-10.576
168.308,-15.048,-11.857,-5.452,4.920,-0.154,-9.024
168.320,8.587,-56.878,-5.154,2.556,-1.296,-7.438
168.331,-9.454,-75.857,-4.862,-0.214,-2.495,-5.952
168.343,-23.678,-52.770,-4.905,-2.279,-3.734,-4.550
168.354,-23.649,-17.384,-5.053,-3.379,-5.050,-3.210
168.365,7.697,-24.087,-4.632,-4.013,-6.320,-2.051
168.376,-14.254,22.246,-4.116,-3.882,-7.565,-1.075
168.386,4.486,25.220,-3.696,-3.114,-8.789,-0.245
168.397,-53.899,8.363,-3.531,-2.800,-9.981,0.413
168.408,-46.850,28.716,-4.148,-2.455,-11.099,0.927
168.419,-24.575,-13.838,-4.782,-2.590,-12.195,1.322
168.430,-50.916,-26.503,-5.739,-3.167,-13.126,1.481
168.441,-25.797,10.976,-6.956,-3.344,-13.966,1.450
168.453,-0.409,8.029,-7.546,-2.809,-14.651,1.263
168.465,-12.027,-45.249,-7.088,-2.034,-15.152,0.969
168.477,19.232,-36.695,-6.493,-1.669,-15.446,0.616
168.489,19.556,-20.611,-5.608,-2.218,-15.480,0.224
168.501,-8.785,-62.807,-4.558,-2.472,-15.245,-0.183
168.513,1.637,0.694,-3.344,-3.791,-14.795,-0.533
168.524,-6.284,20.255,-2.000,-5.148,-14.137,-0.848
168.536,-60.100,-16.842,-0.681,-5.792,-13.309,-1.100
168.548,-53.538,-20.626,0.105,-6.338,-12.383,-1.239
168.560,-16.494,2.473,0.143,-6.994,-11.415,-1.293
168.571,-7.006,-17.554,-0.023,-7.254,-10.424,-1.289
168.583,-21.991,-66.471,-0.105,-7.457,-9.435,-1.202
168.595,13.241,-3.056,-0.391,-8.435,-8.516,-1.052
168.607,18.390,47.913,-0.716,-9.475,-7.663,-0.887
168.619,4.741,61.748,-0.543,-9.685,-6.885,-0.703
168.631,-17.345,66.891,-0.058,-8.656,-6.157,-0.469
168.642,-44.899,-10.388,0.181,-6.918,-5.475,-0.110
168.654,11.012,-10.452,0.044,-5.507,-4.888,0.359
168.666,26.284,17.269,-0.295,-4.464,-4.406,0.916
168.677,26.156,32.425,-0.591,-3.593,-4.030,1.549
168.689,22.826,35.075,-0.540,-2.525,-3.726,2.297
168.701,51.425,8.565,-0.472,-1.613,-3.480,3.097
168.713,42.406,-47.504,-0.434,-0.889,-3.303,3.978
168.725,14.859,45.916,-0.419,-1.133,-3.233,4.874
168.737,-7.589,44.447,-0.766,-1.777,-3.218,5.711
168.749,-14.374,3.484,-1.476,-1.669,-3.219,6.442
168.760,11.582,10.162,-1.976,-1.132,-3.214,7.161
168.772,63.268,-26.089,-2.068,-0.078,-3.210,7.985
168.784,-30.752,-10.645,-2.075,0.372,-3.169,8.855
168.796,-72.072,-5.036,-2.549,-0.042,-3.054,9.721
168.808,-10.040,-19.847,-3.297,-0.462,-2.832,10.587
168.820,35.793,5.153,-3.952,-0.723,-2.501,11.440
168.832,26.961,57.045,-3.199,-0.960,-2.033,12.327
168.844,-43.155,46.402,-2.394,-0.779,-1.396,13.251
168.856,-5.378,-64.432,-2.699,-0.042,-0.586,14.237
168.868,22.481,-5.749,-2.812,0.257,0.329,15.255
168.879,29.412,29.131,-2.011,0.658,1.310,16.326
168.891,25.074,38.422,-1.290,0.793,2.385,17.457
168.902,7.899,-72.689,-1.217,0.362,3.487,18.585
168.914,9.281,57.775,-1.465,-0.453,4.562,19.641
168.925,-13.661,20.988,-1.755,-1.125,5.563,20.553
168.936,-33.398,4.196,-2.233,-2.144,6.481,21.324
168.948,-5.281,59.076,-2.897,-2.744,7.307,21.920
168.960,34.020,-21.752,-3.793,-2.975,7.986,22.293
168.972,68.586,20.675,-4.133,-3.236,8.504,22.451
168.983,57.684,-8.602,-3.844,-3.060,8.772,22.297
168.993,52.996,30.676,-3.472,-3.130,8.854,21.909
169.004,54.164,-31.243,-3.168,-3.587,8.845,21.420
169.016,50.087,38.047,-2.800,-4.118,8.727,20.795
169.027,10.061,3.035,-2.356,-4.918,8.466,19.994
169.038,-8.406,79.340,-1.986,-5.873,8.074,19.075
169.050,-19.086,11.699,-1.904,-6.530,7.560,18.089
169.061,-22.879,-26.995,-2.187,-7.297,6.927,17.084
169.073,-12.351,-1.519,-2.600,-7.521,6.187,16.087
169.084,8.981,-14.062,-2.820,-7.160,5.398,15.139
169.095,47.183,-42.632,-2.830,-7.076,4.557,14.242
169.107,41.795,30.865,-3.049,-6.527,3.738,13.401
169.118,16.647,-15.434,-3.503,-5.815,2.912,12.623
169.129,-25.235,-62.808,-4.145,-6.016,2.073,11.867
169.141,-40.928,19.750,-4.616,-6.124,1.255,11.107
169.152,-5.167,16.177,-4.474,-5.766,0.512,10.328
169.164,37.437,-44.671,-3.732,-5.857,-0.176,9.513
169.175,-11.510,28.188,-3.181,-5.866,-0.758,8.645
169.187,-18.151,59.360,-3.398,-4.487,-1.181,7.783
169.198,-31.240,1.732,-3.929,-3.342,-1.454,6.924
169.209,-33.586,-49.825,-4.596,-3.305,-1.632,6.022
169.221,-20.672,28.481,-5.132,-3.057,-1.711,5.040
169.232,-7.557,25.104,-5.335,-2.261,-1.724,4.009
169.244,1.496,41.135,-5.306,-1.717,-1.686,2.975
169.255,38.946,26.665,-4.955,-1.281,-1.564,1.948
169.267,9.813,-12.864,-4.855,-1.251,-1.373,0.910
169.278,-25.315,-57.567,-5.167,-1.697,-1.196,-0.175
169.289,-28.696,4.058,-5.769,-1.694,-1.077,-1.332
169.301,2.142,41.099,-5.897,-0.937,-0.955,-2.482
169.312,1.950,8.667,-5.813,-0.193,-0.819,-3.571
169.323,-63.535,-13.285,-6.014,-0.050,-0.707,-4.617
169.335,-41.266,21.097,-6.154,-0.054,-0.606,-5.602
169.346,34.842,-3.532,-5.484,-0.172,-0.501,-6.517
169.358,26.498,8.236,-4.410,-0.453,-0.360,-7.413
169.370,60.126,17.888,-3.869,-0.894,-0.223,-8.208
169.382,-1.432,-50.574,-3.690,-1.661,-0.145,-8.896
169.393,1.834,-64.105,-3.639,-3.203,-0.168,-9.517
169.405,17.736,20.355,-3.336,-3.549,-0.256,-10.020
169.416,37.873,-17.633,-3.070,-3.648,-0.443,-10.387
169.428,-31.355,-52.480,-3.703,-4.439,-0.720,-10.639
169.439,-38.644,9.868,-4.801,-4.719,-1.132,-10.777
169.451,25.897,60.642,-5.081,-4.061,-1.698,-10.774
169.462,2.319,-16.102,-4.921,-3.900,-2.386,-10.613
169.473,-6.461,-8.284,-4.779,-3.875,-3.154,-10.329
169.485,-7.852,-4.255,-4.705,-3.707,-4.007,-9.938
169.496,-0.791,9.523,-4.572,-3.423,-4.868,-9.415
169.507,10.603,-23.542,-4.110,-3.102,-5.716,-8.790
169.519,-43.049,-17.162,-4.518,-3.290,-6.560,-8.124
169.530,11.153,51.835,-4.761,-2.502,-7.389,-7.425
169.542,9.404,-38.555,-4.235,-2.343,-8.102,-6.728
169.553,-70.654,1.981,-4.122,-2.871,-8.673,-6.143
169.565,21.473,-48.165,-4.322,-3.172,-9.090,-5.680
169.576,-0.563,15.471,-5.096,-3.293,-9.410,-5.367
169.587,-25.544,-48.233,-6.781,-3.021,-9.757,-5.228
169.599,-24.621,61.983,-8.736,-2.728,-10.195,-5.305
169.610,-28.671,29.357,-10.593,-1.505,-10.651,-5.564
169.622,3.619,-46.049,-12.296,-1.377,-11.171,-5.969
169.633,-13.305,-75.003,-14.212,-1.295,-11.820,-6.515
169.645,-24.934,46.279,-16.362,-0.631,-12.582,-7.127
169.656,-10.214,29.445,-17.971,0.431,-13.476,-7.752
169.668,27.414,-8.705,-19.349,0.887,-14.481,-8.312
169.680,1.994,-7.398,-20.011,0.820,-15.488,-8.709
169.692,-4.194,54.571,-20.331,0.752,-16.372,-8.898
169.705,3.149,5.305,-19.987,0.603,-17.092,-8.875
169.716,11.105,26.537,-19.476,0.423,-17.612,-8.647
169.728,4.904,52.340,-18.800,0.701,-17.898,-8.202
169.740,3.016,13.347,-17.757,1.046,-17.908,-7.565
169.752,33.895,50.423,-16.551,1.514,-17.635,-6.757
169.764,-37.195,18.051,-15.515,1.884,-17.089,-5.828
169.776,-10.466,3.587,-14.602,2.039,-16.304,-4.809
169.788,4.730,3.931,-13.610,1.984,-15.339,-3.799
169.800,-2.261,-30.943,-12.427,1.500,-14.268,-2.871
169.812,-2.050,-68.795,-11.410,1.182,-13.159,-2.076
169.825,-29.820,-58.261,-10.465,0.838,-11.986,-1.429
169.837,-24.450,-55.229,-9.583,0.328,-10.832,-0.942
169.849,-14.969,4.217,-8.834,-0.055,-9.753,-0.604
169.861,-4.400,1.831,-8.071,-0.437,-8.808,-0.417
169.873,-17.206,7.596,-7.524,-0.829,-8.014,-0.366
169.885,-9.399,4.508,-7.782,-1.964,-7.384,-0.459
169.897,43.711,-45.849,-8.078,-3.739,-6.977,-0.742
169.909,-21.703,65.218,-8.260,-4.708,-6.728,-1.170
169.921,18.986,-67.207,-8.480,-5.901,-6.632,-1.715
169.933,-15.721,69.859,-8.655,-6.840,-6.645,-2.311
169.945,7.357,-55.330,-8.947,-7.010,-6.720,-2.883
169.957,20.538,-49.443,-8.922,-7.539,-6.816,-3.403
169.969,-20.167,67.747,-8.799,-7.522,-6.896,-3.823
169.981,8.600,-60.685,-8.785,-8.033,-6.986,-4.181
169.993,11.913,77.750,-8.905,-8.366,-7.071,-4.480
170.006,-11.000,-22.247,-8.868,-8.359,-7.185,-4.715
170.018,67.265,21.299,-9.101,-8.662,-7.288,-4.879
170.030,33.408,43.820,-9.172,-8.448,-7.359,-5.003
170.042,6.574,-49.973,-9.114,-8.161,-7.408,-5.093
170.054,29.806,19.250,-8.744,-7.513,-7.438,-5.153
170.066,-9.180,-56.279,-8.238,-6.776,-7.464,-5.220
170.078,36.291,-5.438,-7.518,-5.744,-7.483,-5.294
170.090,-4.131,-79.530,-6.414,-4.172,-7.465,-5.345
170.102,16.159,-52.728,-5.366,-2.763,-7.417,-5.363
170.114,31.059,57.682,-3.592,-0.174,-7.313,-5.289
170.126,8.995,-6.473,-1.868,2.249,-7.135,-5.099
170.138,26.089,29.184,-0.348,4.314,-6.900,-4.819
170.150,-0.965,9.702,1.132,6.431,-6.635,-4.436
170.162,10.463,4.226,2.085,7.590,-6.369,-3.977
170.174,12.980,35.766,3.005,8.938,-6.093,-3.452
170.186,10.234,-14.406,3.663,9.578,-5.821,-2.883
170.198,7.907,27.666,4.165,9.868,-5.550,-2.304
170.210,13.080,-15.503,4.509,10.057,-5.294,-1.765
170.223,8.901,-29.160,4.646,9.184,-5.044,-1.324
170.235,-4.138,38.376,4.527,8.698,-4.781,-0.965
170.247,18.925,-66.349,4.215,7.698,-4.520,-0.655
170.259,-12.813,17.129,3.834,6.442,-4.268,-0.442
170.271,39.924,-24.448,3.268,5.687,-4.082,-0.316
170.283,25.494,-63.125,3.181,3.875,-3.914,-0.302
170.295,-3.010,42.444,2.777,2.677,-3.735,-0.409
170.307,54.777,-9.270,2.278,1.400,-3.579,-0.597
170.318,-22.720,-45.721,1.824,-0.130,-3.446,-0.835
170.330,-24.910,18.031,0.309,-0.792,-3.346,-1.099
170.342,60.349,-1.271,-1.173,-2.751,-3.319,-1.421
170.354,42.485,39.999,-1.987,-4.641,-3.301,-1.811
170.366,7.257,30.367,-2.638,-5.514,-3.241,-2.252
170.378,15.103,20.614,-2.777,-5.318,-3.106,-2.715
170.390,24.299,65.611,-2.365,-4.144,-2.859,-3.132
170.402,-19.234,48.564,-2.151,-2.626,-2.473,-3.452
170.413,-8.996,-9.560,-2.046,-1.541,-1.972,-3.676
170.425,-8.008,-10.952,-1.799,-0.985,-1.370,-3.815
170.437,-27.244,-32.493,-1.715,-0.723,-0.727,-3.914
170.449,-14.186,-40.485,-1.842,-0.973,-0.092,-3.973
170.461,-27.023,-61.928,-2.311,-1.807,0.454,-3.999
170.473,-26.146,-49.730,-3.125,-2.273,0.976,-4.001
170.485,-34.632,-34.406,-4.185,-2.607,1.382,-3.981
170.497,-72.115,-17.220,-4.766,-2.602,1.654,-3.965
170.509,-62.042,-20.703,-5.264,-2.316,1.817,-3.969
170.521,-55.018,-29.312,-6.328,-2.318,1.879,-3.968
170.533,-36.984,-48.099,-7.557,-2.769,1.832,-3.976
170.545,-18.515,-70.197,-8.025,-3.037,1.728,-3.992
170.558,-3.683,-85.882,-8.016,-3.642,1.610,-4.017
170.570,27.623,-52.959,-7.418,-4.467,1.500,-4.065
170.582,58.166,-22.575,-5.794,-4.728,1.392,-4.108
170.594,60.928,17.462,-3.566,-4.713,1.325,-4.116
170.606,40.861,21.639,-2.059,-4.692,1.310,-4.076
170.618,5.789,22.201,-0.731,-5.316,1.334,-4.025
170.630,-33.617,-6.110,0.026,-6.065,1.393,-3.996
170.642,-30.706,-43.573,0.517,-6.303,1.469,-3.930
170.654,37.610,-18.506,1.116,-5.993,1.550,-3.825
170.666,37.187,46.492,1.924,-5.105,1.619,-3.627
170.678,18.543,37.313,2.274,-4.510,1.623,-3.362
170.690,-26.910,-36.653,2.191,-4.778,1.571,-3.088
170.701,-3.065,17.519,2.532,-4.930,1.452,-2.785
170.713,24.708,48.641,3.215,-4.532,1.291,-2.433
170.724,-33.366,-39.083,3.470,-4.729,1.078,-2.058
170.736,-0.175,17.624,3.378,-4.921,0.783,-1.699
170.747,22.453,25.442,3.477,-4.123,0.435,-1.348
170.759,12.835,-67.726,3.048,-3.696,0.005,-0.973
170.770,5.418,-56.465,2.130,-3.688,-0.482,-0.621
170.781,35.392,0.797,1.479,-2.956,-1.038,-0.287
170.793,6.781,-71.388,0.923,-2.848,-1.648,0.014
170.804,-65.457,-6.820,0.089,-3.318,-2.253,0.244
170.816,2.045,42.987,-0.060,-2.799,-2.830,0.435
170.827,-35.212,-1.314,0.090,-2.631,-3.388,0.593
170.839,-38.939,-46.865,-0.559,-2.248,-3.877,0.689
170.851,27.813,36.512,-0.989,-1.499,-4.308,0.776
170.863,6.813,7.494,-0.323,-1.094,-4.630,0.864
170.875,-30.318,-28.635,0.294,-1.975,-4.836,0.867
170.886,39.646,-9.639,0.849,-2.463,-4.906,0.753
170.898,73.293,-16.738,1.348,-2.782,-4.845,0.599
170.910,17.932,-26.398,1.569,-3.235,-4.682,0.431
170.922,9.431,-12.569,1.791,-3.721,-4.436,0.237
170.933,-14.520,-26.090,1.811,-4.213,-4.142,-0.021
170.945,-20.211,-5.112,0.742,-4.038,-3.793,-0.302
170.956,20.645,-0.725,-0.195,-3.173,-3.437,-0.539
170.968,0.274,-49.033,-0.971,-2.890,-3.084,-0.710
170.979,-8.617,30.371,-1.423,-2.450,-2.705,-0.815
170.990,9.318,34.235,-0.623,-1.582,-2.317,-0.885
171.002,-58.280,6.837,0.248,-1.659,-1.876,-0.956
171.014,-59.293,20.677,0.805,-1.581,-1.390,-1.071
171.026,3.779,13.298,0.792,-0.588,-0.905,-1.196
171.037,61.013,-28.950,1.290,-0.260,-0.458,-1.332
171.048,12.863,7.289,1.455,-0.176,-0.029,-1.492
171.060,17.498,-11.918,2.000,-0.555,0.372,-1.682
171.071,41.565,-23.282,2.989,-1.505,0.721,-1.968
171.082,5.046,29.857,3.924,-2.375,1.056,-2.359
171.094,-11.528,-7.499,4.340,-3.088,1.376,-2.828
171.105,-7.279,-71.241,4.335,-3.577,1.638,-3.358
171.117,-12.975,-24.192,3.937,-3.577,1.838,-3.932
171.128,-3.525,-5.901,2.594,-2.748,1.992,-4.466
171.140,24.518,-7.617,1.340,-1.805,2.036,-4.909
171.152,17.428,-62.028,0.583,-2.033,1.998,-5.288
171.164,-11.784,-59.305,-0.130,-3.233,1.916,-5.653
171.175,23.452,44.972,-0.112,-3.283,1.848,-5.949
171.187,-14.152,6.377,0.032,-3.437,1.803,-6.193
171.198,-32.492,-20.498,-0.190,-3.738,1.763,-6.372
171.209,-43.557,41.294,-0.352,-3.371,1.724,-6.496
171.219,-19.593,27.405,-0.999,-2.094,1.666,-6.516
171.230,16.028,-12.075,-0.766,-1.382,1.568,-6.435
171.241,-55.702,16.000,-0.068,-1.772,1.488,-6.321
171.252,40.654,14.128,1.336,-1.907,1.428,-6.176
171.263,-4.074,-65.909,3.719,-4.036,1.412,-6.063
171.273,20.413,24.828,4.858,-4.754,1.482,-5.994
171.283,-35.245,-49.732,5.034,-5.102,1.536,-5.959
171.294,23.046,27.875,4.886,-4.744,1.537,-5.945
171.304,-49.770,-30.866,4.550,-4.078,1.490,-5.925
171.314,-13.903,74.778,3.856,-3.744,1.370,-5.911
171.324,14.509,-14.614,3.864,-3.071,1.223,-5.879
171.334,43.719,-43.693,4.652,-3.771,1.063,-5.857
171.344,-19.216,18.926,4.594,-3.920,0.926,-5.861
171.355,-7.148,48.141,4.185,-2.980,0.734,-5.846
171.365,-40.520,-48.276,3.892,-2.735,0.459,-5.826
171.376,20.898,55.457,3.911,-2.014,0.179,-5.778
171.386,-14.966,-7.453,3.741,-1.749,-0.069,-5.691
171.396,34.062,-53.430,3.834,-1.518,-0.301,-5.582
171.406,-7.194,29.765,3.344,-0.924,-0.499,-5.455
171.416,-38.235,-46.271,2.515,-0.147,-0.704,-5.306
171.426,67.647,19.250,2.356,-0.038,-0.897,-5.126
171.438,-11.276,-9.296,2.382,-0.111,-1.083,-4.906
171.448,16.898,25.637,2.688,0.024,-1.214,-4.714
171.459,11.601,-74.840,3.354,-0.138,-1.288,-4.502
171.471,12.871,-69.515,3.360,-0.497,-1.300,-4.224
171.481,-58.032,-31.913,3.393,-0.636,-1.282,-3.984
171.492,1.321,21.930,3.175,-0.126,-1.240,-3.728
171.502,5.056,24.461,3.583,1.127,-1.175,-3.437
171.512,-15.768,-1.199,3.118,1.312,-1.094,-3.116
171.522,78.172,-11.232,3.456,1.480,-1.013,-2.772
171.533,9.077,-24.426,3.358,1.245,-0.916,-2.419
171.543,3.780,26.083,3.236,1.291,-0.832,-2.095
171.554,-37.575,-52.255,3.054,1.094,-0.725,-1.788
171.565,-28.280,34.648,2.410,1.049,-0.621,-1.528
171.576,-0.385,70.300,2.233,1.805,-0.515,-1.281
171.586,19.321,-4.919,2.579,1.713,-0.372,-1.038
171.597,41.409,-31.718,3.516,0.939,-0.237,-0.849
171.608,-21.225,-34.982,3.689,0.034,-0.072,-0.716
171.618,24.887,-18.278,3.628,-0.820,0.088,-0.675
171.629,-25.748,64.278,3.685,-0.909,0.254,-0.687
171.640,-7.101,27.140,3.502,-0.746,0.419,-0.705
171.651,48.475,-25.741,3.765,-0.618,0.546,-0.721
171.661,-25.873,-64.008,3.483,-1.166,0.717,-0.746
171.672,11.790,-9.277,3.085,-1.688,0.922,-0.784
171.683,27.311,-30.576,3.167,-1.699,1.116,-0.860
171.693,-4.806,34.334,2.747,-0.881,1.304,-0.935
171.704,67.621,20.043,3.214,-0.250,1.452,-0.971
171.714,-12.320,-71.089,3.740,-0.459,1.618,-0.981
171.725,-12.914,-3.658,3.716,-0.287,1.816,-0.980
171.736,-46.880,-7.220,3.622,0.289,2.005,-0.972
171.747,-0.120,34.193,3.421,0.694,2.187,-0.950
171.757,28.823,50.090,3.787,1.402,2.369,-0.901
171.768,-6.314,-51.391,4.082,0.841,2.555,-0.827
171.778,-42.219,47.364,3.807,0.330,2.703,-0.779
171.788,-9.626,-18.944,3.736,0.106,2.866,-0.746
171.799,56.630,8.784,4.078,-0.298,3.009,-0.716
171.809,-28.585,-0.016,3.918,-0.078,3.144,-0.681
171.820,-10.284,-16.277,3.297,-0.418,3.262,-0.658
171.832,26.852,32.601,2.796,-0.868,3.320,-0.678
171.843,-46.523,29.710,2.157,-1.295,3.317,-0.724
171.854,-13.946,-38.907,1.773,-1.873,3.288,-0.777
171.865,32.127,-57.914,2.382,-3.360,3.241,-0.890
171.877,5.568,-46.726,2.630,-4.198,3.247,-1.062
171.888,-34.447,-21.305,2.544,-4.512,3.327,-1.246
171.899,-9.530,-29.485,2.247,-4.318,3.411,-1.424
171.911,-0.477,3.821,2.399,-3.009,3.475,-1.549
171.922,-45.930,39.881,2.556,-1.561,3.571,-1.520
171.933,14.200,-8.691,3.026,-0.516,3.684,-1.353
171.943,66.919,17.435,4.007,-0.214,3.799,-1.142
171.953,-28.008,-0.837,4.021,0.574,3.926,-0.858
171.963,20.527,-21.961,4.432,0.158,4.031,-0.537
171.973,2.589,9.502,4.620,0.366,4.187,-0.163
171.984,-5.671,14.304,4.596,0.492,4.328,0.238
171.994,7.041,66.915,4.485,0.888,4.400,0.681
172.005,6.917,-82.306,4.599,-0.221,4.432,1.155
172.015,-28.306,-3.177,4.419,-1.437,4.474,1.607
172.026,30.579,48.424,4.415,-1.636,4.496,2.012
172.036,-21.033,8.743,4.330,-1.403,4.497,2.396
172.048,1.481,-6.099,3.989,-2.032,4.451,2.817
172.060,3.923,5.200,3.945,-3.636,4.361,3.124
172.070,21.174,-38.181,4.038,-4.619,4.257,3.266
172.081,15.139,-48.232,4.271,-5.443,4.139,3.311
172.091,-29.489,17.345,3.981,-5.287,4.030,3.271
172.101,1.979,48.100,3.892,-5.020,3.929,3.164
172.112,46.571,3.966,4.104,-4.386,3.837,2.997
172.122,-28.965,-56.322,4.262,-4.402,3.777,2.766
172.133,-18.903,-38.783,3.742,-4.473,3.728,2.467
172.143,-32.087,48.972,3.516,-3.933,3.690,2.093
172.154,30.415,33.106,3.788,-2.279,3.679,1.723
172.165,8.493,-9.168,4.214,-1.559,3.707,1.355
172.175,18.409,-1.157,4.411,-1.102,3.759,0.992
172.186,-28.329,56.467,4.472,-0.820,3.808,0.613
172.197,-42.262,-27.266,3.976,-0.558,3.814,0.241
172.207,18.655,-69.566,4.202,-1.147,3.798,-0.140
172.218,-2.726,53.308,4.570,-1.206,3.816,-0.534
172.229,-4.428,2.265,4.586,-0.836,3.854,-0.902
172.239,-2.002,64.768,4.583,-0.118,3.876,-1.216
172.250,29.582,3.320,4.739,0.736,3.890,-1.443
172.261,6.970,-64.167,4.764,-0.091,3.873,-1.624
172.272,-9.711,-0.330,4.641,-1.046,3.806,-1.800
172.283,-24.438,-36.044,4.344,-1.438,3.708,-1.971
172.295,-5.193,-64.886,3.829,-2.035,3.565,-2.108
172.306,19.720,-51.289,3.461,-2.112,3.398,-2.187
172.318,60.848,2.738,3.146,-1.589,3.218,-2.212
172.330,-1.531,0.855,2.771,-0.846,3.041,-2.152
172.342,16.350,10.337,2.865,-0.257,2.896,-2.002
172.354,45.928,17.015,3.958,-0.031,2.782,-1.786
172.366,46.818,19.668,5.245,-1.186,2.719,-1.580
172.378,-14.415,-42.644,5.816,-2.750,2.732,-1.454
172.389,-22.893,-23.781,5.749,-3.630,2.794,-1.402
172.401,-16.040,-45.816,5.007,-3.778,2.852,-1.374
172.413,-56.547,3.947,4.142,-3.316,2.908,-1.301
172.425,0.291,46.327,3.863,-2.771,2.973,-1.192
172.437,-5.732,33.201,4.276,-2.083,3.030,-1.073
172.449,-20.173,-29.558,4.062,-1.965,3.088,-0.972
172.461,22.827,-21.100,3.953,-2.204,3.130,-0.893
172.473,57.094,2.331,4.733,-2.767,3.188,-0.866
172.485,-32.264,48.189,5.944,-3.620,3.294,-0.890
172.497,2.690,23.389,6.816,-3.730,3.419,-0.938
172.509,26.191,-25.040,7.358,-3.625,3.513,-1.014
172.521,15.625,-73.518,7.376,-4.650,3.580,-1.076
172.532,63.566,-26.385,7.503,-5.351,3.639,-1.139
172.544,67.859,15.535,7.619,-5.729,3.676,-1.209
172.556,-23.111,-11.605,7.715,-6.336,3.697,-1.303
172.568,-25.013,0.419,7.138,-6.548,3.680,-1.406
172.580,11.962,-69.841,5.735,-6.555,3.614,-1.508
172.592,-2.893,-55.334,3.985,-7.092,3.505,-1.629
172.604,-2.818,56.245,2.929,-6.911,3.369,-1.737
172.616,-5.723,35.466,2.468,-5.431,3.211,-1.817
172.628,-9.688,-40.485,1.419,-4.142,3.020,-1.861
172.640,4.545,-47.424,0.742,-3.105,2.786,-1.857
172.652,3.168,4.591,0.593,-2.309,2.497,-1.832
172.664,-51.765,33.309,0.569,-1.642,2.186,-1.788
172.676,-25.855,22.440,0.146,-0.508,1.858,-1.736
172.688,-0.227,18.223,-0.229,0.536,1.520,-1.678
172.699,-5.337,-70.777,-0.613,0.715,1.124,-1.625
172.711,-8.297,3.677,-0.836,0.510,0.711,-1.579
172.723,19.049,41.181,-0.561,0.194,0.277,-1.555
172.735,-7.590,21.931,0.461,-0.338,-0.116,-1.543
172.747,-7.327,-13.913,1.196,-0.831,-0.478,-1.538
172.759,45.690,-41.208,1.724,-1.335,-0.782,-1.532
172.771,27.763,-42.534,2.266,-2.441,-1.048,-1.529
172.782,24.974,4.052,2.911,-3.497,-1.205,-1.546
172.794,14.208,9.692,3.803,-4.102,-1.305,-1.587
172.804,-62.353,23.012,4.110,-4.855,-1.346,-1.668
172.815,42.054,6.227,5.054,-4.956,-1.330,-1.763
172.826,-11.500,-71.485,6.256,-6.999,-1.236,-1.935
172.836,13.489,70.370,7.258,-7.680,-1.046,-2.180
172.847,8.401,-18.846,7.917,-8.125,-0.779,-2.437
172.857,44.543,-19.629,8.958,-8.896,-0.481,-2.759
172.868,-5.761,-8.510,9.575,-9.356,-0.121,-3.123
172.879,54.574,-4.784,9.795,-9.318,0.236,-3.528
172.889,40.362,-49.659,10.070,-9.550,0.590,-3.979
172.900,37.956,-12.233,10.373,-9.556,0.941,-4.451
172.912,4.412,-44.986,10.531,-10.031,1.282,-4.942
172.923,-32.940,28.583,9.949,-10.025,1.634,-5.439
172.935,10.212,45.645,9.706,-8.564,1.963,-5.885
172.946,-16.440,12.065,9.523,-7.958,2.251,-6.262
172.956,75.981,5.475,9.293,-8.238,2.525,-6.588
172.968,5.408,79.094,9.176,-7.604,2.922,-6.941
172.979,-29.515,12.476,8.656,-6.667,3.243,-7.177
172.989,45.560,-18.348,8.695,-6.042,3.548,-7.344
172.999,12.398,-6.825,8.840,-6.143,3.881,-7.460
173.009,-31.308,-43.500,8.505,-5.778,4.194,-7.556
173.019,11.928,18.228,7.697,-4.849,4.502,-7.595
173.029,-57.860,-8.988,6.723,-4.283,4.759,-7.599
173.039,24.354,34.291,5.639,-3.438,4.980,-7.540
173.049,-5.502,-72.899,4.918,-3.205,5.152,-7.451
173.059,10.796,33.175,4.146,-2.065,5.302,-7.313
173.069,-16.658,-54.667,3.388,-1.210,5.408,-7.122
173.081,32.752,-46.514,2.978,-0.582,5.533,-6.817
173.091,-31.234,31.445,2.782,-0.096,5.664,-6.559
173.101,-1.765,21.081,1.826,0.212,5.789,-6.305
173.113,16.113,50.751,2.018,0.733,5.934,-5.954
173.126,71.238,13.042,1.943,1.144,6.126,-5.588
173.138,18.154,-28.299,1.773,0.431,6.340,-5.215
173.148,29.234,-60.751,1.723,-0.751,6.534,-4.964
173.158,-23.162,19.848,1.626,-1.227,6.742,-4.745
173.170,-8.425,-4.752,1.787,-1.968,6.931,-4.532
173.182,36.970,-27.212,2.147,-2.469,7.101,-4.351
173.192,9.574,-2.516,2.622,-2.663,7.273,-4.245
173.202,-42.550,25.448,1.954,-2.888,7.492,-4.133
173.212,28.046,6.166,2.080,-2.243,7.669,-4.016
173.224,-23.523,-18.299,2.124,-2.932,7.865,-3.877
173.236,-13.743,-40.876,2.205,-3.899,8.007,-3.829
173.248,71.003,-3.610,2.392,-3.259,8.150,-3.812
173.258,-42.746,6.614,2.373,-2.087,8.239,-3.778
173.268,10.491,60.463,1.713,-1.084,8.259,-3.715
173.278,11.430,-76.904,2.440,-0.588,8.231,-3.654
173.291,-10.552,-50.005,2.540,-1.503,8.173,-3.621
173.303,-75.647,-9.781,2.591,-2.019,8.098,-3.697
173.313,26.378,35.989,2.774,-1.412,8.033,-3.812
173.323,13.727,-35.608,2.916,-1.592,7.945,-3.985
173.333,25.995,-37.449,3.039,-1.510,7.841,-4.206
173.343,-34.878,36.227,1.737,-1.040,7.702,-4.484
173.353,67.606,4.943,1.315,0.139,7.486,-4.750
173.363,-14.999,-40.822,0.950,-0.671,7.233,-5.034
173.375,31.975,8.594,0.638,0.275,6.913,-5.399
173.387,59.782,2.846,1.134,0.876,6.610,-5.734
173.397,-22.257,-45.147,1.303,0.525,6.395,-6.016
173.409,14.648,-11.733,1.458,0.909,6.143,-6.325
173.419,-16.282,20.825,1.514,1.458,5.995,-6.524
173.430,47.090,-24.810,1.659,1.725,5.874,-6.671
173.440,-23.299,-57.161,1.657,1.153,5.767,-6.803
173.451,25.650,16.539,1.631,1.265,5.686,-6.913
173.463,5.701,-29.191,1.677,1.404,5.609,-6.932
173.474,-17.730,-30.584,1.169,1.046,5.540,-6.859
173.486,-13.909,8.640,0.635,0.923,5.407,-6.742
173.498,-10.997,-45.266,-0.248,1.327,5.211,-6.557
173.510,-27.851,-57.949,-1.550,1.413,4.929,-6.281
173.522,-13.927,1.194,-2.242,1.702,4.586,-5.926
173.534,23.524,10.758,-2.369,2.772,4.207,-5.479
173.546,39.559,29.781,-2.410,3.338,3.769,-4.956
173.558,17.560,-22.392,-2.696,3.563,3.296,-4.372
173.570,1.475,6.755,-2.845,3.510,2.840,-3.718
173.582,16.197,31.922,-2.500,3.655,2.368,-3.020
173.594,15.205,50.813,-2.205,3.388,1.896,-2.274
173.606,-29.367,24.639,-2.221,2.588,1.453,-1.502
173.618,2.324,33.824,-2.086,2.182,1.055,-0.703
173.630,3.343,58.221,-1.411,1.923,0.705,0.149
173.641,-25.386,36.229,-0.896,1.692,0.466,1.025
173.653,27.098,24.599,-0.139,1.422,0.355,1.954
173.665,38.274,23.577,1.085,0.042,0.387,2.936
173.677,19.974,-4.037,2.281,-1.930,0.566,3.891
173.689,22.670,39.203,3.470,-3.608,0.882,4.816
173.701,29.794,46.434,4.830,-4.486,1.339,5.712
173.713,-26.621,-5.005,5.423,-4.979,1.941,6.613
173.725,-7.203,17.890,5.324,-5.171,2.643,7.515
173.737,11.427,40.846,5.032,-4.899,3.396,8.381
173.749,5.015,56.650,4.201,-3.999,4.177,9.245
173.761,-80.520,5.043,2.290,-2.969,4.883,10.044
173.772,-48.766,-0.964,0.200,-2.137,5.461,10.773
173.783,32.718,47.186,-0.656,-1.036,5.925,11.369
173.794,32.755,53.057,-0.835,0.027,6.429,11.985
173.806,-44.740,25.299,-1.081,0.740,6.907,12.512
173.817,-44.173,20.808,-1.616,0.840,7.326,12.909
173.829,8.099,6.857,-1.798,0.696,7.725,13.177
173.840,12.094,-26.667,-1.311,-0.324,8.089,13.269
173.851,4.057,-79.521,-0.864,-1.997,8.427,13.133
173.863,-33.399,-49.941,-0.874,-2.835,8.738,12.772
173.874,-3.562,16.709,-0.982,-2.249,8.994,12.261
173.885,74.588,0.157,-0.834,-1.646,9.134,11.648
173.897,16.572,28.758,-0.431,-0.911,9.178,10.969
173.908,24.579,48.941,-0.003,0.145,9.138,10.283
173.919,25.400,22.555,0.341,0.974,9.038,9.599
173.931,36.430,-41.354,0.305,1.193,8.861,8.915
173.942,-5.505,25.550,-0.004,1.405,8.592,8.234
173.954,-0.013,25.738,-0.386,1.960,8.254,7.562
173.965,-25.369,-36.323,-0.754,1.860,7.816,6.887
173.976,-20.737,-59.281,-1.433,0.592,7.291,6.171
173.988,-27.877,-50.280,-2.150,-0.770,6.708,5.341
173.999,-4.582,3.286,-2.358,-1.078,6.102,4.439
174.011,7.023,16.949,-2.109,-0.600,5.472,3.495
174.023,14.213,23.533,-1.652,0.088,4.833,2.526
174.034,52.504,35.187,-1.145,0.612,4.189,1.558
174.046,43.861,0.182,-0.876,0.760,3.536,0.601
174.058,14.872,-54.614,-0.787,0.482,2.881,-0.366
174.070,-30.329,-23.679,-1.320,-0.016,2.238,-1.299
174.082,-28.066,3.469,-2.311,-0.481,1.568,-2.205
174.093,-42.027,1.930,-3.434,-0.999,0.854,-3.108
174.105,-41.112,-45.934,-4.417,-1.742,0.088,-3.982
174.116,12.167,-76.708,-4.801,-2.677,-0.681,-4.841
174.128,9.488,-71.064,-4.805,-3.482,-1.365,-5.681
174.139,-49.994,39.807,-5.140,-3.114,-1.949,-6.458
174.151,-83.322,6.529,-5.833,-2.263,-2.460,-7.092
174.162,1.263,-48.890,-5.830,-2.170,-2.912,-7.581
174.173,7.205,-36.692,-4.983,-2.370,-3.260,-7.993
174.185,19.541,23.118,-4.139,-1.841,-3.492,-8.289
174.196,-55.217,32.718,-3.447,-1.042,-3.579,-8.434
174.207,-11.611,12.072,-3.146,-0.094,-3.522,-8.438
174.218,-1.524,20.497,-2.575,0.951,-3.388,-8.287
174.230,46.857,-37.026,-1.706,1.357,-3.164,-8.012
174.241,14.638,-0.783,-0.755,1.728,-2.842,-7.645
174.252,6.113,63.836,-0.233,2.872,-2.479,-7.181
174.264,18.921,60.814,0.283,4.227,-2.105,-6.581
174.275,17.026,15.365,0.653,4.704,-1.724,-5.905
174.287,26.888,31.959,0.689,4.749,-1.363,-5.176
174.298,34.342,7.038,0.436,4.265,-1.031,-4.423
174.310,3.442,-3.865,-0.328,3.233,-0.753,-3.700
174.321,-20.224,21.909,-1.384,2.396,-0.539,-3.020
174.333,24.340,-23.999,-2.419,1.271,-0.425,-2.393
174.345,11.981,-55.653,-3.128,-0.739,-0.411,-1.855
174.356,-38.378,1.166,-4.182,-2.346,-0.439,-1.433
174.368,-27.036,55.246,-5.432,-2.374,-0.547,-1.075
174.380,-4.392,61.869,-5.893,-1.980,-0.719,-0.756
174.392,35.159,-53.085,-5.317,-1.892,-0.903,-0.453
174.404,15.752,-21.282,-4.216,-1.687,-1.050,-0.171
174.416,-82.324,-0.921,-3.489,-0.312,-1.162,0.092
174.428,-54.986,-15.120,-3.138,1.342,-1.259,0.403
174.440,-25.840,-59.361,-2.662,2.282,-1.359,0.749
174.452,-14.244,-55.554,-2.088,1.602,-1.440,1.066
174.464,-3.459,-43.888,-1.966,0.099,-1.534,1.276
174.476,-29.672,0.304,-2.493,-0.931,-1.681,1.357
174.488,-24.049,9.956,-3.641,-1.574,-1.914,1.323
174.499,3.278,-9.704,-4.298,-2.135,-2.170,1.237
174.510,0.561,40.047,-4.651,-2.277,-2.467,1.104
174.520,-29.779,-21.437,-5.334,-2.345,-2.829,0.939
174.531,-4.180,-44.913,-5.543,-2.837,-3.237,0.734
174.542,-7.630,24.405,-5.525,-2.542,-3.679,0.464
174.552,27.308,16.818,-4.559,-1.225,-4.090,0.191
174.563,-33.936,53.125,-3.589,-0.251,-4.454,-0.051
174.573,-9.928,-53.861,-3.798,-0.245,-4.794,-0.298
174.583,20.224,6.650,-3.312,-0.670,-5.116,-0.609
174.593,-1.329,68.145,-3.045,-0.157,-5.438,-0.983
174.604,21.430,-65.526,-2.665,-0.759,-5.758,-1.400
174.615,-42.998,-46.864,-2.793,-1.816,-6.068,-1.890
174.625,-7.623,32.282,-3.165,-1.998,-6.368,-2.440
174.636,42.066,-8.132,-2.537,-2.292,-6.689,-3.050
174.647,-22.634,-50.627,-1.898,-2.711,-6.951,-3.679
174.658,-42.678,27.324,-2.108,-2.305,-7.208,-4.334
174.668,6.272,3.131,-2.298,-1.539,-7.481,-4.967
174.679,49.594,-11.755,-1.955,-1.151,-7.754,-5.592
174.690,-40.353,13.329,-2.224,-0.734,-8.026,-6.231
174.700,-52.094,-14.152,-3.654,-0.450,-8.319,-6.868
174.711,76.835,3.310,-4.419,-0.314,-8.641,-7.491
174.722,35.159,33.449,-4.410,0.133,-8.925,-8.070
174.732,-16.182,-4.429,-4.588,0.510,-9.158,-8.618
174.743,-16.492,-8.695,-4.866,0.499,-9.374,-9.124
174.754,-10.096,18.317,-4.857,0.606,-9.565,-9.596
174.764,-7.561,-49.724,-4.755,0.392,-9.684,-10.006
174.775,23.510,21.547,-4.421,0.304,-9.720,-10.370
174.786,-9.575,22.813,-4.301,0.395,-9.696,-10.678
174.796,-26.663,-17.595,-4.862,0.031,-9.623,-10.909
174.807,35.729,12.440,-5.033,-0.230,-9.513,-11.069
174.817,11.413,-24.398,-4.828,-0.436,-9.304,-11.148
174.828,7.240,10.805,-4.585,-0.354,-8.995,-11.183
174.839,-78.209,1.889,-4.826,0.130,-8.644,-11.144
174.849,-37.368,9.155,-5.429,0.441,-8.259,-11.026
174.860,17.122,62.701,-5.034,1.099,-7.847,-10.841
174.871,32.093,-32.647,-4.276,1.636,-7.353,-10.530
174.882,9.295,-60.980,-3.752,0.904,-6.806,-10.146
174.892,-7.897,80.412,-3.359,0.480,-6.278,-9.747
174.902,-34.153,12.912,-3.574,0.535,-5.725,-9.332
174.913,-40.438,-35.921,-4.121,0.220,-5.197,-8.894
174.924,32.504,48.707,-3.986,0.307,-4.697,-8.440
174.934,-9.351,2.672,-3.921,0.580,-4.177,-7.961
174.945,25.120,-38.948,-3.864,0.514,-3.697,-7.461
174.955,70.026,10.981,-3.239,0.452,-3.267,-6.940
174.965,-5.047,-40.814,-2.636,0.051,-2.868,-6.406
174.975,-19.593,70.409,-2.811,0.126,-2.577,-5.904
174.986,-13.741,25.950,-2.974,1.470,-2.388,-5.334
174.996,30.986,-58.539,-2.636,1.046,-2.324,-4.731
175.006,-1.924,35.866,-1.905,1.321,-2.310,-4.127
175.016,-43.913,-46.122,-1.913,1.339,-2.346,-3.528
175.026,19.866,34.248,-1.523,1.600,-2.427,-2.955
175.036,-33.423,-40.329,-1.144,1.942,-2.534,-2.385
175.048,-32.920,-45.968,-1.016,1.536,-2.708,-1.745
175.059,47.141,10.602,-0.227,1.350,-2.892,-1.168
175.070,43.846,45.945,1.130,1.731,-3.044,-0.609
175.082,27.297,39.555,2.347,1.657,-3.143,-0.084
175.093,5.753,-44.423,2.759,0.343,-3.206,0.363
175.103,42.423,-47.088,2.870,-1.351,-3.292,0.652
175.114,-20.084,28.597,2.316,-1.360,-3.376,0.894
175.124,-1.548,22.376,1.505,-0.440,-3.479,1.143
175.135,32.350,-22.871,1.273,0.077,-3.600,1.407
175.145,-17.610,-51.618,0.936,0.004,-3.711,1.669
175.156,0.620,29.115,0.490,0.715,-3.760,1.934
175.167,-5.949,59.495,0.148,2.931,-3.813,2.243
175.178,-43.256,14.840,-0.388,4.038,-3.901,2.628
175.189,-0.207,-72.362,-0.585,3.834,-4.060,3.059
175.201,34.802,-54.640,-0.052,2.822,-4.275,3.426
175.213,49.155,-31.194,0.953,1.588,-4.526,3.752
175.225,44.157,-28.851,1.582,0.548,-4.808,4.019
175.237,46.803,-33.157,2.192,-1.445,-5.078,4.221
175.249,33.515,-47.454,2.686,-3.982,-5.299,4.319
175.261,8.505,-39.102,2.874,-5.770,-5.508,4.355
175.273,19.454,-9.075,3.126,-7.683,-5.701,4.328
175.285,48.992,-2.889,3.273,-8.630,-5.858,4.268
175.297,76.439,4.721,3.977,-8.959,-5.929,4.216
175.309,52.709,-25.329,4.846,-8.791,-5.866,4.244
175.321,-2.416,-84.170,5.040,-8.235,-5.640,4.357
175.333,-9.786,-77.605,4.392,-8.053,-5.295,4.544
175.345,-9.795,-42.469,3.693,-7.503,-4.914,4.773
175.357,13.173,-15.058,2.517,-6.935,-4.535,5.049
175.369,11.907,38.098,1.495,-5.947,-4.139,5.371
175.382,6.484,58.869,0.124,-3.958,-3.730,5.774
175.394,-16.248,60.529,-1.224,-1.360,-3.334,6.315
175.406,-40.462,37.202,-2.032,0.343,-2.944,6.958
175.418,-60.724,16.976,-2.807,1.936,-2.578,7.695
175.429,-40.131,7.941,-2.899,3.030,-2.240,8.453
175.441,52.992,-0.677,-2.143,3.711,-1.924,9.198
175.452,61.892,-2.174,-0.646,4.058,-1.581,9.926
175.463,-17.379,31.461,0.041,4.420,-1.216,10.543
175.473,-47.039,13.498,-0.485,4.538,-0.839,11.136
175.485,-17.293,-62.439,-0.908,3.916,-0.544,11.715
175.496,11.105,-74.252,-0.649,2.491,-0.344,12.129
175.506,9.833,38.585,0.070,1.686,-0.191,12.302
175.516,-35.516,-41.499,-0.032,1.640,-0.074,12.372
175.526,-27.990,-52.570,-0.345,0.807,-0.063,12.320
175.536,26.177,24.215,0.124,1.136,-0.058,12.152
175.547,-40.064,-42.980,0.478,1.286,-0.042,11.868
175.557,-30.200,30.100,-0.152,1.284,-0.031,11.440
175.567,56.121,1.597,0.726,1.757,0.005,10.900
175.577,-43.512,-7.526,0.881,1.813,0.124,10.265
175.587,62.796,-2.166,0.737,1.787,0.271,9.502
175.597,3.033,6.275,1.419,1.901,0.497,8.683
175.609,-7.805,-1.560,1.394,1.946,0.866,7.687
175.621,-21.123,-7.655,0.840,2.435,1.258,6.720
175.633,-22.661,10.614,0.188,2.999,1.569,5.774
175.646,-27.845,16.538,-0.458,3.850,1.753,4.896
175.656,10.103,67.752,-0.928,4.845,1.818,4.217
175.667,38.106,26.972,-0.278,5.839,1.811,3.624
175.678,-11.579,-40.355,0.020,5.485,1.754,3.136
175.689,-20.334,-45.720,-0.292,4.294,1.609,2.642
175.701,-0.355,-12.247,-0.514,3.455,1.364,2.154
175.713,16.037,-12.134,-0.775,2.726,1.095,1.680
175.725,-12.116,-42.984,-1.146,1.786,0.790,1.216
175.737,-28.139,-52.024,-1.810,0.580,0.500,0.758
175.749,-31.096,-39.649,-2.528,-0.802,0.233,0.303
175.760,-11.043,-30.475,-2.860,-1.768,-0.051,-0.162
175.772,3.727,-15.212,-2.658,-2.444,-0.352,-0.629
175.784,45.476,-17.324,-2.295,-2.854,-0.609,-1.094
175.796,37.475,-19.844,-1.938,-3.433,-0.811,-1.565
175.809,-18.588,-44.450,-1.923,-4.259,-0.991,-2.047
175.821,-20.262,-35.274,-2.320,-5.510,-1.173,-2.553
175.833,-19.474,-29.589,-2.864,-6.847,-1.398,-3.086
175.845,-13.798,-35.853,-2.919,-7.312,-1.665,-3.626
175.857,-13.660,-25.944,-2.643,-7.364,-1.997,-4.179
175.869,47.487,27.645,-2.043,-6.989,-2.367,-4.713
175.881,20.170,43.154,-1.049,-5.991,-2.778,-5.203
175.893,-1.379,33.155,0.040,-4.748,-3.216,-5.609
175.904,-52.373,-31.993,0.914,-3.804,-3.638,-5.916
175.916,-38.474,-33.832,1.900,-3.404,-4.080,-6.171
175.929,-24.685,-35.573,2.838,-3.325,-4.506,-6.393
175.941,73.694,-13.182,3.531,-3.005,-4.932,-6.576
175.953,32.288,-0.159,4.713,-2.502,-5.292,-6.700
175.965,-8.401,-21.398,5.254,-2.096,-5.582,-6.761
175.975,-21.314,-7.995,5.242,-2.041,-5.735,-6.752
175.986,35.479,30.118,5.246,-1.362,-5.810,-6.681
175.997,11.106,-27.626,4.949,-1.426,-5.849,-6.582
176.007,-14.158,-4.525,4.176,-1.906,-5.848,-6.467
176.018,-79.553,2.034,2.711,-1.762,-5.848,-6.340
176.028,41.629,20.971,2.266,-1.228,-5.813,-6.159
176.039,42.584,-42.894,2.854,-0.945,-5.668,-5.942
176.049,-2.049,4.516,2.554,-0.928,-5.424,-5.705
176.059,-26.438,-39.978,2.076,-1.093,-5.146,-5.469
176.070,-3.178,43.370,1.474,-0.495,-4.810,-5.222
176.080,48.249,20.387,1.697,0.399,-4.432,-4.928
176.091,13.481,-51.401,1.909,-0.321,-4.002,-4.624
176.101,-33.325,12.152,1.789,-0.663,-3.535,-4.355
176.112,-11.912,25.401,1.126,0.183,-3.037,-4.064
176.122,63.033,-5.860,1.453,0.720,-2.513,-3.742
176.133,-36.253,-53.697,1.342,0.100,-1.937,-3.437
176.143,5.437,5.933,0.630,-0.438,-1.353,-3.189
176.154,34.280,25.669,0.833,-0.001,-0.760,-2.968
176.165,-45.269,-31.983,0.342,-0.092,-0.152,-2.750
176.175,-34.023,45.140,-0.545,-0.125,0.390,-2.576
176.186,20.157,28.773,-0.685,0.332,0.908,-2.407
176.197,10.797,-4.020,-0.582,0.270,1.446,-2.252
176.209,25.322,-35.358,-0.179,-0.404,1.950,-2.131
176.220,35.767,-54.277,0.370,-1.450,2.435,-2.063
176.233,32.969,-53.864,0.293,-2.525,2.930,-2.071
176.245,-7.211,-75.631,-0.284,-3.679,3.410,-2.157
176.257,-8.372,-81.001,-1.472,-4.081,3.862,-2.276
176.269,-7.334,-79.071,-2.799,-4.502,4.236,-2.429
176.281,-4.631,-28.712,-3.772,-4.793,4.553,-2.597
176.293,13.306,-21.615,-4.239,-3.832,4.812,-2.765
176.305,23.276,4.161,-4.087,-2.379,5.008,-2.904
176.317,35.155,3.717,-3.911,-0.435,5.158,-3.004
176.329,42.693,0.436,-3.652,1.244,5.264,-3.057
176.341,20.704,-28.230,-3.620,2.255,5.339,-3.082
176.353,5.138,-73.802,-4.153,2.615,5.357,-3.110
176.365,-37.232,-51.652,-4.541,2.790,5.333,-3.149
176.377,-35.277,-51.848,-5.274,2.957,5.272,-3.205
176.389,-31.157,-51.009,-6.320,2.843,5.159,-3.279
176.401,-27.845,-6.519,-7.264,2.730,4.990,-3.393
176.413,-16.486,-2.343,-7.922,3.509,4.793,-3.511
176.425,-10.877,-3.905,-8.225,4.405,4.558,-3.621
176.437,-12.320,0.752,-8.210,4.943,4.259,-3.771
176.450,-17.147,-6.759,-8.185,5.315,3.933,-3.946
176.462,-33.671,-6.485,-8.026,5.501,3.562,-4.170
176.474,-44.504,-17.953,-8.131,6.062,3.145,-4.461
176.486,-53.251,-20.596,-8.368,6.693,2.700,-4.779
176.498,-29.749,51.441,-8.236,7.157,2.260,-5.140
176.510,-22.294,54.622,-7.708,8.154,1.851,-5.490
176.522,-15.318,62.581,-7.078,9.724,1.484,-5.801
176.534,-1.340,74.172,-6.433,10.463,1.157,-6.067
176.546,2.574,76.659,-5.568,11.555,0.874,-6.262
176.558,2.003,47.566,-4.776,12.479,0.644,-6.374
176.570,2.061,28.426,-4.413,12.224,0.454,-6.430
176.582,-0.973,0.867,-4.334,11.394,0.289,-6.433
176.594,-14.729,0.726,-4.333,10.610,0.121,-6.380
176.606,-12.469,5.777,-4.698,10.026,-0.067,-6.268
176.618,4.100,40.239,-4.872,9.447,-0.323,-6.108
176.630,40.664,44.995,-4.785,9.371,-0.598,-5.876
176.643,78.076,10.960,-4.480,9.221,-0.835,-5.519
176.655,53.881,-18.074,-4.558,8.028,-1.052,-5.079
176.667,26.529,-19.630,-4.589,6.146,-1.236,-4.616
176.679,-0.543,-29.270,-4.683,4.607,-1.384,-4.124
176.691,-3.024,-18.100,-5.064,2.746,-1.541,-3.619
176.703,-3.901,-42.118,-5.271,1.481,-1.719,-3.130
176.715,-4.295,-34.720,-5.316,0.357,-1.960,-2.660
176.726,19.639,-5.834,-5.186,-0.451,-2.195,-2.228
176.737,44.265,15.877,-4.806,-0.801,-2.383,-1.793
176.749,1.946,-8.464,-4.524,-0.965,-2.552,-1.370
176.760,-10.962,-24.254,-4.583,-1.468,-2.699,-0.954
176.772,-36.695,-22.799,-5.003,-1.777,-2.884,-0.578
176.783,-30.242,59.092,-5.482,-1.052,-3.093,-0.233
176.794,-7.108,42.240,-5.708,0.096,-3.272,0.140
176.805,8.977,-50.971,-5.444,-0.198,-3.440,0.560
176.816,24.896,-64.996,-4.644,-1.804,-3.592,0.938
176.828,36.199,-48.370,-3.544,-3.507,-3.674,1.248
176.840,62.370,-21.593,-2.809,-4.403,-3.648,1.503
176.852,45.523,-7.588,-1.997,-4.823,-3.509,1.765
176.864,48.362,-4.243,-1.493,-4.995,-3.308,1.986
176.876,16.985,-22.443,-1.276,-5.059,-3.033,2.235
176.887,-31.026,-50.423,-1.671,-5.402,-2.771,2.391
176.898,-26.684,63.329,-2.778,-4.551,-2.547,2.528
176.909,-10.636,69.059,-3.625,-2.254,-2.353,2.759
176.921,-6.684,58.238,-4.134,0.379,-2.154,3.094
176.933,-5.721,60.024,-4.361,2.434,-1.946,3.506
176.945,-15.102,48.521,-4.526,3.454,-1.727,3.930
176.957,-28.107,25.710,-4.580,3.361,-1.504,4.320
176.968,-27.615,-28.136,-4.698,2.185,-1.276,4.629
176.980,-29.823,-6.723,-4.788,0.282,-1.050,4.829
176.992,-16.191,-37.609,-4.781,-1.254,-0.816,4.941
177.004,-9.095,-52.471,-4.736,-3.473,-0.586,4.925
177.016,-5.727,-58.903,-4.686,-5.959,-0.370,4.769
177.028,-3.977,-46.008,-4.679,-8.236,-0.171,4.478
177.039,-9.177,-54.811,-4.912,-10.153,0.021,4.074
177.051,-16.530,-64.094,-5.265,-11.276,0.189,3.585
177.063,-31.789,-56.694,-6.135,-12.438,0.325,3.039
177.075,-33.651,-47.882,-7.270,-13.226,0.412,2.461
177.087,-56.113,-30.801,-8.029,-13.242,0.460,1.885
177.099,-71.745,-8.801,-9.344,-13.196,0.465,1.316
177.110,-65.531,1.334,-10.756,-13.008,0.408,0.772
177.122,-28.541,-44.159,-11.380,-12.860,0.322,0.242
177.133,-3.219,-68.706,-11.093,-13.298,0.243,-0.299
177.144,4.796,-77.464,-10.313,-13.708,0.201,-0.866
177.156,7.127,-75.005,-9.363,-13.847,0.188,-1.467
177.167,-1.211,-73.576,-8.424,-13.266,0.183,-2.065
177.178,-6.411,64.037,-7.738,-10.880,0.169,-2.584
177.189,2.732,59.446,-6.983,-8.083,0.172,-2.970
177.201,0.474,64.439,-5.906,-5.556,0.190,-3.233
177.213,-1.453,65.392,-4.784,-2.822,0.207,-3.370
177.225,0.850,64.110,-3.926,-1.056,0.199,-3.399
177.237,-2.615,65.316,-3.014,1.012,0.146,-3.331
177.250,-4.014,65.864,-2.353,3.432,0.061,-3.139
177.262,-7.390,65.424,-2.144,5.578,-0.087,-2.847
177.274,-4.355,61.797,-2.372,7.599,-0.303,-2.433
177.286,-19.403,45.819,-2.719,8.457,-0.588,-1.928
177.298,-11.926,21.620,-3.652,8.813,-0.955,-1.360
177.309,-35.850,-21.055,-4.623,8.426,-1.412,-0.753
177.320,-20.237,-39.863,-5.657,7.376,-1.999,-0.155
177.331,1.233,18.049,-6.209,6.526,-2.653,0.434
177.342,-10.172,4.008,-6.436,5.907,-3.305,1.058
177.353,4.723,5.123,-6.270,5.042,-3.916,1.707
177.363,-5.650,-70.006,-6.020,4.072,-4.483,2.335
177.374,-17.259,-14.979,-5.902,2.994,-5.015,2.921
177.385,14.107,24.333,-5.530,2.279,-5.495,3.469
177.395,-32.684,-49.406,-5.413,1.395,-5.968,3.982
177.406,-26.025,-32.441,-5.993,-0.271,-6.443,4.444
177.417,32.467,48.970,-5.919,-1.039,-6.912,4.849
177.427,-28.507,-60.214,-5.893,-1.833,-7.336,5.233
177.438,-1.325,-50.446,-5.883,-2.870,-7.730,5.597
177.449,40.353,41.366,-5.279,-2.891,-8.096,5.962
177.460,-18.873,-14.842,-4.763,-2.754,-8.434,6.359
177.470,-10.682,-25.500,-4.330,-2.804,-8.744,6.762
177.481,-5.048,51.201,-3.932,-2.096,-9.033,7.162
177.492,-6.388,6.953,-3.681,-1.506,-9.305,7.614
177.502,60.045,4.198,-3.209,-1.456,-9.586,8.095
177.513,-30.831,-51.039,-3.067,-1.951,-9.853,8.598
177.524,16.572,20.096,-2.564,-2.025,-10.098,9.078
177.534,31.052,46.587,-1.822,-1.991,-10.312,9.558
177.545,-18.409,-46.201,-1.456,-2.341,-10.503,10.026
177.556,34.478,-3.807,-0.644,-2.478,-10.648,10.442
177.567,41.187,2.912,0.440,-2.355,-10.752,10.809
177.577,1.088,-48.465,0.579,-2.883,-10.819,11.133
177.588,-39.060,-36.765,0.339,-3.533,-10.866,11.365
177.598,-16.291,44.054,0.295,-3.573,-10.865,11.511
177.609,4.032,-13.168,0.532,-3.954,-10.900,11.680
177.619,20.633,-41.879,1.275,-5.160,-10.923,11.735
177.629,-14.793,-11.390,1.718,-5.993,-10.845,11.702
177.641,-52.894,10.983,2.087,-6.390,-10.661,11.546
177.653,7.115,-12.815,3.142,-6.642,-10.398,11.302
177.664,55.383,14.525,4.176,-6.552,-10.036,11.017
177.675,4.499,63.557,5.248,-5.590,-9.572,10.765
177.686,1.747,55.617,5.850,-5.119,-9.020,10.482
177.698,13.049,45.717,6.091,-4.664,-8.434,10.211
177.708,-46.220,-43.381,5.663,-4.810,-7.961,10.001
177.718,21.008,-38.427,5.072,-5.246,-7.471,9.714
177.728,33.519,37.888,4.707,-5.307,-6.988,9.353
177.738,-28.676,-12.160,3.547,-4.753,-6.514,8.941
177.748,-46.443,-22.909,2.496,-4.765,-6.102,8.467
177.758,39.679,18.354,2.273,-3.999,-5.686,7.960
177.768,7.346,-7.594,2.672,-3.612,-5.258,7.438
177.780,19.767,33.669,1.573,-3.636,-4.684,6.747
177.790,-27.403,-51.281,0.531,-4.173,-4.233,6.157
177.801,-13.161,50.374,-0.367,-4.636,-3.834,5.512
177.811,57.892,10.933,-0.149,-4.216,-3.431,4.861
177.821,-7.142,15.002,0.064,-3.908,-3.009,4.223
177.831,-28.317,-56.242,-0.548,-4.036,-2.599,3.603
177.841,37.004,42.359,-0.513,-4.234,-2.189,2.981
177.851,24.606,8.823,0.028,-3.694,-1.737,2.387
177.862,-78.332,7.693,0.136,-3.460,-1.293,1.836
177.872,15.566,-55.827,0.124,-3.441,-0.887,1.298
177.883,12.422,43.069,0.563,-3.395,-0.502,0.746
177.893,-29.936,-52.124,0.684,-3.010,-0.143,0.147
177.903,-18.641,-22.860,0.788,-3.149,0.187,-0.467
177.914,19.782,35.802,1.185,-2.711,0.443,-1.089
177.924,-12.818,-47.419,1.336,-2.373,0.628,-1.705
177.934,7.473,40.458,1.677,-2.418,0.781,-2.316
177.946,-13.917,8.125,1.563,-2.702,0.884,-3.065
177.956,-1.159,11.420,1.590,-3.585,0.914,-3.746
177.966,-18.094,-71.103,1.559,-2.795,0.946,-4.382
177.976,9.828,43.796,1.443,-3.152,0.949,-4.975
177.989,-3.014,9.526,1.279,-3.010,0.930,-5.634
178.001,3.295,-61.620,1.147,-3.330,0.888,-6.229
178.011,7.885,18.444,1.145,-3.226,0.870,-6.693
178.021,-4.756,-58.590,1.361,-2.899,0.874,-7.057
178.031,-6.859,26.268,1.569,-2.610,0.927,-7.328
178.041,17.966,40.997,1.834,-3.182,0.980,-7.570
178.052,-6.707,-78.068,1.780,-2.979,1.038,-7.748
178.062,-1.849,12.767,2.084,-3.358,1.087,-7.860
178.074,-19.675,47.177,2.146,-3.786,1.129,-7.944
178.084,2.447,-43.342,2.222,-3.501,1.157,-7.961
178.094,-6.784,16.789,2.265,-3.062,1.187,-7.924
178.105,4.251,58.997,2.152,-3.778,1.204,-7.893
178.115,7.693,-44.955,1.995,-3.618,1.197,-7.834
178.125,-5.294,11.045,2.003,-3.396,1.196,-7.711
178.137,8.969,9.486,2.231,-3.361,1.131,-7.545
178.149,9.416,-61.829,3.221,-4.301,1.124,-7.411
178.161,6.846,-38.638,3.004,-4.836,1.153,-7.326
178.173,-14.584,27.485,2.694,-4.087,1.199,-7.263
178.183,59.376,-19.028,2.326,-3.682,1.220,-7.216
178.195,-7.825,-30.476,1.169,-3.038,1.220,-7.140
178.206,-24.348,60.493,0.877,-2.518,1.198,-7.097
178.216,22.164,-0.927,0.860,-2.874,1.179,-7.096
178.226,-15.954,5.397,0.641,-2.162,1.176,-7.107
178.237,26.832,-29.738,0.817,-1.895,1.191,-7.129
178.247,-27.063,41.170,0.978,-1.759,1.263,-7.187
178.258,-16.797,-67.039,1.451,-1.573,1.380,-7.289
178.268,-22.254,44.806,2.212,-2.327,1.556,-7.445
178.278,29.613,-56.029,2.360,-2.379,1.778,-7.656
178.288,-17.806,25.427,2.511,-2.838,2.083,-7.902
178.298,5.972,-4.597,2.644,-3.352,2.439,-8.188
178.310,-29.139,32.659,2.294,-3.296,2.982,-8.517
178.320,31.460,-19.015,2.006,-3.286,3.510,-8.784
178.332,9.502,25.138,1.171,-2.623,4.180,-9.025
178.344,-14.085,-5.321,0.317,-2.269,4.853,-9.165
178.354,7.730,12.341,-0.671,-2.167,5.395,-9.240
178.366,13.994,-69.799,-1.112,-2.189,5.917,-9.277
178.376,-10.454,2.719,-0.882,-1.671,6.206,-9.331
178.388,0.651,-16.734,-0.368,-2.577,5.671,-9.627
178.398,-2.232,-0.313,-0.169,-3.772,3.571,-10.561
178.409,-14.275,-29.039,-1.930,-5.597,0.821,-11.681
178.419,-47.873,-12.027,-4.830,-7.989,-1.741,-12.691
178.430,-54.360,8.799,-7.365,-9.678,-3.952,-13.615
178.440,-38.720,22.970,-9.377,-10.786,-5.859,-14.434
178.451,-40.115,20.438,-11.034,-11.506,-7.482,-15.110
178.462,-28.679,5.399,-12.497,-11.924,-8.864,-15.634
178.472,-9.621,-3.484,-13.860,-12.071,-9.966,-15.954
178.483,-17.621,-11.938,-15.175,-12.035,-10.831,-16.070
178.493,-36.203,-12.274,-16.519,-11.871,-11.469,-16.005
178.504,-38.402,-11.887,-17.983,-11.610,-11.866,-15.777
178.514,-32.009,-6.879,-19.487,-11.183,-12.022,-15.402
178.525,-24.436,-5.039,-20.770,-10.435,-11.944,-14.909
178.535,-15.591,-1.730,-21.426,-9.241,-11.623,-14.298
178.546,-6.212,0.442,-20.959,-7.686,-11.067,-13.563
178.556,0.582,-0.503,-19.073,-6.049,-10.309,-12.707
178.567,6.299,-0.802,-15.969,-4.701,-9.469,-11.802
178.577,12.562,-2.287,-12.195,-3.821,-8.650,-10.935
178.587,17.105,0.159,-8.365,-3.295,-7.973,-10.203
178.598,12.309,5.571,-5.103,-2.786,-7.481,-9.646
178.608,5.321,7.678,-2.609,-2.124,-7.146,-9.199
178.618,-4.152,3.904,-0.912,-1.358,-6.905,-8.793
178.629,-10.288,-0.122,-0.203,-0.718,-6.700,-8.402
178.639,-11.077,-2.138,-0.517,-0.361,-6.505,-8.037
178.649,-9.171,-4.260,-1.483,-0.338,-6.315,-7.679
178.660,-0.800,-3.667,-2.403,-0.600,-6.140,-7.349
178.670,2.322,-0.357,-2.751,-0.853,-5.982,-7.032
178.680,0.838,1.191,-2.653,-0.943,-5.826,-6.723
178.691,-3.420,0.529,-2.441,-0.881,-5.671,-6.412
178.701,-5.412,-1.300,-2.418,-0.820,-5.524,-6.116
178.711,-3.646,-1.228,-2.560,-0.835,-5.381,-5.838
178.722,-1.153,-1.153,-2.649,-0.885,-5.240,-5.566
178.732,-1.248,-0.499,-2.585,-0.914,-5.098,-5.298
178.742,-2.778,-0.953,-2.504,-0.911,-4.963,-5.048
178.752,-3.441,-0.964,-2.507,-0.907,-4.837,-4.812
178.763,-1.972,-0.881,-2.537,-0.899,-4.716,-4.584
178.773,-1.958,-0.708,-2.512,-0.883,-4.605,-4.362
178.783,-2.675,-1.420,-2.468,-0.880,-4.500,-4.153
178.794,-2.683,-1.005,-2.457,-0.897,-4.400,-3.952
178.804,-2.208,-0.624,-2.459,-0.895,-4.307,-3.755
178.814,-2.103,-0.757,-2.448,-0.894,-4.218,-3.576
178.825,-2.492,-1.204,-2.428,-0.911,-4.140,-3.401
178.835,-2.506,-0.793,-2.418,-0.926,-4.061,-3.234
178.845,-2.263,-0.796,-2.412,-0.921,-3.986,-3.075
178.856,-2.222,-0.964,-2.399,-0.906,-3.920,-2.925
178.866,-2.298,-0.919,-2.384,-0.901,-3.851,-2.785
178.876,-2.261,-0.921,-2.379,-0.903,-3.783,-2.648
178.887,-2.214,-0.960,-2.373,-0.900,-3.714,-2.521
178.897,-2.550,-0.794,-2.366,-0.891,-3.645,-2.400
178.907,-2.134,-1.004,-2.366,-0.890,-3.573,-2.283
178.918,-2.353,-0.924,-2.359,-0.895,-3.509,-2.175
178.928,-2.430,-0.712,-2.359,-0.899,-3.446,-2.070
178.938,-2.306,-0.964,-2.365,-0.903,-3.381,-1.973
178.949,-2.381,-0.793,-2.365,-0.911,-3.322,-1.882
178.959,-2.434,-0.755,-2.360,-0.913,-3.270,-1.800
178.969,-2.466,-0.877,-2.359,-0.910,-3.221,-1.716
178.980,-2.459,-0.791,-2.356,-0.907,-3.173,-1.630
178.990,-2.296,-1.001,-2.355,-0.911,-3.132,-1.553
179.000,-2.343,-0.962,-2.350,-0.910,-3.092,-1.476
179.010,-2.254,-1.001,-2.343,-0.912,-3.055,-1.404
179.021,-2.393,-0.965,-2.336,-0.912,-3.016,-1.334
179.031,-2.303,-0.753,-2.334,-0.903,-2.974,-1.274
179.041,-1.916,-0.833,-2.337,-0.893,-2.938,-1.221
179.051,-2.174,-1.003,-2.332,-0.880,-2.898,-1.167
179.062,-2.383,-1.128,-2.331,-0.884,-2.862,-1.117
179.072,-2.376,-1.167,-2.330,-0.897,-2.820,-1.068
179.082,-2.388,-0.628,-2.339,-0.902,-2.776,-1.022
179.092,-2.301,-0.794,-2.349,-0.894,-2.731,-0.970
179.103,-2.685,-1.132,-2.351,-0.892,-2.692,-0.921
179.113,-2.343,-1.045,-2.356,-0.900,-2.652,-0.881
179.123,-2.248,-0.832,-2.356,-0.910,-2.621,-0.850
179.133,-2.294,-0.709,-2.349,-0.912,-2.594,-0.826
179.144,-2.435,-0.629,-2.345,-0.907,-2.568,-0.797
179.154,-2.348,-0.796,-2.340,-0.896,-2.548,-0.764
179.164,-2.383,-1.337,-2.334,-0.890,-2.526,-0.730
179.174,-2.390,-1.215,-2.326,-0.890,-2.503,-0.698
179.185,-2.225,-1.217,-2.327,-0.888,-2.484,-0.663
179.195,-2.137,-1.047,-2.333,-0.893,-2.460,-0.630
179.205,-2.371,-0.873,-2.337,-0.898,-2.439,-0.611
179.215,-2.510,-0.836,-2.346,-0.904,-2.428,-0.594
179.226,-2.381,-1.127,-2.361,-0.906,-2.420,-0.576
179.236,-2.343,-1.045,-2.373,-0.906,-2.410,-0.560
179.246,-2.426,-0.962,-2.382,-0.906,-2.394,-0.545
179.256,-2.378,-1.042,-2.388,-0.901,-2.383,-0.532
179.267,-2.383,-0.836,-2.388,-0.898,-2.371,-0.516
179.277,-2.505,-0.709,-2.385,-0.891,-2.370,-0.494