R
Px,I,D,Py,I,D,Pz,I,D,FFrx,y,FFdrx,y,satI,satPID,DTermC,GparamC,AparamC,KFQAng,KFQbias,KFRmeas
175,25,1900,200,25,2100,100,10,0,0,0,0,7,75,10,10.0,16.0,0.001,0.003,0.03
sysTime,GPT1X,GPT1Z,aPT1R,aPT1P,aKFRawR,aKFRawP,aKFPT10R,aKFPT10P,aKFPT20R,aKFPT20P,aKFPT21R,aKFPT21P
623.648,-0.380,-0.838,-0.345,0.639,-0.339,0.609,-0.336,0.610,-0.333,0.609,-0.336,0.610
623.659,-0.813,-0.397,-0.352,0.619,-0.354,0.601,-0.350,0.606,-0.347,0.607,-0.342,0.606
623.669,-1.025,-0.468,-0.385,0.603,-0.373,0.588,-0.363,0.595,-0.359,0.597,-0.351,0.600
623.680,-1.100,-1.146,-0.346,0.605,-0.378,0.561,-0.376,0.568,-0.372,0.571,-0.361,0.593
623.691,-1.608,-0.864,-0.366,0.613,-0.393,0.577,-0.388,0.582,-0.383,0.585,-0.370,0.588
623.701,-0.494,0.423,-0.378,0.621,-0.371,0.598,-0.364,0.602,-0.359,0.605,-0.376,0.586
623.712,-0.443,-0.708,-0.353,0.618,-0.370,0.571,-0.367,0.575,-0.362,0.578,-0.378,0.585
623.723,0.453,-0.316,-0.362,0.603,-0.363,0.571,-0.358,0.577,-0.354,0.581,-0.378,0.582
623.733,1.048,-0.259,-0.382,0.648,-0.344,0.574,-0.336,0.572,-0.331,0.575,-0.368,0.579
623.744,0.913,-1.148,-0.391,0.684,-0.336,0.576,-0.327,0.568,-0.321,0.569,-0.353,0.580
623.755,1.046,-0.185,-0.396,0.644,-0.324,0.589,-0.314,0.588,-0.308,0.588,-0.341,0.577
623.765,-0.379,0.397,-0.392,0.666,-0.353,0.617,-0.345,0.613,-0.338,0.612,-0.338,0.584
623.776,-1.150,0.395,-0.390,0.656,-0.381,0.627,-0.374,0.625,-0.366,0.623,-0.347,0.593
623.787,-0.583,0.058,-0.394,0.649,-0.384,0.621,-0.376,0.620,-0.368,0.619,-0.357,0.597
623.797,-0.012,-0.069,-0.356,0.605,-0.377,0.614,-0.376,0.621,-0.370,0.621,-0.364,0.601
623.808,0.308,1.042,-0.363,0.590,-0.376,0.634,-0.374,0.643,-0.368,0.644,-0.364,0.608
623.819,0.075,0.290,-0.348,0.628,-0.384,0.621,-0.385,0.623,-0.380,0.626,-0.362,0.615
623.829,0.151,0.530,-0.357,0.640,-0.377,0.645,-0.376,0.644,-0.373,0.647,-0.359,0.622
623.840,0.003,0.464,-0.351,0.621,-0.382,0.636,-0.383,0.639,-0.379,0.641,-0.360,0.625
623.851,0.134,1.036,-0.332,0.636,-0.380,0.646,-0.383,0.646,-0.381,0.648,-0.359,0.630
623.861,0.232,0.045,-0.330,0.643,-0.377,0.635,-0.381,0.634,-0.381,0.635,-0.358,0.636
623.872,-0.123,0.427,-0.332,0.634,-0.371,0.644,-0.375,0.644,-0.375,0.645,-0.353,0.639
623.883,-0.495,0.652,-0.354,0.598,-0.407,0.648,-0.407,0.655,-0.407,0.657,-0.360,0.643
623.893,-0.735,0.302,-0.336,0.572,-0.431,0.636,-0.433,0.647,-0.434,0.652,-0.369,0.647
623.904,0.320,0.849,-0.327,0.608,-0.392,0.667,-0.396,0.672,-0.398,0.676,-0.365,0.655
623.915,0.745,1.278,-0.296,0.587,-0.371,0.682,-0.381,0.690,-0.383,0.695,-0.358,0.665
623.925,-0.585,0.831,-0.330,0.598,-0.390,0.680,-0.393,0.686,-0.397,0.692,-0.353,0.673
623.936,-0.898,1.429,-0.326,0.620,-0.381,0.706,-0.385,0.707,-0.389,0.712,-0.354,0.683
623.947,-1.298,0.680,-0.315,0.657,-0.396,0.695,-0.402,0.690,-0.406,0.693,-0.362,0.689
623.957,-1.699,-0.266,-0.339,0.673,-0.415,0.674,-0.416,0.666,-0.420,0.667,-0.373,0.687
623.968,-1.072,-0.357,-0.303,0.670,-0.393,0.676,-0.400,0.669,-0.404,0.667,-0.382,0.682
623.979,-0.747,-1.133,-0.292,0.665,-0.390,0.655,-0.399,0.650,-0.405,0.647,-0.387,0.672
623.989,0.428,-0.726,-0.284,0.621,-0.359,0.638,-0.369,0.641,-0.376,0.638,-0.383,0.660
624.000,-0.501,-0.252,-0.285,0.647,-0.370,0.645,-0.380,0.642,-0.387,0.641,-0.377,0.654
624.011,-0.171,0.251,-0.306,0.631,-0.360,0.648,-0.366,0.648,-0.373,0.647,-0.372,0.653
624.021,-0.425,0.454,-0.326,0.643,-0.368,0.661,-0.369,0.659,-0.375,0.658,-0.369,0.655
624.032,-0.528,0.472,-0.303,0.633,-0.353,0.661,-0.358,0.661,-0.364,0.661,-0.366,0.660
624.043,-1.295,-0.586,-0.282,0.609,-0.390,0.626,-0.399,0.630,-0.404,0.630,-0.374,0.656
624.053,-0.497,-0.842,-0.359,0.643,-0.395,0.626,-0.389,0.624,-0.393,0.624,-0.379,0.648
624.064,0.185,-1.553,-0.344,0.699,-0.359,0.625,-0.356,0.613,-0.358,0.611,-0.372,0.639
624.075,-0.323,-1.175,-0.336,0.692,-0.364,0.625,-0.363,0.615,-0.364,0.612,-0.367,0.627
624.085,-0.943,0.048,-0.351,0.690,-0.387,0.641,-0.383,0.632,-0.383,0.626,-0.369,0.622
624.096,-0.302,-0.529,-0.337,0.705,-0.367,0.624,-0.367,0.612,-0.366,0.605,-0.371,0.621
624.107,1.128,-0.206,-0.336,0.735,-0.320,0.649,-0.320,0.632,-0.319,0.623,-0.360,0.622
624.117,0.744,0.503,-0.337,0.729,-0.311,0.665,-0.310,0.650,-0.309,0.639,-0.346,0.627
624.128,0.197,-0.283,-0.357,0.733,-0.309,0.655,-0.304,0.640,-0.303,0.628,-0.335,0.633
624.139,0.078,0.353,-0.339,0.716,-0.299,0.690,-0.298,0.679,-0.297,0.667,-0.331,0.643
624.149,0.690,-0.086,-0.304,0.715,-0.279,0.692,-0.284,0.682,-0.284,0.670,-0.326,0.652
624.160,0.420,-0.164,-0.316,0.705,-0.298,0.682,-0.301,0.674,-0.302,0.663,-0.321,0.653
624.171,0.982,0.987,-0.309,0.696,-0.271,0.696,-0.275,0.690,-0.277,0.681,-0.308,0.659
624.181,-0.059,0.687,-0.351,0.699,-0.301,0.702,-0.298,0.695,-0.299,0.687,-0.302,0.672
624.192,0.248,-0.201,-0.370,0.725,-0.316,0.686,-0.309,0.675,-0.308,0.666,-0.304,0.676
624.203,1.303,-1.133,-0.349,0.711,-0.298,0.651,-0.295,0.643,-0.293,0.634,-0.298,0.669
624.213,1.487,0.853,-0.330,0.712,-0.278,0.689,-0.278,0.681,-0.277,0.672,-0.283,0.670
624.224,1.026,0.372,-0.333,0.727,-0.274,0.693,-0.274,0.683,-0.274,0.673,-0.270,0.681
624.234,-0.089,0.182,-0.305,0.706,-0.276,0.680,-0.281,0.674,-0.282,0.665,-0.265,0.685
624.245,0.670,0.710,-0.286,0.698,-0.268,0.706,-0.276,0.702,-0.279,0.693,-0.267,0.695
624.256,1.048,0.327,-0.301,0.736,-0.240,0.696,-0.245,0.686,-0.248,0.678,-0.256,0.699
624.266,0.221,0.453,-0.330,0.712,-0.263,0.704,-0.263,0.698,-0.266,0.691,-0.252,0.705
624.277,-0.503,0.143,-0.335,0.717,-0.297,0.695,-0.296,0.689,-0.298,0.682,-0.258,0.709
624.288,0.219,0.847,-0.324,0.699,-0.281,0.720,-0.282,0.717,-0.283,0.711,-0.263,0.717
624.298,0.803,0.485,-0.339,0.676,-0.269,0.713,-0.267,0.714,-0.268,0.710,-0.261,0.723
624.309,-0.260,-0.420,-0.315,0.647,-0.273,0.689,-0.276,0.695,-0.277,0.694,-0.258,0.723
624.320,-0.137,-0.281,-0.324,0.627,-0.281,0.679,-0.282,0.689,-0.283,0.690,-0.264,0.717
624.330,-0.101,0.352,-0.274,0.668,-0.276,0.701,-0.286,0.703,-0.289,0.704,-0.266,0.716
624.341,-0.903,-0.504,-0.267,0.697,-0.306,0.687,-0.316,0.684,-0.321,0.686,-0.275,0.712
624.352,-1.203,-0.612,-0.283,0.675,-0.326,0.671,-0.333,0.672,-0.338,0.673,-0.285,0.704
624.362,-0.282,-0.731,-0.273,0.693,-0.307,0.663,-0.316,0.661,-0.322,0.661,-0.290,0.695
624.374,-0.733,-1.526,-0.297,0.666,-0.326,0.618,-0.330,0.621,-0.336,0.621,-0.293,0.683
624.385,-1.515,-1.531,-0.279,0.667,-0.346,0.596,-0.353,0.598,-0.359,0.599,-0.303,0.665
624.396,-0.314,-1.018,-0.258,0.632,-0.329,0.592,-0.340,0.600,-0.347,0.603,-0.314,0.653
624.407,-0.085,-0.477,-0.255,0.651,-0.321,0.608,-0.332,0.613,-0.340,0.616,-0.314,0.646
624.418,0.326,0.254,-0.301,0.637,-0.304,0.630,-0.306,0.638,-0.313,0.642,-0.308,0.648
624.429,-0.050,0.656,-0.312,0.668,-0.318,0.646,-0.317,0.647,-0.324,0.651,-0.305,0.652
624.440,-0.825,0.320,-0.347,0.666,-0.339,0.646,-0.332,0.647,-0.336,0.651,-0.306,0.658
624.451,-0.155,-0.023,-0.357,0.648,-0.325,0.636,-0.316,0.641,-0.317,0.644,-0.308,0.663
624.462,-0.399,0.281,-0.344,0.682,-0.326,0.665,-0.320,0.663,-0.319,0.665,-0.307,0.668
624.474,-0.275,0.741,-0.327,0.712,-0.307,0.695,-0.305,0.687,-0.303,0.688,-0.308,0.676
624.485,0.050,0.825,-0.333,0.696,-0.283,0.705,-0.280,0.700,-0.278,0.700,-0.305,0.685
624.496,0.978,1.409,-0.407,0.617,-0.278,0.705,-0.260,0.717,-0.256,0.717,-0.301,0.697
624.508,1.090,-0.951,0.111,1.239,-0.144,0.770,-0.196,0.662,-0.216,0.648,-0.280,0.698
624.519,1.505,-1.750,-0.825,0.958,-0.409,0.669,-0.232,0.625,-0.226,0.609,-0.272,0.683
624.531,0.191,-1.241,-0.278,1.221,-0.316,0.792,-0.221,0.690,-0.215,0.647,-0.254,0.683
624.542,0.783,-1.193,-0.648,1.167,-0.356,0.740,-0.226,0.699,-0.203,0.630,-0.253,0.682
624.553,-0.374,-0.106,0.078,1.317,-0.202,0.847,-0.237,0.778,-0.230,0.702,-0.253,0.701
624.564,0.286,-1.015,-0.445,1.284,-0.300,0.844,-0.231,0.786,-0.224,0.701,-0.259,0.718
624.575,0.187,-0.131,-0.046,0.859,-0.205,0.793,-0.226,0.826,-0.229,0.754,-0.259,0.737
624.587,0.566,-0.335,-0.373,1.256,-0.266,0.896,-0.220,0.847,-0.223,0.781,-0.257,0.757
624.598,-0.596,-1.424,-0.191,0.985,-0.245,0.796,-0.237,0.810,-0.247,0.749,-0.256,0.763
624.609,-0.745,-0.166,-0.517,1.106,-0.323,0.860,-0.249,0.847,-0.249,0.791,-0.264,0.772
624.620,-1.356,-0.120,-0.391,1.188,-0.336,0.890,-0.291,0.861,-0.285,0.797,-0.277,0.786
624.632,-1.289,-0.213,-0.239,1.308,-0.294,0.927,-0.281,0.874,-0.279,0.805,-0.290,0.801
624.643,-0.618,-1.308,-0.319,1.335,-0.297,0.890,-0.267,0.833,-0.266,0.766,-0.299,0.808
624.654,0.291,-0.602,-0.258,1.599,-0.259,0.994,-0.243,0.883,-0.245,0.808,-0.302,0.822
624.666,-0.046,-0.284,-0.514,1.558,-0.314,1.020,-0.244,0.920,-0.242,0.839,-0.298,0.842
624.677,0.502,0.253,-0.641,1.692,-0.314,1.095,-0.220,0.979,-0.210,0.886,-0.292,0.870
624.688,1.039,0.151,-1.107,1.875,-0.406,1.203,-0.217,1.051,-0.179,0.929,-0.285,0.908
624.700,0.046,-0.111,-1.206,1.529,-0.503,1.167,-0.303,1.102,-0.235,0.953,-0.297,0.946
624.711,0.502,-0.158,-1.061,1.270,-0.499,1.126,-0.350,1.142,-0.248,0.992,-0.317,0.988
624.722,-0.459,-0.084,-0.452,0.625,-0.433,0.973,-0.413,1.126,-0.311,1.028,-0.346,1.021
624.734,0.248,-0.175,-0.424,0.556,-0.333,0.834,-0.370,1.046,-0.293,1.029,-0.365,1.032
624.745,-0.259,-0.787,-0.540,0.846,-0.371,0.812,-0.375,0.998,-0.337,1.020,-0.382,1.030
624.756,-0.258,-1.058,-0.588,0.520,-0.372,0.722,-0.372,1.006,-0.351,1.003,-0.391,1.021
624.767,0.899,-0.173,-0.926,-0.109,-0.441,0.567,-0.370,1.037,-0.326,1.021,-0.397,1.021
624.778,0.741,-0.290,-0.478,0.038,-0.311,0.431,-0.400,0.991,-0.330,1.036,-0.406,1.022
624.789,0.434,-0.234,-0.293,0.901,-0.267,0.442,-0.408,0.900,-0.374,1.010,-0.420,0.999
624.800,0.905,0.608,-0.541,1.655,-0.268,0.568,-0.369,0.963,-0.364,1.016,-0.415,0.986
624.811,1.498,0.324,-0.812,1.994,-0.297,0.649,-0.390,1.045,-0.348,1.010,-0.410,0.996
624.821,0.959,-0.349,-0.769,1.691,-0.251,0.475,-0.414,1.019,-0.351,0.984,-0.412,1.005
624.833,0.244,-0.119,-1.050,2.127,-0.284,0.438,-0.432,1.009,-0.389,0.981,-0.424,1.008
624.844,1.071,-0.304,-1.027,1.601,-0.197,0.276,-0.465,1.065,-0.395,0.981,-0.435,1.024
624.855,0.329,0.246,-1.107,1.285,-0.193,0.169,-0.505,1.093,-0.406,1.035,-0.449,1.051
624.866,0.137,0.913,-0.870,0.664,-0.000,-0.111,-0.476,1.061,-0.423,1.068,-0.468,1.066
624.877,0.028,-0.094,-0.507,0.106,0.219,-0.333,-0.497,1.026,-0.454,1.039,-0.484,1.071
624.887,1.792,0.648,0.142,-0.250,0.520,-0.577,-0.461,0.999,-0.409,1.064,-0.492,1.071
624.898,0.463,-0.162,-0.444,-0.362,0.558,-0.845,-0.426,0.858,-0.443,1.011,-0.490,1.044
624.909,0.554,-0.117,0.251,-0.932,0.848,-1.053,-0.377,0.820,-0.417,0.964,-0.476,1.008
624.920,-0.007,0.029,0.040,-0.487,0.893,-1.164,-0.372,0.720,-0.402,0.914,-0.466,0.966
624.931,0.348,-0.557,-0.448,-1.213,0.977,-1.567,-0.313,0.613,-0.394,0.861,-0.455,0.912
624.942,-0.072,0.010,-0.674,-0.845,1.024,-1.602,-0.360,0.586,-0.391,0.815,-0.443,0.855
624.953,-0.596,-0.304,-0.131,-0.352,1.233,-1.747,-0.379,0.500,-0.402,0.762,-0.448,0.798
624.964,0.983,1.142,-0.543,-1.021,1.360,-1.902,-0.318,0.517,-0.383,0.758,-0.443,0.746
624.975,-0.047,0.741,0.370,-1.268,1.583,-2.159,-0.353,0.460,-0.388,0.705,-0.432,0.704
624.986,0.430,0.750,-0.384,-1.263,1.641,-2.337,-0.306,0.344,-0.373,0.648,-0.427,0.644
624.997,1.022,1.528,-0.245,-1.852,1.760,-2.662,-0.262,0.321,-0.332,0.601,-0.403,0.587
625.008,1.324,2.212,-0.577,-0.940,1.766,-2.646,-0.245,0.271,-0.276,0.579,-0.382,0.539
625.019,0.771,1.265,0.023,-0.638,1.952,-2.753,-0.222,0.205,-0.305,0.493,-0.367,0.481
625.030,0.926,1.444,0.221,-0.227,2.019,-2.694,-0.223,0.240,-0.289,0.457,-0.348,0.438
625.042,1.001,0.136,-0.160,-0.354,2.104,-2.835,-0.188,0.154,-0.260,0.386,-0.329,0.391
625.052,0.814,0.391,-0.979,0.000,2.050,-2.868,-0.183,0.178,-0.263,0.356,-0.308,0.345
625.063,-0.376,0.363,-0.531,-0.125,2.077,-2.941,-0.261,0.213,-0.274,0.329,-0.301,0.317
625.074,-0.209,0.547,-0.572,0.337,2.017,-2.871,-0.281,0.168,-0.284,0.300,-0.313,0.287
625.085,-0.736,0.423,-0.596,0.850,1.955,-2.735,-0.302,0.206,-0.330,0.275,-0.322,0.267
625.096,-0.798,0.953,-0.701,1.551,1.923,-2.529,-0.387,0.319,-0.347,0.294,-0.341,0.274
625.108,-0.539,0.827,-0.359,1.321,1.987,-2.589,-0.394,0.316,-0.369,0.295,-0.368,0.284
625.119,0.324,0.502,-0.642,1.247,1.904,-2.602,-0.361,0.350,-0.370,0.300,-0.376,0.297
625.130,0.056,1.149,-0.871,1.488,1.736,-2.400,-0.415,0.453,-0.385,0.352,-0.383,0.326
625.142,0.877,0.872,-1.041,1.868,1.707,-2.294,-0.399,0.472,-0.370,0.391,-0.394,0.357
625.153,0.559,1.131,-1.031,1.676,1.678,-2.340,-0.442,0.544,-0.409,0.416,-0.403,0.389
625.164,1.021,0.241,-0.354,1.893,1.797,-2.200,-0.465,0.605,-0.400,0.443,-0.416,0.434
625.176,0.419,-1.089,-1.369,1.778,1.589,-2.225,-0.488,0.586,-0.437,0.441,-0.432,0.462
625.187,0.493,-0.416,-1.394,2.019,1.667,-2.065,-0.541,0.680,-0.447,0.480,-0.448,0.496
625.198,1.309,-0.827,-1.489,2.587,1.679,-1.876,-0.590,0.722,-0.446,0.518,-0.477,0.539
625.209,0.962,-0.023,-1.544,1.909,1.600,-2.048,-0.637,0.843,-0.502,0.599,-0.509,0.591
625.220,0.416,0.184,-0.684,2.491,1.871,-1.997,-0.656,0.951,-0.515,0.671,-0.539,0.662
625.231,0.439,1.179,-0.304,0.334,1.920,-1.919,-0.630,1.119,-0.559,0.781,-0.569,0.750
625.242,1.575,0.743,-0.764,0.227,1.831,-2.133,-0.539,1.057,-0.518,0.861,-0.574,0.827
625.253,1.064,-0.540,-1.050,0.578,1.830,-1.617,-0.552,0.956,-0.518,0.859,-0.566,0.862
625.264,1.332,-2.441,-0.068,-2.622,0.990,-2.242,-0.622,0.724,-0.548,0.822,-0.587,0.842
625.275,2.809,-2.626,-0.088,-0.762,1.524,-2.311,-0.560,0.582,-0.526,0.761,-0.588,0.783
625.286,3.014,-5.260,-1.464,1.649,0.781,-1.571,-0.551,0.468,-0.523,0.584,-0.576,0.700
625.297,4.067,-9.354,0.090,-1.497,1.176,-2.327,-0.510,0.278,-0.492,0.389,-0.557,0.594
625.309,7.290,-12.456,2.750,-3.265,1.161,-2.498,-0.271,-0.032,-0.338,0.204,-0.495,0.438
625.320,10.588,-14.616,3.388,-4.479,1.655,-3.067,0.082,-0.433,-0.146,-0.048,-0.371,0.217
625.332,14.874,-18.967,2.833,-3.899,1.964,-3.373,0.481,-1.028,0.141,-0.467,-0.170,-0.086
625.343,17.670,-27.025,1.463,-2.151,1.960,-3.537,0.800,-1.575,0.437,-1.048,0.071,-0.458
625.355,24.661,-32.101,-1.944,0.543,1.561,-3.275,1.212,-2.092,0.916,-1.609,0.365,-0.882
625.366,28.992,-38.310,-2.776,2.000,1.656,-3.628,1.402,-2.419,1.294,-2.189,0.661,-1.296
625.378,31.920,-44.494,-3.455,1.472,0.897,-4.379,1.603,-2.894,1.649,-2.736,0.950,-1.732
625.389,34.926,-42.556,-2.675,4.984,0.976,-3.631,1.750,-2.970,1.939,-3.036,1.212,-2.123
625.401,39.148,-40.434,-0.886,-2.074,1.687,-4.394,2.177,-3.096,2.315,-3.201,1.499,-2.434
625.412,40.657,-35.785,-0.546,1.467,2.117,-4.188,2.492,-3.311,2.636,-3.315,1.801,-2.706
625.423,34.591,-25.739,-0.753,-0.967,2.170,-4.994,2.631,-2.995,2.728,-3.142,2.070,-2.851
625.435,25.906,-11.367,-0.095,-1.200,2.132,-5.319,2.458,-2.811,2.554,-2.760,2.221,-2.881
625.446,16.367,5.401,0.301,-1.404,2.120,-4.452,2.325,-2.172,2.339,-2.144,2.285,-2.735
625.458,5.056,23.951,-2.821,-0.269,1.180,-3.268,1.898,-1.566,1.978,-1.377,2.225,-2.436
625.469,-10.440,43.416,-1.250,1.530,0.380,-1.721,1.176,-0.500,1.308,-0.435,1.994,-1.937
625.481,-28.906,64.997,0.873,-2.652,-0.419,-0.799,0.377,0.696,0.433,0.797,1.599,-1.231
625.492,-47.268,85.161,1.437,-1.200,-0.095,0.800,-0.602,1.944,-0.638,2.150,1.028,-0.348
625.504,-56.710,103.059,0.508,-1.059,-0.372,2.367,-1.378,3.357,-1.474,3.521,0.359,0.679
625.515,-67.791,121.279,-2.513,0.628,-1.845,4.261,-2.403,4.860,-2.422,5.074,-0.393,1.868
625.527,-80.113,135.388,-0.031,4.531,-2.934,6.402,-3.536,6.589,-3.515,6.585,-1.252,3.190
625.538,-90.831,142.922,0.133,-1.141,-4.146,7.387,-4.624,8.156,-4.654,8.053,-2.187,4.588
625.550,-94.087,145.784,-0.152,2.975,-5.178,9.203,-5.535,9.279,-5.559,9.321,-3.136,5.948
625.561,-96.862,135.640,-0.561,5.325,-6.051,10.794,-6.388,10.319,-6.418,10.091,-4.056,7.212
625.573,-54.101,92.221,-0.508,2.380,-5.598,9.947,-5.732,9.846,-5.807,9.645,-4.714,8.136
625.584,-14.246,48.226,-4.084,1.966,-4.580,8.920,-4.747,8.912,-4.697,8.681,-4.838,8.498
625.596,14.957,7.652,-3.120,5.824,-3.141,8.503,-3.933,7.709,-3.725,7.381,-4.637,8.387
625.607,42.319,-27.993,-1.912,5.725,-1.345,6.951,-2.786,6.369,-2.570,5.897,-4.154,7.892
625.619,64.101,-56.243,-4.567,5.590,-1.263,5.979,-1.567,5.048,-1.250,4.449,-3.424,7.114
625.630,77.099,-79.298,-1.115,0.750,0.346,3.995,-0.507,3.519,-0.165,2.926,-2.574,6.103
625.642,87.483,-95.167,0.608,1.534,2.397,2.716,0.690,1.865,0.910,1.435,-1.617,4.905
625.653,96.079,-106.653,-1.178,1.978,3.993,0.721,2.026,0.430,2.139,0.003,-0.582,3.624
625.665,100.817,-112.731,-0.916,-0.070,5.174,-1.911,2.936,-1.023,3.120,-1.304,0.444,2.294
625.676,105.231,-114.741,0.966,0.882,6.645,-3.834,4.106,-2.277,4.171,-2.485,1.493,0.980
625.688,105.767,-115.755,-1.403,-0.118,8.000,-4.839,5.071,-3.480,5.093,-3.619,2.521,-0.303
625.699,101.848,-111.368,1.986,1.990,9.566,-5.015,5.700,-4.451,5.712,-4.544,3.457,-1.503
625.711,98.848,-103.686,1.320,-0.342,10.516,-5.775,6.676,-5.108,6.453,-5.251,4.373,-2.585
625.723,92.793,-93.364,0.294,0.213,10.875,-6.095,7.156,-5.704,6.963,-5.717,5.177,-3.497
625.734,78.315,-85.199,2.654,0.864,11.795,-6.243,7.318,-6.128,7.037,-6.181,5.820,-4.265
625.745,63.851,-77.293,-2.811,-1.014,11.584,-6.877,7.333,-6.571,7.061,-6.477,6.282,-4.914
625.757,35.718,-57.699,2.697,2.030,11.412,-6.646,6.692,-6.460,6.457,-6.395,6.476,-5.393
625.768,-0.235,-26.368,7.297,-0.863,10.966,-6.394,5.722,-5.702,5.217,-5.602,6.321,-5.532
625.780,-27.837,-0.125,5.401,-2.248,9.721,-5.378,4.829,-4.813,4.112,-4.667,5.903,-5.361
625.791,-55.466,23.742,2.464,-1.644,7.824,-4.396,3.515,-3.900,2.778,-3.607,5.228,-4.948
625.803,-82.200,44.803,2.963,2.212,5.674,-3.204,1.803,-2.694,1.143,-2.489,4.269,-4.306
625.814,-101.960,64.686,3.986,-6.284,3.848,-3.005,0.314,-1.481,-0.420,-1.197,3.132,-3.486
625.826,-119.232,80.612,2.589,-1.191,2.105,-1.445,-1.267,-0.381,-1.937,0.103,1.864,-2.535
625.837,-132.219,94.227,2.826,-0.729,0.639,-0.098,-2.860,1.073,-3.495,1.403,0.477,-1.466
625.849,-139.211,108.142,0.026,-3.221,-1.311,0.262,-4.339,2.297,-4.856,2.827,-0.924,-0.335
625.860,-146.115,117.887,1.481,0.739,-3.045,1.474,-5.884,3.659,-6.282,4.106,-2.365,0.860
625.872,-147.569,129.422,0.247,-3.376,-4.822,1.491,-7.217,5.093,-7.571,5.469,-3.792,2.100
625.883,-146.671,136.938,-0.710,-2.175,-6.433,2.537,-8.544,6.165,-8.702,6.776,-5.168,3.356
625.895,-70.357,97.229,6.165,1.841,-4.766,2.512,-7.073,6.152,-7.397,6.555,-6.019,4.381
625.906,1.570,59.655,4.136,-2.273,-3.706,1.174,-4.714,5.589,-5.137,5.882,-5.895,4.940
625.918,57.541,33.006,4.529,-3.862,-1.591,-0.419,-2.317,4.637,-2.740,5.197,-5.067,5.068
625.929,96.903,11.569,7.631,-4.409,0.548,-1.548,0.165,3.771,-0.375,4.400,-3.717,4.891
625.941,117.593,-3.099,7.349,-6.097,2.693,-2.994,2.297,2.777,1.593,3.586,-2.097,4.468
625.952,131.796,-16.414,0.839,0.821,4.290,-3.425,4.266,1.963,3.670,2.711,-0.333,3.909
625.964,127.936,-26.304,0.559,-0.813,5.464,-4.449,5.339,1.417,4.994,1.870,1.326,3.294
625.975,117.934,-32.278,1.410,-4.032,6.331,-6.129,6.159,0.651,5.918,1.153,2.781,2.632
625.987,103.918,-39.034,1.476,-5.253,6.974,-6.446,6.839,-0.177,6.656,0.384,4.015,1.926
625.998,86.614,-44.690,-1.329,-2.196,6.591,-6.088,7.041,-1.141,6.987,-0.482,4.962,1.146
626.010,68.987,-50.488,-1.055,2.350,6.522,-5.945,6.946,-1.843,7.058,-1.402,5.634,0.361
626.021,42.095,-52.733,1.966,1.397,6.989,-6.908,6.410,-2.313,6.555,-2.125,5.991,-0.374
626.033,14.828,-54.482,7.334,1.755,7.063,-7.343,5.777,-2.868,5.761,-2.783,6.043,-1.057
626.044,-10.284,-54.433,7.204,1.048,5.710,-7.527,5.155,-3.228,4.881,-3.282,5.871,-1.677
626.056,-36.122,-58.487,7.448,2.364,4.736,-6.827,4.223,-3.790,3.765,-3.913,5.465,-2.266
626.067,-54.991,-59.838,5.124,6.054,3.703,-5.840,3.333,-4.035,2.763,-4.456,4.884,-2.809
626.079,-72.649,-56.850,2.393,3.576,1.464,-6.630,2.137,-4.178,1.652,-4.719,4.135,-3.257
626.090,-85.885,-53.650,1.132,3.216,-0.197,-6.903,0.872,-4.319,0.548,-4.889,3.232,-3.617
626.102,-99.282,-46.840,0.327,2.560,-1.823,-6.862,-0.516,-4.344,-0.692,-4.920,2.205,-3.894
626.113,-112.397,-38.037,-0.454,2.686,-3.277,-6.596,-2.090,-4.241,-2.120,-4.797,1.033,-4.060
626.124,-124.162,-23.609,0.222,3.010,-4.728,-5.950,-3.698,-3.817,-3.603,-4.407,-0.233,-4.073
626.136,-131.829,-4.322,1.522,1.689,-6.216,-5.162,-5.031,-3.088,-4.904,-3.630,-1.540,-3.886
626.147,-143.202,14.430,6.817,0.380,-7.661,-4.660,-6.330,-2.254,-6.353,-2.710,-2.858,-3.506
626.159,-151.120,36.856,5.850,-2.065,-9.448,-4.562,-7.507,-1.269,-7.720,-1.573,-4.175,-2.954
626.171,-154.965,59.787,3.277,-3.786,-10.963,-3.135,-8.659,-0.147,-8.896,-0.213,-5.469,-2.209
626.182,-152.097,78.806,2.083,-4.127,-12.975,-2.660,-9.681,0.922,-9.863,1.059,-6.673,-1.343
626.193,-139.494,98.003,-3.176,-6.202,-14.594,-1.628,-10.433,2.064,-10.422,2.437,-7.757,-0.368
626.205,-123.775,111.263,-3.431,-3.409,-15.166,0.065,-11.012,3.216,-10.727,3.740,-8.668,0.702
626.216,-106.462,123.309,-2.225,-3.159,-14.938,1.236,-11.327,4.521,-10.913,5.009,-9.394,1.828
626.228,-84.041,133.279,-4.249,0.640,-15.886,2.562,-11.283,5.735,-10.684,6.266,-9.891,3.004
626.240,-58.109,140.001,-5.728,9.638,-15.132,4.328,-10.910,7.415,-10.067,7.489,-10.133,4.287
626.251,-31.117,142.532,-4.530,7.938,-13.858,5.938,-10.211,9.080,-9.232,8.687,-10.102,5.631
626.263,-6.991,140.153,-2.748,7.598,-12.973,7.239,-9.278,10.473,-8.237,9.814,-9.808,7.005
626.274,10.166,131.116,3.109,1.574,-11.608,7.347,-8.236,11.416,-7.374,10.660,-9.303,8.261
626.286,29.866,115.905,2.520,2.141,-9.515,7.433,-6.725,11.760,-6.160,11.214,-8.563,9.317
626.297,48.796,93.832,0.952,1.356,-8.101,7.774,-5.146,11.756,-4.734,11.241,-7.590,10.086
626.309,64.957,70.109,-4.613,0.918,-7.513,7.525,-3.814,11.231,-3.348,10.933,-6.491,10.500
626.320,77.581,44.189,-8.780,2.724,-5.718,6.569,-2.758,10.642,-1.945,10.241,-5.336,10.612
626.332,87.592,18.945,-7.584,-0.663,-4.111,5.308,-1.730,9.699,-0.688,9.391,-4.205,10.428
626.343,94.149,-8.404,-4.709,1.199,-2.479,3.918,-0.710,8.410,0.452,8.162,-3.101,9.940
626.355,99.148,-30.997,-0.815,-2.346,-1.035,2.744,0.429,7.037,1.467,6.880,-1.994,9.185
626.366,106.314,-55.200,1.009,-1.115,1.429,1.467,1.779,5.213,2.575,5.259,-0.831,8.154
626.378,113.823,-71.869,2.759,1.291,2.739,0.557,3.332,3.723,3.857,3.743,0.401,6.953
626.389,117.829,-87.436,5.321,-7.170,3.949,-2.325,4.810,1.982,5.013,2.151,1.684,5.608
626.401,125.609,-100.833,4.350,-8.432,5.829,-5.650,6.453,-0.081,6.393,0.482,3.029,4.097
626.412,131.750,-113.155,3.199,-5.377,7.279,-7.035,8.033,-2.021,7.837,-1.257,4.428,2.470
626.424,135.791,-122.444,5.127,-4.938,8.895,-8.738,9.483,-3.804,9.170,-3.017,5.842,0.776
626.435,135.628,-126.218,5.954,-5.616,10.603,-10.554,10.789,-5.542,10.315,-4.674,7.249,-0.956
626.447,134.116,-129.953,5.481,-2.338,11.916,-11.257,12.049,-7.120,11.455,-6.250,8.591,-2.633
626.458,124.196,-128.949,3.044,-4.141,12.273,-12.892,12.872,-8.286,12.257,-7.583,9.813,-4.206
626.470,108.770,-126.515,2.573,-13.327,12.478,-15.054,13.180,-9.740,12.652,-8.775,10.809,-5.707
626.481,90.245,-121.357,1.623,-10.716,12.442,-15.684,13.257,-11.209,12.796,-9.898,11.542,-7.177
626.492,60.597,-112.093,3.703,-12.615,12.344,-16.966,12.690,-12.226,12.288,-10.801,11.951,-8.524
626.504,33.377,-96.731,6.292,-13.283,12.161,-17.838,12.025,-13.202,11.505,-11.457,12.033,-9.775
626.516,4.172,-83.072,5.833,-1.698,10.939,-17.206,11.102,-13.636,10.501,-12.036,11.815,-10.797
626.527,-22.647,-64.250,2.477,-0.856,8.875,-17.171,9.943,-13.241,9.319,-12.142,11.321,-11.465
626.538,-45.230,-41.029,-5.050,-0.196,5.993,-16.708,8.331,-12.636,8.052,-11.778,10.539,-11.798
626.549,-68.097,-18.671,-3.656,5.486,4.267,-14.970,6.419,-11.592,6.521,-11.183,9.473,-11.787
626.561,-87.381,5.975,-4.059,10.280,1.892,-13.018,4.470,-10.022,4.778,-10.162,8.115,-11.407
626.572,-105.665,31.338,-6.221,6.845,-0.832,-11.908,2.351,-8.099,2.899,-8.714,6.560,-10.612
626.584,-121.384,56.918,-6.821,0.468,-2.555,-10.599,0.149,-6.263,0.926,-6.945,4.834,-9.514
626.595,-134.470,78.759,-6.983,3.218,-4.544,-7.878,-2.030,-4.612,-1.057,-5.162,2.996,-8.222
626.607,-142.563,94.292,-6.731,6.531,-6.178,-5.244,-3.983,-2.727,-2.920,-3.466,1.096,-6.764
626.618,-146.075,113.527,-6.662,6.470,-7.886,-2.828,-5.793,-0.539,-4.649,-1.455,-0.816,-5.123
626.630,-149.378,129.088,-2.432,4.577,-9.006,-1.380,-7.443,1.557,-6.350,0.564,-2.654,-3.345
626.641,-156.997,140.758,-0.366,-0.063,-10.515,-1.063,-9.095,3.401,-8.216,2.522,-4.460,-1.499
626.653,-162.747,149.978,-2.176,-2.815,-12.474,-0.468,-10.685,5.018,-9.964,4.419,-6.238,0.339
626.665,-159.983,157.088,-3.558,2.380,-13.701,1.637,-11.962,6.665,-11.279,6.216,-7.903,2.134
626.676,-151.739,159.521,-3.864,9.398,-14.846,3.584,-12.980,8.436,-12.310,7.815,-9.405,3.908
626.688,-140.515,161.170,-3.514,12.244,-15.535,5.651,-13.803,10.480,-13.145,9.433,-10.743,5.730
626.700,-123.257,161.377,-3.265,6.505,-15.957,6.743,-14.258,12.245,-13.611,11.026,-11.837,7.528
626.712,-100.078,153.969,-2.112,3.546,-15.564,7.128,-14.268,13.400,-13.659,12.321,-12.629,9.192
626.724,-74.293,140.354,2.306,2.702,-13.873,7.883,-13.715,14.081,-13.351,13.213,-13.067,10.615
626.735,-39.365,121.048,-1.435,5.684,-12.813,8.151,-12.423,14.415,-12.287,13.627,-13.060,11.732
626.747,-10.821,98.824,-2.286,3.634,-11.460,8.387,-11.269,14.425,-11.061,13.654,-12.686,12.560
626.759,16.728,78.247,0.410,-1.762,-9.653,8.142,-9.814,14.038,-9.686,13.504,-12.003,13.050
626.771,42.219,53.303,4.156,0.775,-7.555,8.030,-8.033,13.083,-8.174,12.884,-11.022,13.183
626.783,68.514,27.318,3.767,2.538,-5.592,7.780,-5.900,12.096,-6.299,11.878,-9.728,12.979
626.794,88.833,2.506,0.314,2.192,-5.126,6.820,-3.862,10.861,-4.317,10.732,-8.193,12.490
626.806,105.639,-18.462,-2.282,3.775,-2.886,5.421,-2.021,9.689,-2.326,9.490,-6.539,11.774
626.818,117.143,-38.590,-5.517,1.032,-1.556,4.321,-0.342,8.324,-0.458,8.140,-4.833,10.863
626.830,122.575,-56.059,-10.274,4.649,-0.798,3.602,0.861,6.870,1.107,6.705,-3.226,9.780
626.841,127.118,-71.584,-5.303,9.840,1.514,2.820,1.982,5.610,2.486,5.197,-1.734,8.604
626.853,128.463,-83.272,-3.104,10.048,3.188,1.724,3.248,4.538,3.678,3.836,-0.314,7.420
626.865,132.955,-90.768,-7.204,12.493,3.942,0.792,4.451,3.528,4.946,2.604,1.055,6.246
626.877,138.008,-98.246,-9.936,17.292,4.385,0.937,5.401,2.809,6.164,1.460,2.355,5.135
626.888,139.284,-100.565,-7.058,11.589,5.842,-0.555,6.354,2.200,7.233,0.606,3.595,4.118
626.900,136.717,-100.803,-4.800,3.600,7.114,-2.308,7.202,1.261,8.031,-0.117,4.712,3.161
626.912,136.816,-104.179,-2.517,2.461,9.753,-4.088,8.141,-0.062,8.849,-1.039,5.761,2.164
626.924,136.209,-107.718,0.734,5.651,11.296,-5.281,9.297,-1.216,9.751,-2.029,6.855,1.091
626.934,132.224,-108.315,0.644,5.677,12.034,-7.054,10.187,-2.006,10.423,-2.774,7.771,0.208
626.944,126.408,-108.393,-0.471,3.149,11.997,-7.790,10.819,-2.808,10.945,-3.492,8.607,-0.647
626.955,117.834,-110.297,-0.178,4.026,12.460,-8.418,11.290,-3.816,11.324,-4.268,9.369,-1.517
626.965,101.228,-114.155,-0.094,5.686,12.432,-9.672,11.338,-4.668,11.285,-5.175,9.968,-2.377
626.975,85.362,-112.996,-0.702,1.045,12.209,-11.266,11.166,-5.463,11.053,-5.827,10.369,-3.209
626.985,67.263,-113.297,-2.723,2.634,11.736,-11.445,10.779,-6.340,10.704,-6.499,10.600,-4.025
626.995,41.512,-119.511,-0.990,2.499,10.852,-12.080,9.826,-7.300,9.786,-7.478,10.574,-4.869
627.005,15.441,-121.059,0.203,2.508,10.045,-12.646,8.736,-8.185,8.613,-8.248,10.293,-5.706
627.017,-16.684,-119.088,1.188,2.970,9.174,-13.430,7.276,-8.945,7.049,-8.967,9.600,-6.633
627.029,-50.946,-117.099,2.435,4.507,7.602,-13.102,5.407,-9.615,5.072,-9.604,8.564,-7.474
627.042,-79.120,-113.097,5.196,4.585,6.204,-13.540,3.612,-10.110,3.033,-10.168,7.255,-8.242
627.052,-99.916,-111.490,6.282,3.437,5.566,-14.202,2.057,-10.608,1.284,-10.611,6.071,-8.835
627.062,-116.752,-101.165,5.142,3.007,3.696,-14.861,0.619,-10.650,-0.332,-10.676,4.799,-9.329
627.072,-129.849,-94.103,2.354,1.735,1.366,-15.038,-1.029,-10.842,-1.960,-10.759,3.416,-9.746
627.082,-143.181,-87.928,0.200,1.724,-0.313,-15.069,-2.785,-10.954,-3.638,-10.823,1.952,-10.087
627.093,-152.139,-79.842,-0.039,4.133,-2.761,-14.039,-4.583,-10.925,-5.274,-10.755,0.413,-10.340
627.104,-144.939,-53.732,0.085,8.038,-4.462,-12.645,-5.897,-9.960,-6.502,-9.937,-1.265,-10.283
627.116,-121.038,-0.410,-1.177,10.674,-5.138,-10.320,-6.485,-7.613,-6.965,-7.863,-2.659,-9.688
627.128,-100.359,50.666,-1.038,12.463,-5.521,-7.295,-6.864,-4.599,-7.229,-5.170,-3.760,-8.410
627.140,-84.592,93.315,-1.480,10.847,-6.390,-5.238,-7.133,-1.483,-7.397,-2.256,-4.605,-6.594
627.151,-76.955,122.662,-1.564,8.302,-7.137,-3.255,-7.522,1.314,-7.683,0.514,-5.291,-4.455
627.163,-69.432,139.247,-0.480,6.994,-6.813,-1.055,-7.715,3.761,-7.809,3.032,-5.863,-2.170
627.175,-63.727,145.222,1.634,6.008,-5.703,0.946,-7.831,5.884,-7.959,5.266,-6.331,0.102
627.187,-52.368,136.284,1.360,4.514,-5.688,2.072,-7.663,7.334,-7.927,6.893,-6.662,2.198
627.198,-40.012,118.475,-0.381,7.187,-6.047,3.938,-7.380,8.143,-7.624,7.775,-6.817,3.970
627.210,-19.556,90.528,3.093,7.370,-5.455,4.493,-6.640,8.682,-6.957,8.279,-6.764,5.418
627.222,5.971,59.894,1.386,2.239,-4.901,3.813,-5.431,8.441,-5.864,8.148,-6.403,6.396
627.233,30.113,24.078,0.547,-3.322,-4.000,1.591,-4.099,7.466,-4.536,7.643,-5.770,6.911
627.245,61.142,-13.369,-3.766,1.436,-3.833,1.175,-2.586,6.041,-2.775,6.473,-4.883,6.874
627.257,81.064,-46.029,0.843,2.687,-1.830,0.129,-1.061,4.689,-1.170,5.143,-3.782,6.429
627.269,94.448,-74.019,1.840,0.382,0.290,-2.453,0.476,3.073,0.258,3.652,-2.539,5.638
627.281,112.615,-92.543,1.471,-0.886,1.842,-4.853,2.218,1.454,1.963,2.171,-1.188,4.595
627.292,124.530,-104.727,2.289,-0.695,3.939,-6.284,3.912,-0.011,3.642,0.778,0.283,3.416
627.304,135.827,-113.270,3.759,0.273,5.582,-7.486,5.704,-1.396,5.342,-0.557,1.827,2.163
627.316,141.703,-120.362,4.747,1.773,6.928,-8.441,7.378,-2.697,6.858,-1.867,3.400,0.890
627.328,145.503,-122.700,6.566,5.385,8.820,-8.913,9.017,-3.784,8.297,-3.071,4.993,-0.377
627.340,146.228,-124.751,2.248,8.663,9.958,-9.388,10.427,-4.558,9.693,-4.189,6.554,-1.531
627.351,140.460,-120.857,-1.364,7.188,10.890,-9.346,11.361,-5.021,10.816,-4.925,7.980,-2.524
627.363,123.079,-119.174,-3.177,4.308,11.174,-10.362,11.638,-5.569,11.346,-5.532,9.130,-3.379
627.375,103.494,-120.536,-4.890,3.396,10.429,-11.330,11.494,-6.341,11.460,-6.209,9.928,-4.192
627.387,76.650,-124.768,-7.282,8.726,9.676,-11.278,10.819,-7.082,11.117,-7.042,10.354,-5.001
627.398,47.279,-128.756,-3.844,9.188,9.125,-12.009,9.802,-7.662,10.278,-7.875,10.368,-5.779
627.410,20.888,-131.863,-2.701,7.058,8.232,-12.784,8.690,-8.201,9.158,-8.518,10.016,-6.456
627.422,-7.835,-135.972,-4.738,2.811,6.578,-13.757,7.190,-8.967,7.722,-9.183,9.350,-7.140
627.434,-33.542,-138.924,-4.707,0.345,5.179,-15.403,5.488,-9.860,6.138,-9.852,8.379,-7.868
627.445,-55.894,-142.176,-2.909,-0.115,4.720,-16.626,3.774,-10.753,4.455,-10.515,7.169,-8.615
627.457,-75.756,-150.099,0.220,1.488,2.938,-17.116,2.117,-11.750,2.667,-11.343,5.787,-9.415
627.469,-92.173,-159.152,4.837,5.178,1.828,-17.480,0.596,-12.782,0.780,-12.381,4.288,-10.318
627.481,-100.118,-167.641,0.739,9.285,0.333,-17.813,-0.719,-13.544,-0.746,-13.412,2.824,-11.208
627.493,-109.852,-170.671,-1.918,10.090,-1.351,-17.871,-2.257,-14.027,-2.239,-14.208,1.357,-12.023
627.504,-117.432,-163.475,-0.914,8.710,-2.806,-18.236,-3.804,-14.203,-3.733,-14.570,-0.144,-12.695
627.516,-124.209,-150.603,0.002,7.701,-4.115,-18.082,-5.229,-14.141,-5.224,-14.566,-1.636,-13.160
627.528,-131.196,-131.082,-0.876,8.423,-5.840,-17.440,-6.670,-13.709,-6.717,-14.212,-3.124,-13.403
627.540,-138.414,-101.162,2.308,4.553,-7.190,-17.316,-8.113,-12.805,-8.211,-13.177,-4.596,-13.312
627.552,-138.863,-75.732,3.085,6.119,-8.244,-16.026,-9.159,-11.775,-9.432,-12.016,-5.995,-12.921
627.564,-137.131,-45.200,1.554,4.683,-9.200,-14.861,-10.000,-10.282,-10.346,-10.510,-7.253,-12.227
627.575,-136.692,-13.496,1.478,1.926,-10.044,-13.575,-10.887,-8.576,-11.224,-8.697,-8.405,-11.230
627.587,-131.670,13.702,6.164,-2.474,-10.348,-12.867,-11.632,-6.938,-12.065,-6.707,-9.485,-9.981
627.599,-124.024,36.572,10.732,-1.796,-10.128,-10.684,-11.809,-5.378,-12.598,-4.763,-10.337,-8.596
627.611,-106.185,58.593,5.147,0.431,-11.349,-7.795,-11.468,-3.579,-12.498,-2.902,-10.898,-7.106
627.622,-82.234,81.234,-1.109,-3.068,-11.402,-5.904,-11.144,-1.728,-11.937,-0.885,-11.156,-5.491
627.634,-62.771,95.302,3.233,-3.541,-10.445,-4.449,-10.796,-0.043,-11.417,1.048,-11.213,-3.784
627.646,-37.050,100.273,4.031,4.447,-9.274,-1.707,-9.826,1.633,-10.532,2.614,-11.017,-2.055
627.657,-10.355,112.681,3.421,6.045,-7.888,0.046,-8.499,3.760,-9.199,4.385,-10.483,-0.310
627.669,16.120,125.681,1.129,1.911,-7.941,1.767,-6.962,5.925,-7.605,6.471,-9.660,1.555
627.681,41.326,135.806,-1.655,0.715,-6.526,3.560,-5.422,7.793,-5.919,8.433,-8.619,3.439
627.693,60.874,138.805,-3.075,-0.541,-4.732,4.712,-4.016,9.360,-4.218,10.055,-7.417,5.245
627.704,71.867,133.049,-3.558,-1.589,-3.592,6.078,-2.833,10.626,-2.801,11.443,-6.177,6.927
627.716,80.304,119.252,-5.619,-1.988,-2.644,6.208,-1.711,11.242,-1.477,12.220,-4.930,8.346
627.728,84.228,105.842,-3.683,-1.907,-1.219,6.841,-0.819,11.746,-0.378,12.722,-3.748,9.483
627.739,90.078,85.639,1.036,0.185,0.387,7.799,0.316,11.811,0.682,12.801,-2.631,10.295
627.751,91.394,62.419,0.359,2.079,1.748,7.791,1.390,11.687,1.621,12.504,-1.512,10.826
627.762,92.620,45.410,0.867,-1.793,2.375,7.471,2.376,11.494,2.574,12.234,-0.424,11.118
627.773,94.963,28.309,-0.666,-4.730,3.434,6.069,3.388,10.956,3.566,11.836,0.624,11.187
627.784,102.589,7.262,-3.544,-3.321,3.656,5.437,4.456,9.997,4.702,11.082,1.662,10.995
627.795,108.043,-13.157,-6.824,1.046,4.297,5.120,5.233,9.099,5.688,10.054,2.652,10.557
627.805,110.340,-30.062,-6.979,-2.180,5.017,3.176,5.698,8.094,6.350,9.020,3.489,9.947
627.816,116.803,-45.801,-5.475,2.542,6.106,2.992,6.395,6.983,7.176,7.856,4.289,9.207
627.826,117.008,-55.076,-4.453,2.015,6.993,1.951,7.017,6.349,7.814,6.888,5.058,8.437
627.836,113.018,-56.596,-2.420,-2.693,7.698,0.859,7.462,5.579,8.209,6.187,5.742,7.661
627.847,106.017,-56.389,-3.006,-3.451,8.245,0.476,7.953,4.797,8.564,5.538,6.384,6.893
627.857,94.068,-63.648,-3.886,1.156,8.130,0.932,7.976,3.760,8.621,4.551,6.864,6.082
627.868,78.887,-63.469,0.095,-0.892,8.576,0.204,7.990,3.236,8.500,3.856,7.195,5.305
627.878,57.133,-62.596,-1.181,-2.675,7.915,-0.893,7.642,2.526,7.982,3.226,7.333,4.566
627.888,35.786,-63.167,-2.273,-3.655,7.160,-1.818,7.054,1.797,7.376,2.576,7.276,3.835
627.899,15.644,-64.333,-2.088,-1.872,6.140,-2.259,6.345,1.128,6.623,1.911,7.019,3.125
627.909,-8.759,-67.086,-0.703,1.968,5.306,-1.808,5.249,0.454,5.510,1.154,6.536,2.415
627.919,-27.512,-66.916,0.053,-0.701,4.500,-3.021,4.275,0.108,4.389,0.574,5.881,1.766
627.930,-44.799,-66.695,-2.326,-3.330,3.392,-3.605,3.242,-0.457,3.321,0.084,5.109,1.169
627.940,-63.319,-72.492,-3.617,2.566,2.095,-2.814,1.801,-1.193,1.984,-0.658,4.165,0.547
627.950,-78.907,-74.425,-1.373,1.510,1.433,-3.629,0.434,-1.552,0.544,-1.270,3.093,-0.048
627.961,-90.760,-75.252,-2.261,-1.236,0.232,-4.330,-0.827,-1.979,-0.696,-1.731,1.954,-0.588
627.971,-101.270,-79.628,-1.798,-0.722,-1.149,-4.390,-2.223,-2.735,-2.092,-2.357,0.733,-1.170
627.982,-108.874,-87.931,-1.390,2.920,-2.451,-4.227,-3.551,-3.367,-3.458,-3.177,-0.538,-1.787
627.993,-112.774,-94.004,-3.335,6.172,-4.391,-3.847,-4.874,-3.901,-4.727,-3.912,-1.851,-2.424
628.004,-116.492,-97.107,-1.248,2.358,-5.654,-4.651,-6.110,-4.219,-5.963,-4.486,-3.139,-3.029
628.015,-119.737,-98.752,0.325,-1.875,-6.625,-6.615,-7.222,-5.064,-7.181,-5.029,-4.395,-3.638
628.026,-119.967,-98.620,1.011,-0.465,-7.704,-7.217,-8.112,-5.593,-8.204,-5.564,-5.565,-4.248
628.037,-114.549,-93.356,-1.843,-1.739,-9.430,-8.195,-8.922,-6.114,-9.016,-5.929,-6.630,-4.816
628.048,-100.992,-83.194,-1.240,3.122,-9.815,-8.263,-9.354,-6.203,-9.420,-6.076,-7.527,-5.270
628.060,-84.911,-67.528,-1.713,4.430,-10.104,-7.630,-9.537,-5.830,-9.577,-5.882,-8.214,-5.524
628.071,-64.132,-46.402,1.101,-4.016,-9.507,-8.506,-9.330,-5.212,-9.380,-5.282,-8.655,-5.534
628.083,-42.837,-18.743,4.119,-12.667,-8.909,-8.437,-8.674,-4.687,-8.940,-4.246,-8.863,-5.356
628.095,-18.382,11.703,5.639,-18.265,-7.808,-7.997,-7.582,-4.197,-8.064,-3.041,-8.721,-5.015
628.106,9.695,38.713,-1.274,-17.510,-7.768,-6.590,-6.319,-3.693,-6.840,-1.937,-8.246,-4.568
628.118,34.993,67.553,-4.140,-12.601,-6.931,-4.298,-5.136,-2.611,-5.442,-0.627,-7.514,-3.919
628.130,56.187,93.903,-0.385,-9.907,-3.874,-1.784,-3.884,-1.137,-4.038,0.842,-6.589,-3.023
628.141,76.861,120.699,2.396,-8.441,-1.855,0.730,-2.278,0.609,-2.515,2.467,-5.501,-1.946
628.152,93.115,144.648,2.049,-9.496,-0.089,2.879,-0.604,2.360,-0.974,4.157,-4.246,-0.676
628.163,106.102,163.134,-0.185,-6.448,1.251,4.885,0.897,4.169,0.581,5.819,-2.895,0.746
628.174,117.522,177.755,-0.447,-4.785,2.891,6.439,2.362,6.049,2.098,7.443,-1.504,2.271
628.185,125.101,188.728,-1.959,-3.245,3.406,10.018,3.693,8.015,3.537,9.114,-0.099,3.919
628.197,132.569,200.081,2.641,-8.468,4.795,12.448,5.095,9.851,4.940,10.886,1.329,5.653
628.208,140.285,202.967,2.461,-5.770,6.420,15.178,6.737,11.481,6.462,12.447,2.822,7.422
628.220,150.300,200.341,-1.512,-6.704,7.898,16.715,8.341,12.924,8.091,13.758,4.327,9.075
628.231,154.770,190.215,-4.827,-6.292,9.094,17.817,9.463,13.719,9.451,14.616,5.738,10.479
628.242,153.263,168.924,-4.987,-1.220,10.262,19.071,10.231,14.292,10.452,14.901,7.025,11.654
628.254,149.370,143.821,-4.366,3.635,11.262,20.550,11.028,14.715,11.356,14.982,8.227,12.651
628.265,138.883,114.300,-3.655,9.150,11.987,21.312,11.469,15.070,11.865,14.691,9.240,13.386
628.277,124.224,86.860,0.892,13.724,12.858,21.705,11.824,15.331,12.085,14.323,10.052,13.900
628.288,104.332,58.406,5.839,9.737,13.654,20.706,12.016,15.367,12.026,13.790,10.691,14.232
628.300,81.641,31.922,9.579,9.151,14.266,19.287,12.183,14.686,11.683,13.063,11.113,14.269
628.312,57.985,5.975,6.158,13.460,13.596,17.866,11.991,14.052,11.247,12.140,11.347,14.080
628.323,30.099,-13.325,10.128,9.600,13.685,15.572,11.318,13.393,10.370,11.256,11.324,13.714
628.335,4.469,-30.546,13.901,2.102,13.367,13.274,10.759,12.289,9.351,10.310,11.059,13.169
628.347,-14.932,-42.378,6.347,1.838,12.031,12.204,10.102,11.076,8.519,9.414,10.646,12.458
628.359,-36.925,-52.448,2.068,2.604,10.035,10.835,8.711,9.897,7.331,8.403,10.000,11.621
628.371,-57.995,-60.111,7.776,-2.398,9.611,8.602,7.261,8.579,5.940,7.394,9.129,10.681
628.382,-73.767,-67.467,4.952,-4.262,8.103,6.198,5.993,6.965,4.650,6.275,8.117,9.607
628.394,-85.036,-72.907,-1.441,3.135,6.160,5.723,4.431,5.642,3.399,5.130,6.983,8.457
628.406,-94.246,-77.185,1.307,-1.393,4.862,4.361,2.777,4.588,2.016,4.030,5.715,7.317
628.417,-100.715,-78.558,2.352,-5.834,3.569,2.861,1.498,3.200,0.774,3.053,4.461,6.161
628.428,-105.971,-81.826,-0.217,0.064,1.932,2.338,0.112,2.027,-0.405,1.945,3.209,5.016
628.439,-109.657,-82.171,1.435,-3.305,0.676,0.991,-1.165,1.157,-1.504,1.053,2.008,3.951
628.449,-110.823,-81.033,-0.039,1.079,-0.630,0.473,-2.189,0.284,-2.517,0.204,0.843,2.957
628.460,-112.465,-81.535,2.032,-4.952,-1.686,-1.064,-3.374,-0.685,-3.583,-0.643,-0.346,1.952
628.471,-113.438,-79.454,3.911,-5.845,-3.096,-1.961,-4.408,-1.681,-4.655,-1.471,-1.554,0.923
628.483,-109.639,-77.268,-1.128,-5.141,-5.027,-2.642,-5.202,-2.697,-5.465,-2.293,-2.687,-0.097
628.494,-107.062,-77.454,-7.932,0.064,-6.332,-3.167,-6.478,-3.483,-6.312,-3.169,-3.774,-1.049
628.506,-110.332,-80.337,-4.562,5.039,-6.707,-3.133,-7.843,-4.043,-7.420,-3.992,-4.903,-1.907
628.518,-109.175,-81.787,-4.711,2.123,-7.557,-4.656,-8.897,-4.565,-8.405,-4.733,-6.024,-2.692
628.529,-99.124,-87.878,-11.928,6.387,-9.012,-5.464,-9.813,-5.234,-8.979,-5.501,-7.075,-3.427
628.541,-89.932,-95.785,-13.953,7.564,-9.773,-6.212,-10.862,-5.690,-9.604,-6.325,-8.097,-4.124
628.552,-76.856,-95.261,-12.367,3.647,-10.484,-7.162,-11.665,-6.118,-10.147,-6.855,-9.047,-4.750
628.564,-59.899,-88.237,-7.274,0.317,-9.267,-7.925,-11.968,-6.389,-10.431,-7.060,-9.824,-5.278
628.575,-33.925,-78.009,-2.891,-10.634,-7.918,-9.257,-11.347,-6.875,-10.113,-7.065,-10.284,-5.741
628.587,-1.897,-63.721,-6.429,-17.312,-7.214,-10.089,-10.314,-7.578,-9.244,-7.013,-10.341,-6.212
628.598,27.481,-41.855,-5.956,-14.901,-5.454,-9.954,-9.199,-7.996,-8.201,-6.803,-10.045,-6.653
628.609,51.801,-16.012,-6.279,-13.376,-4.608,-9.522,-8.038,-7.893,-7.096,-6.377,-9.479,-6.928
628.621,80.287,11.710,-7.995,-12.693,-3.477,-8.726,-6.561,-7.371,-5.634,-5.681,-8.667,-6.974
628.632,107.560,38.259,-7.317,-10.825,-1.697,-7.589,-4.878,-6.529,-3.940,-4.782,-7.599,-6.767
628.643,132.507,66.097,-5.349,-7.588,-0.133,-6.042,-3.128,-5.372,-2.257,-3.719,-6.332,-6.308
628.654,151.877,92.040,-3.085,-2.276,1.854,-3.643,-1.228,-3.774,-0.541,-2.435,-4.873,-5.544
628.665,168.631,117.903,-4.643,-1.215,3.525,-1.479,0.801,-1.750,1.358,-0.780,-3.223,-4.428
628.676,179.747,144.388,-6.866,-2.051,4.838,0.524,2.608,0.418,3.157,1.100,-1.532,-3.050
628.687,188.862,168.900,-7.998,-3.366,6.499,2.302,4.282,2.648,4.901,3.169,0.153,-1.430
628.698,191.633,188.480,-7.012,-3.145,8.359,4.175,5.629,4.857,6.302,5.293,1.756,0.366
628.709,192.475,203.933,-3.529,-1.913,9.988,6.293,7.072,7.063,7.671,7.400,3.313,2.286
628.720,190.931,215.262,-0.119,-2.260,11.537,8.415,8.511,9.178,8.875,9.413,4.821,4.266
628.731,182.144,220.510,-0.221,-3.212,12.777,9.932,9.744,11.087,9.818,11.292,6.281,6.270
628.741,174.155,220.593,-1.863,-4.852,13.180,10.694,10.605,12.424,10.520,12.690,7.449,7.959
628.752,156.325,210.467,-2.834,-5.878,13.578,11.669,11.065,13.464,10.940,13.740,8.466,9.502
628.762,129.366,187.970,-6.192,-4.933,12.514,12.237,10.928,13.880,10.873,14.284,9.198,10.786
628.773,-40.947,50.881,-9.955,-12.297,7.295,8.595,5.946,10.290,6.201,10.988,8.778,11.067
628.783,-172.700,-69.955,-11.899,-15.081,1.728,3.934,0.410,5.761,0.938,6.651,6.745,9.920
628.793,-261.309,-154.890,-12.532,-13.675,-3.669,0.016,-4.966,1.220,-4.221,2.271,3.617,7.715
628.804,-300.066,-207.150,-11.969,-11.046,-8.137,-3.699,-9.363,-2.655,-8.485,-1.691,0.007,4.956
628.815,-233.090,-176.700,-17.121,-18.384,-10.391,-5.841,-11.451,-5.129,-10.314,-3.931,-3.617,1.991
628.826,-85.500,-85.403,-18.085,-21.193,-7.703,-5.198,-9.375,-4.737,-8.016,-3.268,-5.813,-0.167
628.837,43.711,-2.267,-17.020,-23.963,-3.664,-4.838,-6.617,-4.048,-5.149,-2.209,-6.535,-1.435
628.848,145.618,65.025,-13.259,-23.189,1.244,-2.588,-3.177,-2.805,-1.745,-0.715,-5.982,-1.915
628.859,217.688,112.234,-11.913,-20.979,4.837,-0.291,0.189,-1.646,1.471,0.556,-4.558,-1.856
628.870,252.997,136.999,-12.982,-19.149,7.120,1.315,2.925,-0.661,4.112,1.525,-2.640,-1.459
628.881,255.045,134.662,-12.781,-17.003,8.692,2.545,4.732,-0.290,5.841,1.810,-0.661,-0.992
628.892,233.927,113.906,-11.305,-13.840,10.076,3.388,5.738,-0.593,6.720,1.277,1.097,-0.710
628.904,199.005,85.683,-9.449,-10.838,10.630,3.735,6.106,-1.028,6.911,0.509,2.532,-0.626
628.916,152.653,53.133,-9.208,-9.731,10.022,3.227,5.730,-1.944,6.301,-0.795,3.487,-0.857
628.927,104.899,25.547,-10.035,-10.721,8.476,2.021,4.719,-2.892,5.160,-2.064,3.843,-1.360
628.938,58.376,0.794,-8.737,-10.827,7.329,1.339,3.297,-4.021,3.612,-3.428,3.652,-2.093
628.949,20.963,-19.458,-8.596,-9.572,6.678,0.326,1.792,-5.233,1.953,-4.862,3.047,-3.006
628.961,-8.063,-29.967,-7.086,-7.438,6.144,-0.070,0.227,-6.213,0.239,-6.082,2.130,-3.999
628.972,-37.298,-30.288,-2.387,-8.734,5.618,-1.208,-1.478,-6.771,-1.722,-6.965,0.964,-4.954
628.984,-55.777,-18.779,-1.855,-10.812,4.177,-2.577,-2.858,-7.125,-3.470,-7.345,-0.348,-5.771
628.995,-65.516,-4.018,0.155,-2.863,2.720,-3.024,-3.978,-7.033,-4.891,-7.469,-1.666,-6.368
629.007,-73.856,16.480,3.552,-10.319,1.536,-3.788,-4.942,-6.392,-6.283,-7.132,-2.937,-6.672
629.018,-77.766,44.240,-0.907,-11.587,-0.542,-3.571,-5.862,-5.748,-7.450,-6.308,-4.144,-6.689
629.030,-73.475,67.645,-1.065,-7.483,-1.431,-1.075,-6.608,-4.835,-8.238,-5.453,-5.232,-6.436
629.041,-64.411,91.822,-0.476,-2.514,-1.826,0.698,-7.013,-3.412,-8.738,-4.282,-6.166,-5.891
629.053,-52.756,114.235,-0.180,-1.003,-2.475,2.064,-7.269,-1.813,-9.030,-2.947,-6.890,-5.067
629.064,-38.481,135.855,-0.428,-1.823,-3.453,2.258,-7.277,0.030,-9.076,-1.365,-7.407,-3.964
629.076,-18.753,154.574,-4.997,-3.526,-4.109,3.781,-7.092,1.697,-8.757,0.274,-7.701,-2.677
629.087,1.320,170.291,-2.956,-5.306,-3.646,4.918,-6.722,3.458,-8.227,1.985,-7.775,-1.245
629.099,25.882,184.913,2.660,-4.935,-2.010,6.439,-5.701,5.059,-7.325,3.722,-7.570,0.266
629.110,50.724,194.305,4.736,-2.121,-0.515,9.482,-4.231,6.883,-6.094,5.381,-7.038,1.877
629.122,74.088,200.445,7.855,-7.336,1.250,10.271,-2.579,8.397,-4.653,6.979,-6.184,3.479
629.133,91.915,199.042,9.368,-9.005,2.875,11.117,-0.831,9.434,-3.185,8.242,-5.065,4.968
629.145,110.031,190.332,8.300,-7.218,4.082,12.207,1.134,10.114,-1.435,9.130,-3.729,6.261
629.156,121.785,173.127,8.411,-11.671,5.612,11.843,2.915,10.426,0.267,9.603,-2.226,7.322
629.168,129.255,151.245,4.714,-8.110,6.333,11.667,4.525,10.096,1.873,9.546,-0.663,8.036
629.179,131.488,125.344,1.801,-6.282,7.012,11.606,5.733,9.677,3.334,9.053,0.862,8.409
629.191,135.203,98.146,-3.356,-1.106,6.861,11.791,6.750,9.026,4.704,8.298,2.281,8.481
629.202,134.991,72.589,-5.521,0.124,7.417,11.124,7.421,8.476,5.860,7.389,3.561,8.330
629.214,127.692,46.005,-2.893,-0.132,8.803,9.961,7.769,7.596,6.598,6.319,4.620,7.959
629.225,116.577,23.306,-2.465,-3.804,9.236,7.672,8.098,6.476,7.042,5.189,5.485,7.366
629.237,103.794,1.306,-3.278,0.318,9.291,6.870,8.181,5.150,7.299,3.851,6.152,6.561
629.248,88.273,-16.758,-3.681,1.438,8.596,5.687,7.966,3.948,7.259,2.506,6.575,5.614
629.260,66.462,-33.248,-3.620,7.719,8.008,5.052,7.286,2.897,6.733,1.123,6.712,4.604
629.271,41.910,-44.876,-3.222,7.379,6.984,3.357,6.322,1.967,5.855,-0.065,6.560,3.586
629.283,13.663,-55.721,-0.304,8.071,6.263,2.857,5.107,1.053,4.652,-1.191,6.121,2.582
629.294,-12.129,-60.516,5.291,0.197,5.450,0.525,4.002,0.163,3.294,-2.095,5.444,1.586
629.306,-41.365,-64.541,10.510,-1.615,5.385,-0.373,2.802,-1.129,1.671,-3.065,4.570,0.547
629.317,-66.928,-67.365,9.452,-6.930,3.658,-1.905,1.540,-2.407,0.056,-4.014,3.552,-0.517
629.329,-90.282,-68.461,7.873,-8.173,1.800,-3.905,0.052,-3.836,-1.584,-4.967,2.395,-1.638
629.340,-109.196,-70.763,7.686,-4.696,0.303,-4.613,-1.443,-5.172,-3.166,-6.036,1.107,-2.796
629.352,-127.077,-72.480,0.817,-4.021,-2.718,-5.646,-3.161,-6.259,-4.798,-7.042,-0.279,-3.926
629.363,-138.448,-73.982,-2.480,-4.276,-5.560,-6.609,-5.065,-7.299,-6.350,-7.985,-1.801,-5.025
629.375,-147.152,-77.933,-4.866,-1.441,-7.846,-7.489,-7.084,-8.382,-7.968,-9.048,-3.472,-6.127
629.386,-150.014,-77.734,-6.535,4.297,-9.439,-8.467,-8.988,-9.011,-9.462,-9.911,-5.169,-7.119
629.398,-152.635,-76.514,-5.443,6.968,-10.703,-9.190,-10.842,-9.367,-11.041,-10.576,-6.891,-7.940
629.409,-148.928,-70.547,-3.816,6.418,-11.782,-9.841,-12.322,-9.484,-12.391,-10.919,-8.561,-8.571
629.421,-140.568,-56.382,-1.173,5.301,-12.430,-9.692,-13.376,-9.293,-13.473,-10.889,-10.074,-8.994
629.433,-126.457,-37.346,-1.805,0.002,-13.413,-10.747,-14.054,-8.932,-14.205,-10.431,-11.374,-9.181
629.444,-103.421,-19.943,0.539,-2.892,-13.090,-10.858,-14.142,-8.567,-14.366,-9.760,-12.354,-9.164
629.456,17.097,-12.822,-2.609,9.441,-9.961,-10.627,-11.008,-7.716,-11.228,-9.191,-12.462,-8.938
629.467,122.841,-4.167,-1.715,3.735,-5.579,-9.998,-6.933,-7.226,-7.066,-8.715,-11.258,-8.621
629.479,196.243,13.383,0.312,-1.626,-1.415,-9.990,-2.824,-6.621,-3.007,-7.787,-9.119,-8.186
629.490,232.858,35.453,0.842,0.440,1.818,-9.004,0.624,-5.801,0.389,-6.632,-6.470,-7.618
629.502,242.038,58.914,1.865,6.783,4.766,-7.305,3.511,-4.440,3.146,-5.298,-3.654,-6.831
629.514,225.485,82.110,4.343,7.738,6.919,-5.166,5.460,-2.531,4.939,-3.641,-1.028,-5.750
629.526,196.061,103.593,6.483,4.888,8.307,-3.854,6.747,-0.558,5.957,-1.705,1.226,-4.412
629.537,136.978,140.590,8.484,14.220,8.379,0.288,6.772,2.151,5.711,0.759,2.926,-2.793
629.549,106.333,190.455,20.042,20.086,10.285,5.045,7.291,6.161,5.741,4.164,4.135,-0.607
629.561,130.460,320.846,31.919,42.488,13.537,12.868,10.160,14.069,7.625,10.954,5.510,2.776
629.573,152.924,419.261,37.981,35.708,17.618,20.232,13.695,22.614,10.238,18.673,7.555,7.874
629.585,176.412,463.692,39.117,36.132,21.387,27.495,17.471,29.660,13.262,25.338,10.106,13.780
629.597,199.523,486.478,38.264,37.080,24.684,33.827,21.409,36.042,16.737,31.451,13.059,19.909
629.609,224.732,504.474,38.743,35.610,27.916,38.344,25.472,42.164,20.523,37.468,16.295,26.056
629.622,250.225,521.659,36.967,35.905,30.043,42.709,29.631,48.154,24.483,43.492,19.776,32.191
629.632,267.127,529.337,33.203,37.789,31.121,46.786,32.836,52.871,27.777,48.139,22.703,37.125
629.644,282.639,534.319,26.665,40.357,32.170,50.984,36.174,58.248,31.504,53.356,26.300,42.910
629.656,293.700,533.260,22.211,38.466,33.479,54.549,39.066,63.235,35.048,58.201,29.820,48.462
629.668,298.613,528.642,16.833,35.098,34.594,57.201,41.444,67.547,38.204,62.631,33.135,53.645
629.680,303.379,523.819,15.971,27.147,36.102,59.129,43.502,71.139,41.098,66.701,36.211,58.450
629.692,310.972,519.307,16.291,19.469,38.123,60.498,45.653,73.997,43.926,70.433,39.127,62.883
629.704,316.738,512.654,11.367,22.149,39.135,63.307,47.478,76.394,46.484,73.645,41.825,66.822
629.716,321.857,507.821,7.688,25.911,40.071,65.892,48.962,78.824,48.799,76.558,44.295,70.364
629.728,322.622,505.182,3.345,24.461,40.284,67.471,49.996,81.202,50.738,79.267,46.521,73.613
629.740,326.224,504.238,-1.260,14.595,40.880,67.780,50.690,83.139,52.505,81.799,48.491,76.585
629.752,327.373,502.489,0.294,5.864,41.789,68.789,51.177,84.142,53.968,83.991,50.205,79.205
629.764,326.788,500.960,3.893,11.383,42.847,70.505,51.825,85.026,55.178,85.865,51.720,81.527
629.776,326.934,500.318,-3.775,10.027,43.050,71.239,52.352,86.053,56.165,87.426,52.989,83.491
629.788,353.687,482.026,-46.229,-21.064,43.194,70.587,50.997,84.774,57.633,88.331,54.083,85.139
629.800,408.176,430.407,-27.461,-26.724,44.790,67.739,52.068,81.673,57.710,86.021,52.837,84.741
629.812,346.574,324.511,-27.628,-27.473,43.947,63.712,49.739,75.996,54.953,80.299,52.127,82.341
629.824,245.551,221.360,-27.702,-28.514,40.892,57.881,45.155,69.168,50.046,73.430,50.491,78.664
629.836,168.215,152.786,-28.094,-29.497,37.352,52.577,40.371,62.668,44.989,66.897,47.826,74.034
629.848,111.494,111.860,-28.646,-29.967,33.978,48.197,35.619,56.643,40.028,60.817,44.503,68.926
629.859,68.358,90.470,-29.026,-30.403,31.137,45.069,31.018,51.184,35.256,55.295,40.725,63.658
629.871,31.122,77.660,-29.083,-30.736,28.368,41.194,25.737,45.002,29.778,49.045,35.788,57.242
629.882,8.378,71.486,-29.376,-30.545,25.075,37.974,20.834,39.272,24.669,43.244,30.864,51.138
629.893,-3.921,68.936,-29.678,-30.134,22.866,35.797,16.292,33.991,19.937,37.852,26.070,45.370
629.905,-9.374,69.062,-30.756,-28.854,20.321,34.331,12.055,29.209,15.584,32.870,21.500,39.966
629.916,-8.544,69.777,-31.700,-27.905,17.645,32.191,8.091,24.866,11.605,28.221,17.176,34.911
629.928,-6.613,72.006,-32.986,-27.249,15.443,29.539,4.351,20.900,7.901,23.917,13.119,30.199
629.939,-5.732,72.145,-35.149,-25.198,12.235,27.795,0.803,17.180,4.401,19.850,9.306,25.800
629.951,-9.907,69.089,-36.657,-22.415,8.358,24.938,-2.782,13.714,0.939,15.977,5.664,21.666
629.962,-22.380,58.542,-38.377,-16.330,3.950,22.059,-6.517,10.506,-2.576,12.163,2.135,17.765
629.973,-49.130,32.829,-42.471,-10.112,-1.185,18.980,-10.834,7.379,-6.516,8.161,-1.495,14.011
629.984,-85.265,-4.621,-47.829,-6.692,-6.904,15.530,-15.669,4.192,-10.918,4.060,-5.427,10.373
629.995,-119.142,-54.491,-48.973,-5.619,-12.503,11.498,-20.769,0.596,-15.678,-0.213,-9.774,6.792
630.006,-137.176,-114.559,-43.639,-8.787,-17.066,6.459,-25.359,-3.695,-20.349,-4.817,-14.343,3.075
630.018,-137.946,-164.192,-32.729,-11.053,-20.253,1.148,-28.803,-8.421,-24.336,-9.553,-18.685,-0.984
630.029,-149.760,-174.146,-29.223,-6.052,-23.320,-2.266,-31.894,-12.143,-28.063,-13.350,-22.490,-5.002
630.040,-147.092,-170.327,-29.579,0.438,-26.139,-3.520,-34.591,-14.951,-31.189,-16.468,-25.982,-8.677
630.051,-142.105,-165.511,-26.260,5.238,-27.061,-4.124,-36.870,-17.170,-33.911,-19.115,-29.121,-11.889
630.062,-145.116,-155.516,-21.837,9.237,-27.432,-4.712,-38.882,-18.811,-36.482,-21.244,-31.946,-14.645
630.073,-150.040,-138.694,-18.638,13.384,-28.522,-4.876,-40.690,-19.807,-38.930,-22.782,-34.561,-16.946
630.084,-150.572,-114.433,-15.461,18.143,-29.554,-4.486,-42.080,-20.037,-40.982,-23.621,-36.877,-18.660
630.095,-151.913,-85.364,-11.056,23.724,-30.229,-3.529,-43.165,-19.543,-42.793,-23.820,-38.917,-19.776
630.106,-154.471,-53.667,-6.424,28.944,-30.690,-2.089,-43.934,-18.324,-44.358,-23.362,-40.685,-20.263
630.117,-156.003,-20.122,-2.225,32.793,-30.986,-0.380,-44.395,-16.530,-45.639,-22.296,-42.169,-20.112
630.128,-154.978,16.108,2.241,35.008,-30.882,1.559,-44.521,-14.187,-46.583,-20.564,-43.365,-19.333
630.140,-153.444,50.856,6.368,35.770,-30.511,3.559,-44.298,-11.532,-47.156,-18.332,-44.188,-17.954
630.151,-148.314,85.528,10.253,34.678,-29.873,5.473,-43.720,-8.667,-47.325,-15.665,-44.681,-16.080
630.162,-142.532,117.832,13.451,31.986,-29.122,7.263,-42.863,-5.718,-47.138,-12.658,-44.810,-13.794
630.173,-138.090,142.150,15.116,28.100,-28.508,8.704,-41.854,-3.000,-46.667,-9.633,-44.600,-11.261
630.184,-133.602,159.071,15.376,22.971,-28.076,9.737,-40.789,-0.613,-45.960,-6.710,-44.145,-8.652
630.195,-130.099,166.696,15.259,16.497,-27.637,10.191,-39.678,1.232,-45.027,-4.119,-43.429,-6.160
630.206,-121.752,163.513,15.349,9.839,-26.989,10.046,-38.417,2.372,-43.813,-2.082,-42.525,-3.978
630.216,-110.602,150.741,16.497,3.823,-25.973,9.247,-36.965,2.783,-42.349,-0.719,-41.408,-2.267
630.227,-94.353,130.722,19.118,-0.239,-24.304,7.951,-35.222,2.571,-40.612,-0.026,-40.103,-1.090
630.238,-72.092,106.867,22.291,-3.175,-21.965,6.272,-33.062,1.850,-38.525,0.058,-38.546,-0.446
630.249,-44.849,83.054,25.184,-5.802,-19.182,4.325,-30.415,0.776,-36.004,-0.295,-36.647,-0.286
630.260,-18.455,58.303,27.347,-8.158,-16.303,2.127,-27.473,-0.671,-33.202,-1.092,-34.421,-0.568
630.271,0.703,34.745,28.029,-9.771,-13.742,-0.057,-24.495,-2.368,-30.322,-2.215,-31.931,-1.243
630.282,15.247,10.623,25.963,-10.301,-11.786,-2.193,-21.635,-4.281,-27.410,-3.668,-29.281,-2.257
630.293,25.694,-15.396,23.188,-10.096,-10.095,-4.429,-19.005,-6.435,-24.550,-5.493,-26.592,-3.621
630.304,30.537,-37.562,20.785,-8.916,-8.631,-6.455,-16.682,-8.546,-21.873,-7.418,-23.948,-5.202
630.314,31.776,-56.349,18.883,-6.886,-7.352,-8.215,-14.630,-10.560,-19.408,-9.394,-21.439,-6.937
630.325,31.366,-68.734,17.497,-4.411,-6.181,-9.686,-12.804,-12.368,-17.160,-11.297,-19.107,-8.738
630.336,29.858,-74.555,16.521,-1.422,-5.066,-10.784,-11.149,-13.849,-15.100,-12.988,-16.949,-10.481
630.346,30.583,-72.919,15.971,2.352,-3.958,-11.395,-9.602,-14.928,-13.184,-14.388,-14.959,-12.072
630.357,31.087,-63.932,15.777,6.159,-2.835,-11.528,-8.118,-15.512,-11.382,-15.383,-13.096,-13.417
630.368,31.173,-50.008,15.654,9.473,-1.765,-11.237,-6.716,-15.613,-9.707,-15.936,-11.352,-14.389
630.379,29.892,-35.113,15.175,11.714,-0.896,-10.739,-5.461,-15.344,-8.205,-16.103,-9.731,-14.990
630.390,29.152,-20.113,14.139,12.645,-0.192,-10.288,-4.279,-14.853,-6.771,-15.977,-8.221,-15.263
630.400,27.755,-6.328,13.000,12.551,0.408,-9.898,-3.225,-14.214,-5.451,-15.593,-6.825,-15.244
630.411,24.169,4.891,11.855,11.671,0.859,-9.618,-2.355,-13.560,-4.309,-15.074,-5.563,-15.020
630.422,18.904,11.749,10.913,10.148,1.159,-9.527,-1.689,-13.002,-3.376,-14.528,-4.460,-14.644
630.432,11.418,14.260,10.219,8.475,1.342,-9.583,-1.193,-12.575,-2.634,-14.011,-3.521,-14.211
630.443,3.859,15.168,9.713,6.971,1.442,-9.719,-0.826,-12.270,-2.046,-13.548,-2.749,-13.788
630.454,-4.533,12.645,9.554,5.724,1.482,-9.931,-0.597,-12.111,-1.630,-13.194,-2.136,-13.412
630.465,-11.573,7.878,9.771,4.997,1.552,-10.195,-0.416,-12.116,-1.305,-13.002,-1.658,-13.137
630.475,-16.909,4.730,10.382,4.863,1.688,-10.341,-0.244,-12.123,-1.041,-12.840,-1.279,-12.930
630.486,-20.748,1.178,11.248,5.159,1.907,-10.447,-0.038,-12.173,-0.796,-12.766,-0.960,-12.789
630.497,-22.658,0.743,12.278,5.652,2.223,-10.405,0.233,-12.113,-0.530,-12.630,-0.669,-12.674
630.507,-22.576,1.084,13.342,6.159,2.602,-10.308,0.564,-12.002,-0.241,-12.481,-0.377,-12.559
630.518,-21.977,3.799,14.353,6.495,3.055,-10.145,0.981,-11.794,0.108,-12.256,-0.052,-12.418
630.529,-18.332,4.269,15.179,6.480,3.588,-10.074,1.512,-11.617,0.563,-12.063,0.316,-12.259
630.539,-13.057,5.525,15.833,6.113,4.201,-10.035,2.154,-11.414,1.130,-11.830,0.767,-12.070
630.550,-8.645,5.797,16.161,5.578,4.785,-10.067,2.824,-11.259,1.741,-11.623,1.287,-11.877
630.561,-4.107,5.002,16.330,5.007,5.380,-10.131,3.530,-11.138,2.410,-11.432,1.867,-11.693
630.572,-1.929,2.781,16.251,4.563,5.901,-10.247,4.201,-11.100,3.070,-11.314,2.484,-11.540
630.582,-0.123,-0.635,16.073,4.457,6.365,-10.349,4.826,-11.115,3.710,-11.256,3.111,-11.428
630.593,2.228,-1.692,15.807,4.602,6.826,-10.382,5.457,-11.112,4.378,-11.198,3.744,-11.358
630.604,3.961,-2.866,15.550,5.014,7.263,-10.323,6.054,-11.066,5.030,-11.126,4.377,-11.285
630.614,4.542,-4.182,15.277,5.387,7.646,-10.271,6.592,-11.020,5.633,-11.076,4.990,-11.221
630.625,3.740,-3.021,14.979,5.653,7.951,-10.144,7.050,-10.880,6.165,-10.945,5.569,-11.136
630.636,3.240,-2.134,14.637,5.762,8.237,-10.026,7.489,-10.721,6.684,-10.797,6.110,-11.026
630.647,2.561,-0.406,14.343,5.754,8.486,-9.914,7.876,-10.549,7.156,-10.630,6.610,-10.904
630.657,-0.340,-0.166,14.114,5.635,8.646,-9.823,8.155,-10.381,7.518,-10.458,7.057,-10.748
630.668,-1.592,-0.302,14.047,5.566,8.835,-9.725,8.428,-10.218,7.865,-10.285,7.449,-10.586
630.679,-2.469,-0.103,14.115,5.488,9.038,-9.619,8.686,-10.049,8.185,-10.101,7.807,-10.419
630.689,-2.732,-0.655,14.281,5.502,9.272,-9.509,8.955,-9.896,8.499,-9.934,8.138,-10.254
630.700,-3.854,-1.213,14.466,5.547,9.500,-9.406,9.212,-9.758,8.788,-9.785,8.450,-10.094
630.711,-3.022,0.826,14.651,5.551,9.750,-9.245,9.489,-9.555,9.086,-9.573,8.745,-9.929
630.721,-1.592,0.816,14.816,5.515,10.030,-9.108,9.798,-9.371,9.409,-9.378,9.043,-9.741
630.732,-0.537,0.849,14.885,5.386,10.284,-8.967,10.096,-9.170,9.720,-9.161,9.346,-9.549
630.743,-0.383,-0.160,14.880,5.335,10.504,-8.858,10.371,-9.017,10.010,-8.992,9.646,-9.366
630.753,-0.007,0.440,14.868,5.374,10.727,-8.700,10.648,-8.835,10.305,-8.795,9.942,-9.189