R
Px,I,D,Py,I,D,Pz,I,D,FFrx,y,FFdrx,y,satI,satPID,DTermC,GparamC,AparamC,KFQAng,KFQbias,KFRmeas
175,25,1900,200,25,2100,100,10,0,0,0,0,7,75,10,10.0,16.0,0.001,0.003,0.03
sysTime,GPT1X,GPT1Z,aPT1R,aPT1P,aKFRawR,aKFRawP,aKFPT10R,aKFPT10P,aKFPT20R,aKFPT20P,aKFPT21R,aKFPT21P
591.511,0.140,-0.969,0.255,0.924,0.365,0.899,0.376,0.894,0.380,0.889,0.391,0.912
591.521,-1.032,-0.987,0.271,0.891,0.341,0.891,0.349,0.892,0.355,0.888,0.383,0.906
591.532,-0.929,-0.336,0.285,0.943,0.327,0.911,0.333,0.904,0.339,0.900,0.368,0.902
591.543,0.274,0.718,0.320,0.936,0.346,0.933,0.346,0.927,0.350,0.922,0.361,0.905
591.553,-0.001,-0.347,0.349,0.940,0.339,0.904,0.335,0.897,0.337,0.893,0.357,0.906
591.564,0.002,0.144,0.343,0.911,0.343,0.915,0.340,0.913,0.341,0.909,0.357,0.908
591.575,0.759,-0.254,0.308,0.917,0.359,0.891,0.362,0.888,0.362,0.885,0.359,0.903
591.585,0.797,0.655,0.316,0.919,0.357,0.908,0.358,0.905,0.359,0.901,0.364,0.907
591.596,1.277,-0.010,0.347,0.917,0.379,0.891,0.375,0.888,0.375,0.884,0.372,0.911
591.607,0.904,-0.602,0.341,0.911,0.370,0.876,0.367,0.875,0.366,0.872,0.380,0.910
591.617,1.176,0.017,0.333,0.934,0.391,0.909,0.389,0.904,0.389,0.901,0.391,0.910
591.628,1.111,-0.065,0.337,0.918,0.405,0.888,0.403,0.886,0.401,0.883,0.399,0.907
591.639,1.110,-0.542,0.300,0.963,0.413,0.891,0.417,0.881,0.417,0.877,0.409,0.906
591.649,0.923,-0.574,0.298,0.939,0.423,0.887,0.428,0.882,0.428,0.876,0.415,0.903
591.660,0.244,-0.555,0.313,0.963,0.396,0.885,0.397,0.875,0.398,0.869,0.412,0.899
591.671,0.013,0.536,0.311,0.983,0.390,0.911,0.392,0.899,0.393,0.891,0.410,0.901
591.681,-1.179,0.233,0.335,0.992,0.367,0.934,0.364,0.921,0.365,0.912,0.399,0.913
591.692,-1.781,-0.147,0.356,0.987,0.343,0.938,0.337,0.926,0.337,0.916,0.380,0.919
591.703,-1.168,-1.277,0.335,0.982,0.319,0.912,0.317,0.901,0.317,0.892,0.358,0.916
591.713,-0.415,-0.040,0.313,0.956,0.322,0.926,0.324,0.921,0.323,0.912,0.350,0.912
591.724,-0.777,-0.976,0.306,0.949,0.300,0.919,0.303,0.915,0.303,0.907,0.341,0.915
591.734,0.767,0.410,0.300,0.944,0.331,0.935,0.335,0.932,0.336,0.926,0.341,0.915
591.745,1.286,0.753,0.339,0.903,0.359,0.949,0.356,0.953,0.357,0.948,0.350,0.926
591.756,0.523,0.867,0.338,0.931,0.356,0.977,0.353,0.977,0.353,0.973,0.358,0.939
591.767,0.794,0.832,0.351,0.930,0.374,0.992,0.369,0.992,0.368,0.989,0.364,0.950
591.777,-0.227,0.072,0.339,0.933,0.357,0.962,0.355,0.961,0.353,0.959,0.368,0.952
591.788,-0.975,-0.593,0.310,0.921,0.317,0.953,0.320,0.954,0.319,0.952,0.359,0.954
591.799,0.014,0.623,0.347,0.918,0.338,0.972,0.334,0.974,0.333,0.973,0.351,0.954
591.809,0.020,0.545,0.346,0.898,0.335,0.991,0.331,0.996,0.330,0.996,0.349,0.964
591.820,-0.397,0.005,0.299,0.903,0.311,0.967,0.316,0.971,0.315,0.972,0.344,0.963
591.831,-0.714,1.229,0.282,0.903,0.294,0.993,0.301,0.997,0.303,0.999,0.337,0.967
591.841,-0.738,0.910,0.247,0.920,0.280,0.997,0.293,0.997,0.298,0.999,0.329,0.977
591.852,0.230,0.903,0.288,0.925,0.320,1.003,0.326,1.003,0.332,1.004,0.328,0.982
591.862,0.537,1.238,0.314,0.909,0.330,1.018,0.330,1.021,0.336,1.022,0.329,0.992
591.873,0.162,1.114,0.294,0.944,0.326,1.023,0.330,1.020,0.334,1.021,0.329,1.000
591.884,0.493,0.922,0.268,0.919,0.319,1.014,0.328,1.014,0.333,1.016,0.327,1.006
591.895,-0.332,-0.473,0.274,0.947,0.299,0.984,0.306,0.979,0.311,0.980,0.327,1.003
591.905,-0.111,-0.449,0.241,0.968,0.279,0.964,0.292,0.956,0.299,0.955,0.319,0.991
591.916,-0.331,-0.870,0.225,0.982,0.266,0.953,0.281,0.943,0.290,0.940,0.313,0.982
591.926,-0.821,-0.947,0.305,0.966,0.261,0.954,0.261,0.947,0.269,0.943,0.302,0.974
591.937,-0.385,-1.168,0.335,0.948,0.249,0.937,0.244,0.934,0.249,0.930,0.291,0.963
591.948,-1.029,-0.302,0.321,0.936,0.244,0.957,0.241,0.957,0.245,0.953,0.287,0.958
591.959,-0.550,-0.347,0.333,0.925,0.236,0.931,0.231,0.932,0.233,0.930,0.276,0.949
591.969,0.301,-0.809,0.297,0.911,0.256,0.908,0.258,0.911,0.258,0.911,0.275,0.940
591.980,-1.252,-1.232,0.317,0.889,0.212,0.894,0.210,0.901,0.211,0.903,0.269,0.933
591.990,-2.187,-2.009,0.332,0.916,0.181,0.870,0.176,0.873,0.176,0.874,0.251,0.916
592.001,-1.468,-0.940,0.277,0.934,0.162,0.892,0.167,0.891,0.168,0.892,0.233,0.904
592.012,0.180,0.004,0.306,0.953,0.200,0.901,0.200,0.897,0.201,0.897,0.230,0.899
592.022,-0.447,0.141,0.327,0.986,0.202,0.945,0.198,0.935,0.198,0.933,0.233,0.910
592.033,-0.083,-0.436,0.334,0.969,0.217,0.931,0.212,0.924,0.211,0.921,0.234,0.909
592.044,0.260,0.085,0.354,0.932,0.243,0.925,0.235,0.925,0.232,0.922,0.240,0.908
592.054,0.382,0.762,0.384,0.923,0.234,0.927,0.221,0.929,0.216,0.927,0.242,0.911
592.065,0.457,1.384,0.352,0.913,0.256,0.959,0.250,0.963,0.244,0.963,0.255,0.927
592.076,1.395,0.478,0.346,0.914,0.296,0.938,0.291,0.941,0.285,0.942,0.271,0.932
592.086,1.327,0.662,0.376,0.907,0.333,0.947,0.323,0.951,0.316,0.953,0.293,0.939
592.097,0.772,-0.633,0.363,0.913,0.342,0.920,0.334,0.923,0.327,0.925,0.309,0.940
592.108,0.731,0.619,0.335,0.958,0.344,0.957,0.342,0.952,0.335,0.953,0.322,0.941
592.118,0.018,0.182,0.320,0.950,0.328,0.943,0.328,0.939,0.323,0.938,0.326,0.941
592.129,-0.481,0.310,0.307,0.920,0.302,0.937,0.305,0.939,0.302,0.939,0.325,0.945
592.139,-0.468,0.538,0.280,0.937,0.295,0.962,0.302,0.960,0.302,0.961,0.322,0.951
592.150,-0.702,-1.345,0.326,0.924,0.301,0.923,0.300,0.924,0.300,0.924,0.319,0.949
592.161,-0.301,-0.547,0.325,0.916,0.316,0.935,0.316,0.937,0.315,0.938,0.316,0.941
592.172,-0.960,-0.669,0.327,0.904,0.301,0.930,0.299,0.935,0.299,0.936,0.311,0.936
592.183,-1.978,-0.671,0.321,0.932,0.266,0.924,0.266,0.924,0.265,0.925,0.297,0.929
592.193,-1.178,-0.960,0.315,0.922,0.286,0.907,0.287,0.908,0.286,0.909,0.285,0.921
592.204,-1.320,-0.799,0.325,0.915,0.267,0.884,0.266,0.887,0.265,0.888,0.273,0.907
592.215,-0.156,-0.272,0.323,0.909,0.291,0.900,0.291,0.904,0.290,0.906,0.269,0.906
592.226,-0.629,1.019,0.327,0.916,0.284,0.951,0.283,0.953,0.282,0.955,0.268,0.913
592.237,0.150,0.330,0.335,0.877,0.306,0.928,0.303,0.938,0.303,0.940,0.267,0.920
592.249,-0.278,-0.248,0.336,0.862,0.303,0.907,0.301,0.919,0.299,0.924,0.271,0.921
592.260,-0.716,-0.839,0.349,0.873,0.309,0.898,0.304,0.908,0.302,0.913,0.273,0.918
592.271,-1.755,-1.731,0.358,0.885,0.277,0.877,0.270,0.884,0.267,0.890,0.264,0.905
592.282,-1.876,0.025,0.344,0.907,0.262,0.932,0.258,0.934,0.254,0.940,0.251,0.898
592.294,-0.779,-0.219,0.333,0.914,0.294,0.936,0.293,0.936,0.290,0.941,0.244,0.901
592.305,-0.088,-0.002,0.287,0.865,0.305,0.946,0.313,0.957,0.312,0.962,0.246,0.903
592.317,0.487,-0.609,0.110,0.805,0.289,0.908,0.333,0.931,0.336,0.937,0.254,0.900
592.328,1.288,0.714,0.418,1.078,0.388,0.990,0.376,0.959,0.371,0.957,0.272,0.900
592.339,1.873,-0.508,-0.088,0.983,0.261,0.917,0.359,0.903,0.380,0.915,0.284,0.898
592.351,1.483,-0.042,-0.341,0.154,0.219,0.761,0.358,0.910,0.394,0.928,0.302,0.896
592.362,1.283,-1.038,-0.144,0.615,0.247,0.819,0.337,0.873,0.390,0.902,0.306,0.889
592.373,0.802,-1.094,0.147,0.976,0.274,0.867,0.352,0.859,0.391,0.877,0.313,0.871
592.385,0.332,-0.098,0.894,1.142,0.429,0.921,0.339,0.890,0.361,0.895,0.309,0.864
592.396,-1.821,-0.669,0.417,0.196,0.282,0.688,0.291,0.855,0.298,0.886,0.297,0.859
592.407,-0.984,-0.480,0.421,0.902,0.296,0.826,0.311,0.841,0.304,0.869,0.283,0.846
592.419,-1.881,-1.570,0.295,1.037,0.212,0.818,0.252,0.808,0.250,0.833,0.264,0.835
592.430,0.072,-0.800,0.386,1.019,0.267,0.833,0.288,0.830,0.281,0.840,0.255,0.820
592.442,-0.016,-1.606,0.255,0.882,0.228,0.762,0.277,0.788,0.274,0.793,0.257,0.806
592.453,-0.710,-1.879,0.197,0.700,0.199,0.686,0.258,0.754,0.255,0.763,0.257,0.788
592.464,-1.331,-1.948,0.117,0.333,0.145,0.605,0.209,0.738,0.217,0.759,0.247,0.774
592.475,-1.822,-2.081,0.462,0.311,0.213,0.566,0.204,0.703,0.195,0.735,0.235,0.751
592.487,-2.760,-1.752,0.389,0.295,0.158,0.527,0.169,0.656,0.150,0.704,0.214,0.722
592.498,-2.270,-2.049,0.256,0.017,0.105,0.383,0.146,0.572,0.135,0.658,0.193,0.688
592.510,-1.057,-0.660,0.062,-0.067,0.074,0.333,0.154,0.524,0.156,0.654,0.180,0.651
592.521,-1.287,-0.125,0.046,0.464,0.061,0.416,0.140,0.490,0.150,0.647,0.173,0.620
592.532,-0.165,0.278,0.147,1.279,0.091,0.619,0.151,0.500,0.176,0.641,0.167,0.594
592.543,0.520,1.037,0.294,2.319,0.146,0.933,0.176,0.615,0.194,0.660,0.171,0.591
592.555,0.258,0.229,0.007,1.722,0.076,0.888,0.170,0.726,0.188,0.653,0.178,0.614
592.566,-0.127,-0.705,-0.332,0.749,0.035,0.773,0.164,0.777,0.186,0.653,0.183,0.647
592.577,0.138,-0.960,0.034,-0.168,0.115,0.522,0.133,0.725,0.181,0.669,0.179,0.669
592.588,0.514,-1.163,0.220,0.296,0.151,0.508,0.149,0.646,0.204,0.677,0.177,0.667
592.600,-0.246,-1.137,0.226,0.656,0.105,0.565,0.102,0.630,0.158,0.676,0.165,0.652
592.611,1.422,-0.413,-0.047,0.696,0.152,0.692,0.184,0.714,0.209,0.695,0.171,0.651
592.622,-0.394,-0.338,0.267,0.648,0.207,0.732,0.116,0.715,0.131,0.687,0.169,0.657
592.633,-1.689,-0.629,-0.139,0.114,0.034,0.534,0.056,0.660,0.097,0.689,0.158,0.660
592.645,-1.655,-0.163,-0.039,0.071,-0.024,0.519,-0.001,0.656,0.069,0.713,0.128,0.656
592.656,-1.414,0.233,-0.128,0.287,-0.021,0.588,0.023,0.693,0.069,0.718,0.106,0.654
592.667,-0.614,0.926,0.170,0.356,0.097,0.660,0.054,0.732,0.089,0.750,0.094,0.664
592.679,0.524,0.740,0.223,0.058,0.139,0.560,0.072,0.669,0.126,0.741,0.092,0.666
592.690,0.684,0.101,0.376,-0.332,0.188,0.469,0.078,0.622,0.132,0.705,0.092,0.655
592.701,-1.067,-2.506,0.446,-0.518,0.143,0.345,0.056,0.519,0.057,0.599,0.087,0.629
592.713,-1.991,-3.077,0.366,-0.240,0.079,0.244,0.031,0.387,0.029,0.517,0.079,0.574
592.724,0.151,-2.267,0.598,-0.368,0.129,0.108,0.071,0.307,0.084,0.480,0.072,0.511
592.735,-1.066,-2.243,0.815,0.110,0.242,0.125,0.116,0.241,0.075,0.423,0.081,0.452
592.747,-0.770,-2.822,0.828,1.444,0.310,0.228,0.192,0.150,0.107,0.348,0.098,0.385
592.758,-1.561,-2.256,0.160,1.443,0.102,0.155,0.131,0.253,0.062,0.317,0.101,0.338
592.770,-1.571,-3.051,0.205,1.618,0.069,0.117,0.143,0.293,0.076,0.265,0.112,0.319
592.781,-0.584,-1.962,0.440,0.821,0.125,0.012,0.159,0.337,0.112,0.295,0.118,0.316
592.793,-1.326,-2.684,-0.027,1.858,0.078,0.219,0.145,0.274,0.107,0.262,0.128,0.306
592.804,-3.325,-5.994,0.280,0.684,0.662,-0.065,0.088,0.267,0.048,0.162,0.126,0.294
592.815,0.072,-6.651,-1.064,0.343,0.838,-0.522,0.132,0.112,0.142,0.133,0.116,0.251
592.827,-2.700,-10.710,0.796,2.782,1.560,-0.414,-0.062,-0.013,-0.009,-0.050,0.092,0.179
592.838,-1.764,-14.571,0.773,2.985,2.176,-0.680,0.023,-0.129,0.019,-0.237,0.074,0.083
592.850,0.402,-19.346,-2.111,2.015,1.755,-0.959,0.071,-0.248,0.146,-0.426,0.079,-0.024
592.861,-3.933,-26.496,-2.334,-0.536,1.371,-1.253,-0.205,-0.573,-0.009,-0.747,0.033,-0.188
592.873,-9.643,-31.385,-0.409,0.996,1.799,-0.877,-0.478,-1.042,-0.299,-1.107,-0.082,-0.433
592.884,-16.051,-34.773,0.926,1.920,1.947,-0.670,-0.809,-1.333,-0.663,-1.483,-0.260,-0.711
592.896,-16.596,-33.511,-0.003,-0.929,2.154,-1.727,-0.896,-1.618,-0.840,-1.664,-0.452,-0.986
592.907,-18.395,-35.700,-2.720,0.775,2.164,-2.333,-1.106,-2.001,-1.011,-1.984,-0.637,-1.270
592.919,-23.811,-36.187,-1.502,-2.095,2.050,-3.298,-1.674,-2.285,-1.467,-2.256,-0.891,-1.564
592.930,-29.066,-36.804,-0.159,-2.216,2.092,-4.175,-2.087,-2.783,-1.943,-2.549,-1.195,-1.877
592.942,-32.155,-35.858,-1.403,3.612,1.549,-3.971,-2.457,-2.876,-2.290,-2.820,-1.512,-2.157
592.953,-31.079,-28.337,-1.285,-1.531,1.139,-5.261,-2.751,-2.830,-2.579,-2.792,-1.835,-2.361
592.965,-24.111,-18.974,-0.206,-0.972,1.084,-5.221,-2.766,-2.790,-2.600,-2.606,-2.093,-2.468
592.976,-16.390,-6.156,-1.354,4.498,0.899,-4.520,-2.602,-2.263,-2.486,-2.247,-2.233,-2.431
592.988,-3.705,13.573,-2.269,1.104,0.649,-4.745,-2.366,-1.423,-2.178,-1.493,-2.268,-2.186
592.999,8.574,37.475,-0.815,-2.794,1.030,-4.467,-2.002,-0.413,-1.792,-0.374,-2.171,-1.712
593.011,27.299,63.331,-2.575,-9.315,1.799,-4.204,-1.184,0.561,-1.006,1.002,-1.902,-1.047
593.022,47.730,82.762,-6.669,-3.972,1.966,-1.726,-0.383,1.559,-0.028,2.222,-1.457,-0.257
593.034,64.540,103.144,-7.732,-2.559,1.842,0.379,0.393,2.946,0.971,3.573,-0.878,0.687
593.045,82.181,122.958,-7.282,-6.670,2.319,0.871,1.233,4.330,2.045,5.066,-0.212,1.776
593.057,97.756,141.264,-1.020,-8.042,4.617,2.362,2.309,5.700,3.100,6.642,0.574,2.993
593.068,105.623,154.587,1.237,-7.016,6.859,3.889,3.515,7.018,4.046,8.063,1.469,4.241
593.080,120.109,157.093,0.642,-3.927,8.641,5.584,5.102,8.132,5.409,9.189,2.497,5.481
593.091,124.650,152.503,0.674,-2.843,9.577,6.420,6.280,9.164,6.459,10.023,3.571,6.609
593.102,123.315,140.521,3.935,-7.549,11.079,6.402,7.305,9.602,7.275,10.554,4.631,7.586
593.114,116.318,118.254,3.736,-6.759,12.867,6.975,8.264,9.525,8.039,10.526,5.693,8.318
593.125,103.809,90.106,4.640,-6.243,13.264,6.491,8.879,8.897,8.452,9.939,6.593,8.656
593.136,86.118,60.214,4.999,-11.317,13.407,5.000,9.141,7.954,8.567,9.045,7.309,8.626
593.147,63.816,30.629,4.120,-12.669,13.168,3.763,9.007,6.516,8.358,7.880,7.792,8.211
593.159,39.661,-1.514,2.183,-10.121,12.777,2.595,8.509,4.762,7.867,6.241,8.015,7.412
593.170,17.338,-29.968,0.978,-4.002,11.645,1.460,7.780,3.043,7.220,4.373,7.960,6.315
593.181,-2.377,-53.772,-0.779,0.146,10.195,0.910,6.890,1.538,6.425,2.520,7.665,5.050
593.192,-24.377,-74.119,-2.280,2.939,8.870,-0.479,5.662,0.127,5.351,0.666,7.127,3.692
593.203,-44.833,-87.649,-5.459,2.702,7.283,-1.891,4.092,-1.065,4.040,-0.937,6.332,2.339
593.214,-64.282,-96.683,-7.103,0.673,4.653,-4.257,2.222,-2.298,2.495,-2.344,5.277,1.003
593.225,-80.095,-102.084,-5.417,0.132,3.015,-5.378,0.485,-3.435,0.965,-3.596,4.038,-0.305
593.236,-96.284,-103.855,-2.405,-3.280,1.223,-6.563,-1.239,-4.567,-0.741,-4.722,2.669,-1.576
593.248,-108.232,-103.633,-0.850,-7.524,-0.446,-8.130,-2.913,-5.873,-2.503,-5.830,1.137,-2.904
593.260,-119.761,-99.960,-0.217,-11.228,-2.108,-9.382,-4.494,-7.129,-4.193,-6.759,-0.387,-4.171
593.271,-126.921,-95.146,1.231,-19.155,-3.601,-11.404,-5.907,-8.634,-5.745,-7.694,-1.900,-5.433
593.283,-133.508,-87.375,2.308,-24.027,-5.145,-13.131,-7.222,-10.248,-7.215,-8.614,-3.376,-6.743
593.295,-138.258,-76.506,3.404,-23.792,-6.447,-13.919,-8.405,-11.625,-8.569,-9.473,-4.793,-8.051
593.306,-136.626,-62.054,3.477,-20.824,-7.452,-13.959,-9.307,-12.630,-9.629,-10.182,-6.093,-9.272
593.318,-131.166,-44.541,3.699,-16.697,-8.585,-13.749,-10.073,-13.204,-10.503,-10.687,-7.264,-10.327
593.329,-117.416,-23.853,3.212,-12.423,-9.343,-13.126,-10.467,-13.265,-10.961,-10.903,-8.228,-11.121
593.341,-98.857,-1.116,2.477,-5.388,-9.277,-11.492,-10.438,-12.668,-10.943,-10.745,-8.913,-11.570
593.352,-76.863,28.317,2.357,-2.721,-8.289,-9.783,-10.139,-11.428,-10.656,-10.091,-9.329,-11.599
593.364,-56.042,56.146,2.526,-2.915,-7.702,-7.996,-9.599,-9.753,-10.116,-8.948,-9.454,-11.164
593.375,-31.030,86.207,1.746,-4.979,-7.163,-6.364,-8.770,-7.883,-9.230,-7.345,-9.329,-10.345
593.387,-9.430,107.773,4.234,-5.172,-6.940,-4.562,-7.800,-6.147,-8.259,-5.742,-8.947,-9.238
593.399,12.707,126.954,6.920,-4.037,-5.818,-2.578,-6.424,-4.296,-7.013,-4.072,-8.286,-7.926
593.410,35.426,145.678,8.698,-3.726,-3.396,-0.571,-4.712,-2.329,-5.529,-2.280,-7.351,-6.437
593.422,57.282,159.743,7.813,-3.972,-1.703,0.870,-2.735,-0.330,-3.734,-0.415,-6.136,-4.801
593.434,76.184,170.454,5.157,-3.913,-1.165,2.425,-0.855,1.526,-1.886,1.358,-4.740,-3.111
593.445,91.688,179.331,0.041,-1.657,-0.748,4.499,0.796,3.316,-0.064,3.029,-3.258,-1.432
593.457,105.122,186.364,-3.477,-0.194,0.374,6.161,2.272,5.151,1.761,4.662,-1.734,0.291
593.468,119.621,191.622,-6.080,1.110,2.017,7.893,3.735,7.059,3.644,6.341,-0.184,2.097
593.480,128.155,194.908,-9.150,3.746,3.099,9.720,4.865,8.946,5.234,7.967,1.296,3.911
593.492,134.749,197.697,-9.243,5.202,4.503,11.352,5.851,10.888,6.627,9.645,2.655,5.739
593.504,135.356,194.180,-5.911,7.693,6.579,13.097,6.780,12.632,7.749,11.142,3.919,7.553
593.516,133.510,181.998,-3.052,12.193,7.744,14.907,7.700,14.170,8.620,12.297,5.068,9.270
593.527,126.131,166.649,-3.170,9.113,9.070,15.182,8.375,15.294,9.181,13.134,6.098,10.808
593.539,115.255,145.208,-4.723,5.367,8.745,14.395,8.709,15.798,9.545,13.658,6.964,12.102
593.551,98.942,119.981,-0.970,3.852,9.875,14.080,8.769,15.810,9.601,13.772,7.605,13.049
593.563,77.322,98.071,2.011,-5.783,9.812,12.896,8.678,15.284,9.218,13.655,8.012,13.618
593.575,51.708,67.152,4.011,-5.763,10.095,11.611,8.307,13.948,8.573,12.965,8.190,13.761
593.586,26.709,33.905,1.928,-5.308,9.257,10.224,7.740,12.288,7.732,11.601,8.118,13.399
593.598,1.167,5.415,-0.786,-4.122,6.635,8.764,6.754,10.491,6.707,10.102,7.788,12.649
593.610,-21.313,-20.038,-2.037,-0.196,5.610,7.436,5.507,8.734,5.573,8.418,7.184,11.598
593.622,-43.803,-40.432,-3.006,-0.021,3.512,6.043,4.008,7.074,4.188,6.683,6.326,10.342
593.633,-64.459,-56.536,-5.116,1.115,1.395,4.472,2.264,5.442,2.588,4.957,5.222,8.958
593.645,-81.197,-68.857,-7.002,3.501,-0.457,2.818,0.503,3.953,1.020,3.323,3.926,7.512
593.657,-96.997,-77.834,-7.507,3.709,-1.959,1.226,-1.303,2.657,-0.587,1.879,2.501,6.113
593.668,-109.174,-83.776,-6.248,2.369,-3.303,-0.233,-3.183,1.326,-2.338,0.490,0.911,4.714
593.680,-121.098,-88.814,-4.911,0.163,-4.734,-1.733,-4.952,0.060,-4.076,-0.712,-0.726,3.374
593.691,-130.624,-90.172,-6.144,-6.929,-6.422,-3.862,-6.665,-1.360,-5.817,-1.831,-2.423,2.016
593.703,-138.119,-93.884,-3.469,-11.446,-7.333,-6.047,-8.366,-3.175,-7.559,-3.117,-4.156,0.562
593.715,-142.744,-95.416,-2.365,-12.385,-8.489,-8.054,-9.899,-5.009,-9.221,-4.465,-5.873,-0.992
593.726,-142.896,-100.056,-2.576,-12.183,-9.955,-10.228,-11.153,-6.884,-10.621,-5.948,-7.462,-2.584
593.738,-136.456,-105.220,-7.962,-11.099,-12.120,-11.740,-12.293,-8.757,-11.748,-7.557,-8.943,-4.246
593.750,-121.534,-108.877,-13.683,-8.491,-13.469,-13.165,-13.279,-10.435,-12.428,-9.160,-10.254,-5.913
593.762,-102.307,-112.502,-11.165,-6.381,-13.799,-14.590,-14.046,-11.908,-12.878,-10.739,-11.400,-7.552
593.774,-80.366,-117.307,-7.302,-6.391,-13.832,-15.793,-14.303,-13.299,-13.105,-12.216,-12.299,-9.130
593.786,-59.171,-124.600,-2.914,-3.056,-12.327,-16.332,-14.006,-14.746,-13.057,-13.791,-12.866,-10.667
593.797,-28.519,-131.723,-3.871,1.696,-11.477,-16.750,-13.062,-15.888,-12.312,-15.345,-13.048,-12.134
593.809,-2.591,-135.480,-1.743,4.629,-9.979,-17.507,-11.920,-16.692,-11.356,-16.670,-12.848,-13.463
593.821,19.085,-133.621,0.842,3.464,-8.166,-18.480,-10.566,-17.219,-10.286,-17.573,-12.326,-14.593
593.833,38.872,-128.154,2.837,-4.302,-6.407,-20.366,-8.968,-17.830,-9.018,-18.220,-11.526,-15.593
593.845,56.887,-113.656,1.896,-12.961,-5.008,-21.416,-7.299,-18.425,-7.596,-18.413,-10.492,-16.432
593.856,71.188,-96.632,2.335,-13.962,-3.491,-21.831,-5.708,-19.060,-6.167,-18.491,-9.288,-17.170
593.868,85.790,-80.445,4.757,-5.489,-1.651,-21.357,-3.966,-19.283,-4.627,-18.552,-7.932,-17.755
593.880,92.613,-58.661,5.706,5.599,0.021,-19.763,-2.219,-18.518,-3.119,-18.192,-6.447,-18.031
593.892,100.237,-33.563,1.279,9.286,0.483,-17.996,-0.478,-17.038,-1.448,-17.388,-4.888,-17.898
593.903,107.692,-3.950,-2.172,6.150,1.599,-16.862,0.985,-15.139,0.182,-15.956,-3.353,-17.293
593.915,108.033,25.211,-2.189,1.297,2.671,-15.357,2.036,-13.211,1.469,-14.139,-1.897,-16.307
593.927,107.388,49.227,0.785,-1.886,3.879,-13.920,3.015,-11.465,2.545,-12.248,-0.564,-15.066
593.939,105.984,71.744,5.292,-5.696,5.403,-12.767,4.135,-9.776,3.543,-10.272,0.703,-13.654
593.950,107.671,92.526,6.475,-7.904,6.887,-11.208,5.457,-8.169,4.661,-8.304,1.953,-12.152
593.962,110.174,107.306,10.213,-5.329,8.897,-8.824,7.013,-6.533,5.905,-6.445,3.255,-10.576
593.974,115.706,121.325,9.684,-4.558,10.182,-6.099,8.652,-4.762,7.289,-4.579,4.601,-8.962
593.986,117.411,131.333,8.726,-4.280,10.950,-3.454,10.069,-3.079,8.567,-2.848,5.967,-7.329
593.998,112.726,130.374,8.991,-8.418,11.869,-2.403,11.174,-1.807,9.609,-1.453,7.284,-5.747
594.010,98.386,123.151,11.473,-13.726,12.177,-2.167,11.848,-1.166,10.196,-0.483,8.444,-4.387
594.021,76.243,107.267,11.924,-12.634,12.728,-1.861,12.175,-1.140,10.331,-0.122,9.395,-3.330
594.033,54.243,84.378,11.127,-12.020,12.503,-1.736,12.285,-1.315,10.323,-0.163,10.093,-2.605
594.045,27.595,55.359,11.160,-10.690,12.155,-2.030,11.841,-2.095,9.896,-0.759,10.489,-2.287
594.057,1.156,24.107,13.849,-8.437,12.173,-2.556,11.245,-3.063,9.195,-1.831,10.589,-2.352
594.069,-27.764,-6.313,10.322,-10.012,10.641,-4.066,10.351,-4.287,8.252,-3.098,10.416,-2.755
594.080,-54.160,-38.299,7.483,-3.878,8.779,-4.237,9.027,-5.749,7.164,-4.708,9.936,-3.485
594.092,-81.555,-68.836,5.402,-1.320,6.036,-5.676,7.339,-7.183,5.750,-6.542,9.134,-4.482
594.104,-105.502,-95.943,4.769,-0.014,4.194,-6.765,5.377,-8.676,4.090,-8.388,8.028,-5.652
594.116,-121.193,-116.462,5.122,3.918,2.509,-7.513,3.585,-10.016,2.524,-10.169,6.720,-6.940
594.127,-135.825,-133.182,4.894,6.719,0.208,-9.015,1.787,-11.196,0.915,-11.814,5.282,-8.248
594.139,-145.983,-141.288,4.214,10.546,-1.916,-9.622,0.041,-12.020,-0.649,-13.136,3.754,-9.494
594.151,-150.141,-147.127,4.734,11.110,-3.293,-10.337,-1.406,-12.666,-2.036,-14.235,2.218,-10.606
594.163,-153.801,-149.247,5.164,9.497,-4.311,-11.380,-2.885,-13.262,-3.404,-15.097,0.686,-11.606
594.175,-156.775,-147.442,4.829,7.383,-5.598,-12.312,-4.264,-13.774,-4.692,-15.695,-0.788,-12.456
594.187,-155.580,-140.159,3.652,3.357,-6.872,-13.163,-5.519,-14.194,-5.845,-16.007,-2.212,-13.178
594.198,-155.542,-135.138,3.559,1.059,-8.230,-13.880,-6.750,-14.767,-6.974,-16.333,-3.566,-13.814
594.210,-159.610,-127.031,4.994,2.497,-8.988,-13.742,-8.026,-15.149,-8.224,-16.502,-4.877,-14.358
594.222,-159.451,-116.205,4.867,5.935,-9.576,-13.461,-9.080,-15.171,-9.303,-16.509,-6.145,-14.775
594.234,-154.787,-96.974,3.745,7.467,-10.689,-12.852,-9.929,-14.683,-10.154,-16.137,-7.286,-14.948
594.246,-143.379,-70.884,0.511,6.419,-11.878,-12.153,-10.487,-13.596,-10.591,-15.132,-8.278,-14.779
594.257,-125.955,-43.562,-4.175,8.365,-12.839,-10.772,-10.996,-12.299,-10.761,-13.809,-9.105,-14.280
594.269,-106.207,-20.191,-3.794,12.386,-13.058,-9.526,-11.222,-10.647,-10.686,-12.377,-9.736,-13.457
594.281,-81.614,5.155,-5.218,10.102,-12.986,-8.397,-11.027,-8.699,-10.264,-10.615,-10.159,-12.318
594.293,-55.043,33.898,-5.649,8.967,-12.282,-6.257,-10.622,-6.551,-9.595,-8.437,-10.317,-10.875
594.305,-26.042,57.214,-7.200,7.942,-11.847,-4.400,-9.925,-4.431,-8.682,-6.226,-10.212,-9.201
594.316,2.808,74.260,-7.001,7.054,-9.902,-2.626,-8.944,-2.406,-7.510,-4.050,-9.844,-7.391
594.328,23.310,82.018,-2.039,8.296,-8.231,-1.197,-7.833,-0.612,-6.413,-2.151,-9.236,-5.548
594.340,40.684,80.726,0.335,10.154,-6.430,0.152,-6.428,0.993,-5.255,-0.548,-8.409,-3.736
594.352,50.820,71.050,0.599,8.307,-4.323,0.203,-5.184,2.149,-4.261,0.632,-7.449,-2.095
594.363,60.222,58.951,-1.821,2.434,-3.659,-0.185,-3.953,2.855,-3.114,1.575,-6.393,-0.674
594.375,70.853,41.257,-4.468,-1.538,-3.124,-1.293,-2.753,2.879,-1.837,2.056,-5.289,0.427
594.387,74.746,13.955,-4.022,0.828,-2.062,-1.227,-1.725,2.435,-0.729,1.980,-4.181,1.145
594.398,78.649,-12.520,-2.313,2.734,-0.692,-1.818,-0.646,1.877,0.295,1.593,-3.099,1.479
594.410,81.074,-41.609,-1.871,0.701,0.123,-4.482,0.333,0.797,1.202,0.683,-2.030,1.424
594.422,84.725,-68.120,-2.176,0.637,0.897,-6.155,1.342,-0.475,2.183,-0.447,-0.994,1.033
594.434,90.444,-92.908,-1.661,3.307,2.466,-7.117,2.500,-1.846,3.327,-1.786,0.052,0.361
594.445,94.247,-113.565,0.728,6.083,3.475,-8.516,3.629,-3.068,4.323,-3.098,1.098,-0.499
594.457,99.536,-132.247,6.214,8.892,5.154,-9.349,4.972,-4.304,5.341,-4.504,2.179,-1.503
594.469,106.979,-147.547,8.972,9.981,7.135,-10.470,6.602,-5.505,6.524,-5.904,3.365,-2.596
594.481,113.823,-157.721,8.639,15.197,8.611,-10.683,8.309,-6.384,7.862,-7.158,4.687,-3.704
594.493,119.085,-163.080,7.714,18.088,9.930,-10.916,9.910,-6.903,9.228,-8.126,6.060,-4.692
594.504,118.419,-165.582,6.302,17.013,10.884,-11.623,11.192,-7.333,10.408,-8.858,7.424,-5.542
594.516,109.565,-165.681,5.530,15.171,11.580,-12.521,12.032,-7.728,11.223,-9.389,8.675,-6.281
594.528,93.597,-162.062,5.075,11.540,11.910,-13.729,12.415,-8.084,11.615,-9.691,9.715,-6.922
594.540,71.567,-159.781,3.787,5.383,11.541,-15.610,12.376,-8.692,11.627,-10.003,10.483,-7.514
594.552,47.672,-153.769,3.543,2.319,11.199,-17.146,11.988,-9.352,11.340,-10.257,10.943,-8.107
594.564,16.173,-149.860,3.566,0.311,10.227,-18.145,11.058,-10.133,10.514,-10.691,11.051,-8.737
594.574,-7.485,-149.348,3.744,3.914,9.230,-18.336,10.071,-10.856,9.557,-11.141,10.868,-9.294
594.586,-40.520,-148.627,4.180,6.466,7.688,-18.479,8.566,-11.303,8.080,-11.562,10.295,-9.828
594.598,-72.274,-147.389,4.284,1.480,6.236,-20.039,6.812,-11.790,6.330,-11.879,9.383,-10.302
594.610,-100.600,-145.782,4.245,-2.777,4.225,-21.592,4.856,-12.474,4.378,-12.209,8.168,-10.802
594.621,-125.612,-148.112,4.199,-5.193,1.986,-23.171,2.873,-13.387,2.403,-12.681,6.735,-11.353
594.633,-142.309,-152.732,4.792,-6.424,-0.358,-24.076,1.044,-14.437,0.566,-13.323,5.156,-11.999
594.645,-155.325,-158.278,4.029,-5.054,-2.697,-24.314,-0.714,-15.526,-1.187,-14.119,3.513,-12.749
594.657,-166.284,-165.002,0.552,-1.480,-4.936,-24.386,-2.590,-16.495,-2.918,-15.021,1.817,-13.562
594.668,-172.792,-169.838,-2.654,1.714,-6.922,-24.632,-4.557,-17.239,-4.597,-15.903,0.033,-14.401
594.680,-179.455,-175.873,-5.273,3.604,-8.709,-24.777,-6.588,-17.867,-6.277,-16.758,-1.778,-15.185
594.692,-183.756,-175.611,-6.446,5.390,-10.318,-24.175,-8.666,-18.245,-8.029,-17.390,-3.672,-15.901
594.704,-185.393,-168.834,-5.031,7.195,-11.641,-23.298,-10.514,-18.233,-9.669,-17.643,-5.552,-16.437
594.715,-183.543,-155.127,-3.768,8.212,-12.804,-21.903,-12.137,-17.839,-11.240,-17.562,-7.380,-16.763
594.727,-172.978,-129.929,-5.073,2.782,-14.611,-22.270,-13.331,-16.944,-12.391,-16.792,-9.063,-16.790
594.739,-159.923,-101.318,-2.514,3.563,-15.187,-21.376,-14.286,-15.907,-13.312,-15.572,-10.522,-16.486
594.751,-139.364,-69.939,0.014,5.496,-15.311,-19.296,-14.536,-14.333,-13.763,-14.125,-11.683,-15.862
594.763,-114.969,-38.113,0.767,4.097,-14.794,-17.884,-14.323,-12.468,-13.750,-12.255,-12.469,-14.871
594.775,-86.205,-6.564,1.632,3.079,-13.932,-16.282,-13.752,-10.471,-13.327,-10.161,-12.879,-13.581
594.787,-52.505,26.203,4.688,6.150,-12.322,-13.198,-12.491,-8.164,-12.315,-7.840,-12.848,-12.005
594.798,-22.510,54.835,2.148,5.583,-11.033,-10.314,-10.990,-5.478,-11.001,-5.324,-12.393,-10.111
594.810,8.980,81.940,-1.869,-1.564,-9.864,-8.505,-9.404,-2.983,-9.350,-2.658,-11.595,-8.014
594.822,36.697,102.776,-2.193,-3.269,-8.725,-5.744,-7.844,-0.815,-7.622,-0.152,-10.540,-5.833
594.834,56.176,117.069,-0.481,-3.459,-7.500,-3.686,-6.310,1.250,-6.023,2.130,-9.305,-3.656
594.845,76.409,128.917,-0.521,-5.548,-5.758,-2.198,-4.507,3.237,-4.218,4.349,-7.912,-1.501
594.857,89.682,137.643,-4.168,-10.792,-4.216,-0.827,-2.890,4.995,-2.496,6.439,-6.406,0.603
594.869,99.285,141.566,-7.023,-15.417,-2.545,0.372,-1.491,6.296,-0.879,8.209,-4.909,2.512
594.881,106.932,146.154,-8.791,-18.159,-0.647,1.508,-0.252,7.369,0.608,9.770,-3.469,4.211
594.891,114.429,146.539,-8.817,-16.345,0.891,3.175,0.922,8.182,1.942,10.953,-2.270,5.564
594.901,115.791,144.285,-7.423,-10.666,2.216,4.765,1.935,9.131,3.042,11.918,-1.086,6.830
594.911,116.790,140.361,-6.893,-9.138,3.252,6.108,2.832,10.032,3.946,12.706,0.023,7.992
594.922,122.093,136.674,-7.950,-6.506,3.372,7.757,3.915,10.910,5.070,13.468,1.142,9.106
594.932,126.076,132.286,-8.315,-4.233,4.421,9.988,4.966,11.887,6.182,14.163,2.241,10.134
594.942,128.855,124.334,-4.725,-8.162,6.201,9.913,5.952,12.498,7.128,14.674,3.301,11.050
594.953,133.491,112.585,-1.278,-7.643,7.911,10.293,7.188,12.786,8.169,14.926,4.388,11.848
594.963,137.989,97.833,2.959,-8.653,9.431,10.450,8.571,12.832,9.270,14.848,5.528,12.459
594.974,141.689,80.893,6.201,-9.065,11.941,10.266,10.064,12.507,10.350,14.549,6.722,12.870
594.985,148.415,62.773,8.707,-4.898,13.576,10.232,11.834,12.111,11.683,13.999,7.987,13.056
594.995,147.777,41.186,10.642,-6.466,15.356,9.402,13.253,11.437,12.708,13.162,9.275,13.026
595.006,145.201,22.233,11.471,-5.259,16.795,8.942,14.739,10.645,13.750,12.262,10.577,12.793
595.016,138.338,-0.479,8.797,-1.701,17.238,8.725,15.854,9.593,14.591,11.011,11.817,12.350
595.027,126.867,-20.656,6.299,3.085,17.434,8.409,16.525,8.688,15.187,9.690,12.932,11.751
595.038,106.911,-38.836,9.080,2.440,18.407,7.364,16.717,7.720,15.308,8.361,13.868,11.035
595.048,83.883,-51.825,11.028,1.833,18.177,6.278,16.694,6.779,15.083,7.144,14.550,10.230
595.059,57.916,-63.593,12.009,3.018,17.916,5.715,16.304,5.807,14.538,5.980,14.984,9.373
595.069,30.329,-72.467,13.153,3.044,17.224,4.855,15.667,4.971,13.710,4.838,15.160,8.483
595.080,3.007,-76.718,15.743,-1.558,16.676,3.116,14.853,4.106,12.685,3.958,15.089,7.593
595.090,-20.516,-79.513,11.520,0.353,15.014,2.168,14.007,3.349,11.706,3.149,14.810,6.730
595.100,-41.414,-74.311,6.869,-3.624,12.686,0.862,12.807,2.899,10.646,2.700,14.327,5.925
595.111,-59.390,-67.934,4.427,0.923,11.028,0.427,11.469,2.429,9.591,2.347,13.651,5.203
595.121,-76.343,-56.796,3.771,8.707,9.312,1.987,9.922,2.579,8.289,2.158,12.769,4.604
595.132,-88.607,-36.698,0.115,6.891,7.841,2.688,8.416,3.321,7.088,2.615,11.744,4.270
595.142,-101.069,-16.311,0.200,4.958,6.366,3.034,6.757,4.159,5.776,3.300,10.606,4.204
595.152,-109.229,9.064,-1.424,0.701,4.551,3.099,5.180,5.170,4.480,4.302,9.384,4.360
595.162,-119.163,31.807,1.290,2.925,3.199,4.264,3.551,6.218,3.111,5.444,8.086,4.753
595.172,-123.644,59.604,4.657,2.408,2.578,5.664,2.194,7.716,1.752,6.853,6.741,5.359
595.184,-128.709,94.177,3.995,0.582,0.762,7.958,0.808,9.515,0.385,8.790,5.193,6.370
595.196,-131.691,125.530,4.034,1.918,-0.824,9.561,-0.510,11.408,-0.916,10.776,3.711,7.647
595.207,-133.681,149.050,4.472,4.518,-1.982,11.359,-1.722,13.394,-2.143,12.725,2.297,9.163
595.219,-139.753,165.831,4.743,6.948,-3.347,13.455,-3.038,15.459,-3.476,14.643,0.923,10.855
595.231,-143.839,178.324,5.125,10.677,-4.428,15.734,-4.224,17.631,-4.690,16.562,-0.425,12.690
595.243,-147.177,193.284,4.468,13.531,-5.752,18.221,-5.415,20.137,-5.871,18.674,-1.723,14.656
595.255,-151.873,199.693,2.690,12.691,-7.019,20.135,-6.663,22.398,-7.049,20.627,-2.993,16.726
595.266,-154.550,204.542,1.920,8.940,-8.177,22.115,-7.916,24.407,-8.180,22.556,-4.258,18.786
595.278,-157.341,199.477,2.283,6.057,-9.198,23.118,-9.056,25.842,-9.225,24.089,-5.485,20.725
595.290,-153.680,188.384,1.844,0.405,-9.604,23.663,-9.983,26.749,-10.070,25.324,-6.673,22.444
595.302,-146.606,163.688,-1.415,0.138,-10.890,23.409,-10.782,26.811,-10.718,25.831,-7.734,23.757
595.314,-134.456,131.138,-0.386,-0.519,-11.558,22.688,-11.410,26.142,-11.095,25.492,-8.674,24.547
595.325,-116.731,95.061,0.700,2.996,-11.690,22.099,-11.450,25.182,-11.104,24.714,-9.401,24.859
595.337,-88.001,60.928,1.753,2.728,-11.149,20.454,-10.963,23.901,-10.653,23.487,-9.829,24.693
595.349,-62.174,27.880,1.625,0.992,-10.751,18.820,-10.219,22.383,-9.884,22.009,-9.892,24.145
595.361,-31.911,-5.468,0.749,-4.043,-9.519,16.056,-9.091,20.237,-8.812,20.176,-9.652,23.200
595.373,0.493,-27.923,-3.125,-5.380,-9.028,14.290,-7.715,18.011,-7.279,18.289,-9.059,21.892
595.384,27.694,-45.713,-2.162,-7.288,-7.620,12.450,-6.337,15.905,-5.716,16.440,-8.204,20.362
595.396,54.807,-59.095,0.142,-10.271,-5.516,10.052,-4.638,13.593,-4.042,14.528,-7.115,18.633
595.408,76.231,-69.175,0.237,-10.447,-3.379,7.598,-2.837,11.282,-2.335,12.567,-5.817,16.772
595.419,97.772,-76.444,-1.503,-8.281,-2.122,6.554,-0.867,9.057,-0.377,10.540,-4.307,14.805
595.431,117.633,-78.493,-4.500,-1.868,-0.728,6.209,1.002,7.326,1.602,8.702,-2.686,12.879
595.443,133.491,-75.639,-6.583,4.849,0.812,6.335,2.734,6.176,3.539,7.150,-0.992,11.110
595.455,145.879,-73.844,-7.828,11.244,2.481,6.431,4.370,5.488,5.391,5.829,0.711,9.583
595.467,158.109,-66.114,-11.513,8.957,3.909,5.706,5.868,5.154,7.209,4.938,2.381,8.337
595.478,168.369,-58.166,-13.716,7.855,5.464,5.130,7.182,4.892,8.868,4.348,3.960,7.369
595.490,177.658,-47.165,-14.255,9.003,7.198,4.695,8.533,4.824,10.493,4.066,5.488,6.622
595.502,176.930,-40.822,-14.476,9.073,8.805,4.240,9.512,4.762,11.682,3.846,6.855,6.084
595.514,168.971,-36.849,-13.901,7.476,9.683,3.794,10.048,4.663,12.346,3.691,7.980,5.679
595.526,156.996,-32.525,-11.608,5.098,10.718,2.555,10.410,4.441,12.655,3.539,8.879,5.333
595.537,141.903,-32.912,-12.749,2.355,10.736,1.235,10.528,3.980,12.729,3.306,9.554,5.002
595.549,119.487,-39.488,-9.475,1.484,11.402,0.671,10.319,3.430,12.416,2.936,9.969,4.627
595.560,92.982,-47.436,-7.281,0.949,11.595,-0.903,9.778,2.539,11.609,2.271,10.051,4.124
595.572,68.410,-54.837,-7.271,0.975,11.180,-1.695,9.143,1.732,10.712,1.545,9.888,3.518
595.584,40.742,-63.287,-7.379,-0.805,10.340,-2.443,8.121,0.802,9.553,0.789,9.480,2.835
595.595,13.184,-72.678,-6.616,0.153,9.554,-2.997,6.833,-0.337,8.104,-0.211,8.780,2.037
595.607,-13.256,-77.718,-6.530,-0.312,8.351,-3.489,5.436,-1.260,6.510,-1.125,7.838,1.181
595.619,-34.005,-80.691,-6.677,-3.227,6.928,-4.515,3.911,-2.170,4.887,-1.863,6.688,0.324
595.631,-53.972,-87.459,-6.593,-1.805,5.916,-5.669,2.218,-3.365,3.118,-2.884,5.363,-0.620
595.642,-68.689,-89.774,-1.425,-0.181,5.179,-6.590,0.839,-4.330,1.457,-3.797,3.953,-1.571
595.654,-83.035,-91.865,1.307,-2.744,3.786,-8.042,-0.430,-5.208,-0.195,-4.637,2.535,-2.497
595.666,-93.395,-87.960,1.506,-8.216,2.298,-9.794,-1.633,-6.054,-1.756,-5.255,1.128,-3.402
595.677,-103.503,-86.956,1.777,-7.715,0.904,-10.503,-2.905,-7.054,-3.274,-5.926,-0.250,-4.308
595.688,-106.785,-84.484,0.268,-8.372,-1.052,-11.916,-3.978,-7.861,-4.480,-6.590,-1.419,-5.112
595.698,-109.019,-80.697,-0.319,-7.281,-2.686,-12.183,-4.988,-8.548,-5.530,-7.158,-2.528,-5.866
595.710,-109.513,-70.317,1.140,-3.846,-4.281,-11.357,-5.964,-8.924,-6.603,-7.530,-3.790,-6.656
595.722,-111.343,-56.042,-0.123,-0.836,-6.122,-10.503,-6.912,-8.828,-7.635,-7.646,-4.965,-7.244
595.734,-110.711,-35.024,-3.292,-1.875,-8.608,-9.786,-7.906,-8.340,-8.534,-7.333,-6.021,-7.534
595.745,-104.119,-10.489,-4.650,-1.075,-10.267,-8.498,-8.716,-7.548,-9.168,-6.664,-6.944,-7.508
595.756,-91.739,16.975,-2.132,3.065,-10.164,-6.436,-9.114,-6.229,-9.494,-5.613,-7.748,-7.156
595.767,-72.676,49.595,-2.815,5.632,-10.010,-4.440,-9.006,-4.372,-9.377,-4.160,-8.304,-6.429
595.779,-50.544,83.737,-7.423,3.753,-10.139,-2.784,-8.801,-2.080,-8.958,-2.197,-8.670,-5.265
595.791,-23.951,119.684,-7.126,1.055,-9.434,-0.536,-8.408,0.460,-8.289,0.291,-8.825,-3.697
595.802,-2.545,145.523,-5.552,-0.352,-7.702,1.966,-7.803,2.791,-7.558,2.706,-8.735,-1.890
595.814,26.517,170.263,-3.454,1.059,-5.872,4.683,-6.598,5.159,-6.420,5.096,-8.372,0.024
595.825,52.995,189.082,-5.232,1.973,-5.399,7.246,-5.241,7.471,-5.100,7.369,-7.725,2.045
595.837,75.704,205.178,-6.084,2.089,-4.144,9.730,-3.799,9.897,-3.645,9.756,-6.813,4.270
595.848,93.394,216.820,-6.006,1.333,-2.629,11.937,-2.396,12.248,-2.159,12.066,-5.730,6.545
595.860,105.019,228.682,-4.712,-0.763,-1.069,13.849,-1.119,14.520,-0.867,14.368,-4.569,8.809
595.872,116.914,235.021,-3.006,-6.227,0.815,14.759,0.334,16.416,0.461,16.507,-3.322,11.038
595.884,126.188,237.052,-6.651,-3.264,1.731,16.401,1.646,18.023,1.818,18.373,-2.008,13.142
595.896,131.256,232.010,-5.394,-3.280,2.896,17.587,2.795,19.342,3.052,19.762,-0.721,15.009
595.907,132.226,225.773,-4.099,-5.354,4.372,18.466,3.909,20.511,4.088,21.011,0.530,16.689
595.919,135.472,207.689,-4.065,-9.455,5.435,17.688,4.991,20.929,5.104,21.749,1.729,18.079
595.931,140.739,187.789,-4.089,-8.862,6.587,17.925,6.171,20.851,6.243,21.842,2.922,19.036
595.943,144.965,154.577,-4.403,-10.343,7.435,16.923,7.346,20.138,7.387,21.437,4.129,19.624
595.954,145.895,121.269,-4.883,-5.850,8.629,16.450,8.375,18.965,8.396,20.267,5.270,19.668
595.966,145.610,88.488,-3.848,-2.211,10.152,15.286,9.364,17.883,9.408,18.984,6.371,19.364
595.978,139.469,62.055,-3.320,-1.348,10.713,14.469,9.950,16.693,9.957,17.580,7.331,18.752
595.990,126.510,38.931,-4.858,-3.464,11.080,12.550,10.323,15.322,10.241,16.069,8.156,17.904
596.002,106.445,24.436,-6.738,-1.113,9.938,11.899,10.051,14.133,10.081,14.726,8.716,16.919
596.014,82.314,15.283,-7.559,-2.210,8.457,10.765,9.410,12.957,9.538,13.383,8.969,15.844
596.025,56.697,10.293,-6.833,-2.731,7.691,9.834,8.389,11.960,8.674,12.361,8.868,14.792
596.037,30.719,11.561,-5.313,-0.459,6.682,9.462,7.238,11.152,7.457,11.418,8.448,13.756
596.049,8.799,10.939,-5.062,3.662,5.655,9.229,6.042,10.525,6.234,10.607,7.795,12.828
596.061,-12.159,15.296,-3.517,9.323,4.717,9.336,4.757,10.237,4.855,9.907,6.930,12.008
596.072,-29.971,21.340,-5.304,11.051,3.382,9.362,3.441,10.335,3.477,9.527,5.917,11.422
596.084,-52.879,23.665,-2.317,11.275,2.205,9.359,1.735,10.512,1.733,9.319,4.713,11.061
596.096,-73.632,23.837,-1.335,9.152,0.596,8.441,0.103,10.527,-0.057,9.104,3.361,10.796
596.108,-95.561,19.045,-0.239,8.300,-0.834,8.300,-1.630,10.329,-1.908,8.903,1.903,10.581
596.118,-113.866,8.061,1.653,8.113,-2.055,7.871,-3.156,9.855,-3.616,8.380,0.449,10.295
596.129,-132.143,-0.571,4.227,5.424,-2.590,6.461,-4.813,9.324,-5.491,7.903,-1.089,9.939
596.140,-148.561,-10.696,6.872,2.198,-3.730,4.416,-6.399,8.438,-7.407,7.235,-2.710,9.456
596.151,-163.909,-18.920,3.324,-1.112,-6.397,2.708,-8.048,7.365,-9.216,6.532,-4.355,8.846
596.162,-175.758,-30.803,1.681,-1.524,-8.585,1.666,-9.716,6.066,-10.870,5.587,-6.007,8.089
596.174,-184.384,-42.270,1.158,3.176,-10.162,0.949,-11.317,4.794,-12.391,4.428,-7.659,7.178
596.185,-187.342,-53.857,6.081,3.409,-10.750,-0.363,-12.624,3.684,-13.771,3.288,-9.260,6.214
596.196,-184.667,-64.608,9.825,0.497,-11.148,-2.260,-13.531,2.479,-14.982,2.186,-10.725,5.178
596.207,-170.407,-73.771,7.861,0.498,-12.735,-3.315,-13.934,1.066,-15.595,0.922,-11.984,4.022
596.219,-150.834,-81.275,6.428,2.438,-13.149,-4.244,-14.114,-0.228,-15.753,-0.354,-12.949,2.806
596.230,-127.004,-85.283,9.828,2.186,-12.473,-5.116,-13.868,-1.427,-15.602,-1.517,-13.593,1.588
596.241,-93.140,-83.892,8.159,0.583,-12.039,-5.956,-12.892,-2.443,-14.758,-2.524,-13.799,0.418
596.253,-56.291,-76.011,2.079,-3.049,-11.508,-6.988,-11.687,-3.191,-13.354,-3.086,-13.562,-0.616
596.264,-23.549,-67.655,2.059,-6.594,-10.297,-7.766,-10.523,-3.944,-11.909,-3.543,-13.002,-1.552
596.276,8.699,-62.286,1.077,-2.772,-8.905,-7.913,-9.033,-4.748,-10.217,-4.180,-12.161,-2.479
596.287,43.281,-48.119,0.819,-2.978,-6.909,-8.311,-7.186,-5.113,-8.127,-4.514,-11.012,-3.277
596.299,72.667,-34.404,0.020,-2.770,-4.870,-9.252,-5.186,-5.237,-5.943,-4.606,-9.597,-3.865
596.310,93.881,-23.377,-1.476,-1.293,-3.788,-8.628,-3.315,-5.277,-3.883,-4.639,-8.013,-4.291
596.322,112.632,-14.610,-2.709,-0.352,-2.326,-7.984,-1.480,-5.273,-1.858,-4.699,-6.332,-4.599
596.333,128.330,-0.461,-4.428,-0.012,-0.586,-7.214,0.280,-4.950,0.140,-4.480,-4.572,-4.747
596.345,143.047,21.338,-9.135,0.507,0.673,-5.926,1.795,-4.247,2.022,-3.881,-2.872,-4.670
596.356,153.907,41.775,-13.399,-0.054,1.957,-4.674,3.014,-3.351,3.711,-3.053,-1.253,-4.334
596.367,161.853,63.048,-17.346,-1.503,2.902,-3.466,3.978,-2.287,5.206,-1.982,0.240,-3.787
596.378,169.564,85.526,-21.284,-2.948,3.849,-2.219,4.749,-1.079,6.544,-0.709,1.574,-3.050
596.389,171.826,106.349,-21.699,-3.732,5.098,-0.830,5.334,0.195,7.588,0.653,2.754,-2.143
596.400,168.902,125.085,-20.562,-3.882,6.061,0.662,5.715,1.549,8.286,2.097,3.745,-1.086
596.411,167.001,140.985,-20.694,-3.345,6.745,2.219,6.020,2.911,8.813,3.512,4.528,0.057
596.422,161.154,155.640,-20.437,-1.914,7.137,4.007,6.144,4.396,9.076,4.977,5.143,1.297
596.433,155.090,170.839,-19.658,0.444,7.580,6.108,6.227,6.071,9.207,6.535,5.603,2.642
596.444,147.476,182.252,-17.599,7.893,8.189,8.811,6.205,7.925,9.123,8.052,5.916,4.103
596.455,129.918,188.831,-13.103,10.077,8.532,10.544,5.930,9.773,8.613,9.395,6.011,5.591
596.466,106.594,194.029,-9.142,6.074,9.415,10.818,5.409,11.542,7.681,10.853,5.910,7.144
596.477,80.145,190.022,-7.001,4.212,8.760,12.164,4.853,12.907,6.638,12.243,5.698,8.782
596.488,53.271,177.372,-0.954,3.877,8.788,12.938,4.169,13.951,5.383,13.216,5.304,10.282
596.500,24.838,157.250,-2.110,-0.462,8.226,12.586,3.371,14.310,3.958,13.726,4.743,11.513
596.512,-3.187,134.615,-0.715,1.508,7.107,12.701,2.169,14.254,2.419,13.831,3.975,12.412
596.523,-34.570,110.900,0.631,-2.387,5.553,12.523,0.798,13.939,0.647,13.596,3.016,12.914
596.534,-64.123,83.698,2.923,-5.516,5.232,10.854,-0.715,12.952,-1.247,13.057,1.847,13.070
596.546,-85.827,54.519,2.865,-0.390,3.133,10.078,-2.155,11.677,-3.066,11.905,0.521,12.820
596.558,-107.464,32.293,-0.250,-0.442,0.428,8.946,-3.969,10.539,-5.018,10.735,-0.959,12.288
596.569,-122.358,18.746,-5.370,-1.982,-2.196,7.888,-5.818,9.543,-6.761,9.780,-2.362,11.734
596.579,-134.476,6.586,-3.773,-1.994,-3.874,6.725,-7.626,8.492,-8.452,8.791,-3.853,11.058
596.590,-144.611,-3.584,-1.151,-2.645,-5.799,5.670,-9.354,7.409,-10.211,7.738,-5.420,10.267
596.600,-150.165,-8.402,-1.644,-4.983,-7.357,4.870,-10.880,6.429,-11.809,6.851,-6.966,9.418
596.611,-154.349,-13.949,-2.371,-7.932,-8.989,3.491,-12.403,5.247,-13.304,5.857,-8.495,8.498
596.621,-154.228,-18.026,-1.763,-12.191,-10.264,1.937,-13.687,4.029,-14.551,4.915,-9.954,7.521
596.632,-151.279,-20.323,0.744,-15.810,-11.115,0.190,-14.825,2.676,-15.728,3.960,-11.338,6.467
596.642,-139.348,-25.306,2.716,-14.308,-11.147,-0.847,-15.343,1.140,-16.368,2.792,-12.543,5.333
596.653,-121.524,-29.483,1.087,-9.708,-11.572,-0.504,-15.436,-0.265,-16.552,1.475,-13.521,4.122
596.664,-98.458,-29.608,0.136,-7.999,-11.732,-0.697,-15.133,-1.312,-16.312,0.382,-14.199,2.947
596.674,-71.217,-30.643,-3.980,-5.061,-11.526,-1.244,-14.536,-2.250,-15.582,-0.649,-14.570,1.821
596.685,-40.669,-27.181,-2.464,-3.162,-10.606,-2.100,-13.610,-2.836,-14.487,-1.445,-14.632,0.772
596.695,-12.886,-25.589,1.011,-1.146,-9.070,-2.351,-12.412,-3.391,-13.336,-2.208,-14.399,-0.174
596.706,15.154,-20.541,3.934,0.948,-7.393,-2.575,-10.816,-3.648,-11.872,-2.792,-13.857,-1.012
596.716,40.619,-13.368,6.463,-0.716,-5.652,-2.858,-9.017,-3.744,-10.270,-3.164,-13.019,-1.703
596.727,61.489,-5.026,8.514,-2.485,-3.835,-3.013,-7.081,-3.822,-8.576,-3.346,-11.915,-2.260
596.737,80.015,2.743,9.967,-1.782,-2.013,-2.943,-5.048,-3.847,-6.791,-3.446,-10.604,-2.691
596.748,96.295,11.810,9.569,-1.121,-0.278,-2.769,-2.964,-3.740,-4.906,-3.443,-9.105,-3.011
596.758,107.015,28.008,6.945,-4.045,0.802,-2.884,-1.089,-3.290,-3.103,-3.023,-7.501,-3.168
596.769,113.689,46.218,4.355,-6.691,1.970,-2.361,0.538,-2.667,-1.435,-2.336,-5.854,-3.150
596.779,119.808,63.652,2.399,-8.749,3.009,-2.079,2.013,-2.093,0.202,-1.579,-4.230,-2.984
596.790,122.650,83.007,2.551,-8.662,5.063,-1.476,3.277,-1.343,1.639,-0.650,-2.663,-2.676
596.800,122.318,102.550,4.056,-6.812,7.333,0.385,4.409,-0.422,2.856,0.350,-1.171,-2.219
596.811,124.594,122.985,4.201,-5.201,8.613,1.954,5.726,0.804,4.199,1.550,0.287,-1.583
596.821,127.141,140.996,3.733,-4.398,10.425,3.280,7.000,2.202,5.529,2.876,1.714,-0.763
596.832,126.513,159.678,1.664,-4.297,11.761,4.843,8.067,3.713,6.719,4.315,3.061,0.189
596.842,121.567,176.352,0.671,-3.448,11.836,6.926,8.733,5.238,7.561,5.765,4.275,1.271
596.854,111.155,193.365,-0.924,-3.386,11.905,9.165,9.204,6.909,8.245,7.295,5.490,2.615
596.866,96.641,210.395,-3.423,-4.946,11.471,10.660,9.288,8.799,8.643,9.071,6.465,4.157
596.877,81.744,217.081,-6.654,-3.231,11.062,12.063,8.935,10.168,8.593,10.470,7.017,5.499
596.887,61.719,215.450,-9.363,-2.195,10.143,13.203,8.172,11.315,8.188,11.486,7.329,6.822
596.897,37.644,206.988,-9.338,-2.517,8.717,14.051,6.978,12.083,7.351,12.192,7.321,8.022
596.907,9.606,193.212,-7.554,-1.377,8.168,14.186,5.515,12.566,6.090,12.572,7.003,9.051
596.917,-18.216,171.698,-5.798,1.236,6.836,14.854,3.881,12.598,4.562,12.447,6.386,9.874
596.927,-44.469,151.635,-4.381,4.203,5.285,15.931,2.125,12.539,2.833,12.187,5.502,10.528
596.938,-68.215,130.474,-4.975,3.157,3.596,15.316,0.350,12.439,1.062,11.804,4.402,10.990
596.949,-92.419,105.413,-8.387,2.299,0.504,14.353,-1.804,11.854,-0.994,11.160,3.057,11.232
596.959,-111.124,80.539,-12.184,1.446,-1.304,13.274,-3.948,11.104,-2.891,10.318,1.549,11.212
596.970,-131.203,55.903,-8.430,2.111,-3.006,12.172,-6.339,10.015,-5.130,9.225,-0.155,10.936
596.980,-150.523,31.155,-2.243,1.252,-5.114,10.610,-8.507,8.760,-7.442,7.876,-1.981,10.422
596.991,-166.196,6.015,1.632,-1.173,-6.111,8.114,-10.463,7.129,-9.735,6.344,-3.861,9.673
597.001,-171.921,-17.055,3.286,1.868,-7.380,6.835,-11.876,5.443,-11.482,4.715,-5.671,8.715
597.012,-179.531,-38.445,4.108,3.874,-8.742,5.163,-13.335,3.816,-13.253,2.920,-7.444,7.573
597.022,-184.929,-53.255,3.697,1.313,-10.398,2.661,-14.715,2.267,-14.898,1.297,-9.130,6.330
597.033,-186.783,-63.585,0.832,-1.966,-12.718,0.025,-16.008,0.645,-16.335,-0.183,-10.753,5.005
597.043,-181.682,-71.231,-3.957,-0.845,-14.889,-1.299,-17.169,-0.846,-17.433,-1.541,-12.273,3.644
597.054,-174.103,-79.989,-6.196,2.151,-15.946,-2.680,-18.181,-2.426,-18.234,-3.045,-13.661,2.238
597.065,-164.178,-85.615,-4.508,6.821,-16.556,-3.994,-19.012,-3.687,-18.901,-4.470,-14.943,0.825
597.075,-149.536,-83.861,1.096,7.979,-16.432,-5.008,-19.386,-4.443,-19.346,-5.493,-16.032,-0.470
597.086,-133.030,-78.000,1.418,5.647,-16.818,-5.845,-19.402,-5.008,-19.498,-6.180,-16.867,-1.608
597.096,-115.235,-75.296,4.591,5.988,-16.482,-6.681,-19.035,-5.643,-19.328,-6.842,-17.437,-2.624
597.107,-93.176,-73.591,7.741,6.699,-15.226,-7.302,-18.213,-6.254,-18.795,-7.575,-17.718,-3.563
597.118,-68.262,-72.015,7.211,8.186,-14.202,-7.531,-16.972,-6.835,-17.845,-8.249,-17.681,-4.427
597.128,-42.901,-72.236,4.719,8.335,-13.195,-8.403,-15.536,-7.400,-16.548,-8.868,-17.312,-5.190
597.139,-17.127,-73.342,2.447,10.390,-12.021,-9.074,-13.979,-7.893,-14.980,-9.498,-16.667,-5.894
597.149,5.345,-72.046,1.356,7.763,-10.801,-9.903,-12.491,-8.184,-13.445,-9.901,-15.813,-6.516
597.160,26.336,-73.079,-0.518,2.416,-9.645,-11.342,-10.943,-8.719,-11.795,-10.250,-14.777,-7.097
597.170,45.445,-75.473,-1.230,-3.155,-8.117,-12.895,-9.397,-9.564,-10.064,-10.714,-13.592,-7.715
597.181,60.394,-82.503,2.601,-2.968,-6.030,-14.062,-7.831,-10.733,-8.397,-11.472,-12.294,-8.428
597.192,70.366,-92.546,7.551,-1.573,-3.654,-14.949,-6.161,-11.970,-6.903,-12.473,-10.918,-9.228
597.202,81.415,-102.787,8.270,-2.041,-1.706,-16.573,-4.285,-13.224,-5.294,-13.557,-9.450,-10.116
597.213,90.650,-110.437,4.643,-1.947,-1.646,-18.131,-2.536,-14.489,-3.631,-14.636,-7.898,-11.087
597.223,97.273,-118.634,4.943,-3.978,-0.343,-20.050,-0.911,-15.809,-2.013,-15.729,-6.323,-12.107
597.234,101.071,-127.525,5.820,-3.442,1.108,-21.092,0.590,-17.174,-0.491,-16.926,-4.747,-13.203
597.244,104.185,-136.917,7.243,-3.207,3.154,-22.363,2.105,-18.561,0.949,-18.199,-3.200,-14.345
597.255,105.808,-144.685,7.229,-2.848,5.359,-24.196,3.535,-19.917,2.300,-19.459,-1.683,-15.530
597.266,107.213,-154.291,7.227,-1.284,6.713,-23.904,4.920,-21.299,3.650,-20.810,-0.191,-16.759
597.276,107.713,-160.647,9.178,0.151,8.465,-24.573,6.343,-22.554,4.978,-22.105,1.272,-18.018
597.287,104.461,-162.973,10.050,-0.398,9.245,-25.469,7.531,-23.536,6.069,-23.200,2.683,-19.249
597.297,97.785,-168.128,10.822,-5.645,10.072,-27.110,8.584,-24.669,7.000,-24.262,4.005,-20.422
597.308,86.287,-169.263,11.482,-13.598,10.479,-29.227,9.307,-26.033,7.608,-25.218,5.195,-21.621
597.318,73.135,-171.458,11.064,-8.211,10.713,-29.351,9.799,-27.335,8.029,-26.224,6.225,-22.832
597.329,53.925,-171.593,12.012,-3.728,10.630,-29.833,9.959,-28.430,8.122,-27.278,7.080,-24.045
597.340,28.727,-163.630,13.531,-4.344,10.528,-30.461,9.683,-28.949,7.732,-27.942,7.688,-25.135
597.350,2.481,-149.729,11.237,-8.588,9.292,-31.289,9.109,-29.324,7.089,-28.182,8.031,-26.069
597.361,-25.559,-131.986,7.409,-8.399,6.871,-31.294,8.104,-29.383,6.250,-28.128,8.089,-26.775
597.372,-54.005,-109.112,5.719,-5.700,4.880,-30.596,6.689,-29.073,5.085,-27.728,7.823,-27.265
597.382,-83.014,-87.099,4.933,1.081,3.061,-28.972,5.045,-28.349,3.657,-27.196,7.249,-27.479
597.393,-111.587,-60.085,3.914,2.450,1.106,-26.974,3.154,-26.885,1.977,-26.143,6.382,-27.355
597.403,-137.884,-31.906,4.517,3.961,-1.543,-25.075,1.059,-25.168,0.099,-24.700,5.226,-26.891
597.414,-163.783,-3.405,5.215,4.979,-3.272,-22.390,-1.127,-23.133,-1.954,-22.987,3.855,-26.075
597.424,-185.364,25.766,6.272,1.576,-4.801,-20.588,-3.226,-20.847,-4.002,-20.940,2.300,-24.941
597.435,-206.022,50.986,7.694,-2.553,-6.917,-18.829,-5.376,-18.732,-6.136,-18.775,0.612,-23.558
597.445,-220.443,72.600,6.555,-4.966,-9.382,-17.501,-7.385,-16.735,-8.189,-16.608,-1.177,-22.014
597.456,-227.364,89.955,1.389,-5.699,-11.851,-15.536,-9.272,-14.848,-9.907,-14.525,-2.991,-20.374
597.466,-230.247,104.220,-2.051,-2.769,-14.091,-12.999,-11.185,-12.911,-11.471,-12.510,-4.829,-18.653
597.477,-232.638,115.285,-3.430,-0.519,-16.479,-10.271,-13.133,-11.004,-13.061,-10.649,-6.649,-16.896
597.487,-232.756,122.385,-4.058,0.576,-18.297,-8.138,-14.947,-9.090,-14.551,-8.853,-8.446,-15.102
597.497,-232.489,125.203,-3.293,3.402,-19.463,-6.358,-16.491,-7.409,-15.843,-7.294,-10.084,-13.376
597.508,-227.010,126.368,-3.332,8.086,-20.694,-4.029,-17.831,-5.558,-17.031,-5.798,-11.734,-11.617
597.519,-217.603,125.840,-4.048,7.644,-21.503,-2.747,-18.910,-3.741,-17.937,-4.304,-13.311,-9.821
597.529,-203.590,126.194,-2.764,8.017,-21.967,-1.022,-19.644,-2.013,-18.578,-2.799,-14.666,-8.077
597.540,-184.340,128.725,-2.958,8.148,-21.933,0.551,-19.924,-0.236,-18.852,-1.239,-15.812,-6.345
597.550,-165.939,129.382,-0.871,5.671,-21.877,2.240,-20.045,1.390,-18.942,0.279,-16.704,-4.638
597.561,-146.332,128.685,1.785,2.479,-20.928,2.433,-19.794,2.772,-18.867,1.714,-17.356,-2.988
597.571,-119.837,127.148,2.402,1.051,-19.767,3.231,-18.942,3.906,-18.139,3.033,-17.701,-1.425
597.582,-94.980,124.002,5.454,1.879,-17.952,4.201,-17.899,4.915,-17.269,4.107,-17.717,0.003
597.592,-67.432,119.188,4.519,1.240,-16.279,4.651,-16.430,5.748,-16.061,5.031,-17.428,1.312
597.603,-45.785,109.121,1.715,2.700,-14.996,5.393,-15.044,6.327,-14.687,5.679,-16.854,2.485
597.614,-26.906,100.285,0.507,2.129,-14.524,5.558,-13.808,6.848,-13.442,6.205,-16.128,3.497
597.624,-6.810,94.135,-1.090,-1.803,-13.615,5.203,-12.337,7.209,-11.901,6.746,-15.220,4.378
597.635,9.304,81.063,-0.841,-1.712,-11.249,5.314,-10.943,7.228,-10.397,6.998,-14.183,5.097
597.645,22.202,64.363,3.916,-2.566,-9.694,5.172,-9.489,6.965,-9.004,6.871,-13.053,5.573
597.655,32.058,46.412,5.283,-3.635,-7.586,3.951,-7.968,6.398,-7.666,6.501,-11.831,5.830
597.666,39.859,24.393,9.278,-1.601,-5.083,3.583,-6.356,5.514,-6.293,5.738,-10.522,5.836
597.676,46.928,1.306,12.100,0.530,-2.671,3.055,-4.590,4.513,-4.905,4.709,-9.138,5.603
597.687,53.901,-21.950,9.486,0.709,-1.724,2.198,-2.723,3.305,-3.339,3.423,-7.660,5.138
597.697,59.591,-40.416,5.984,-0.538,-1.401,0.415,-1.188,2.113,-1.816,2.229,-6.174,4.498
597.708,65.238,-60.602,5.642,-0.020,-0.117,-0.957,0.260,0.672,-0.317,0.824,-4.696,3.684
597.718,69.461,-78.889,5.061,3.070,1.102,-1.869,1.639,-0.733,1.075,-0.648,-3.239,2.719
597.729,71.178,-97.646,1.861,8.203,1.817,-2.410,2.850,-2.109,2.393,-2.279,-1.810,1.633
597.739,70.321,-114.018,-0.194,10.184,1.615,-2.500,3.760,-3.334,3.501,-3.846,-0.477,0.479
597.750,72.568,-127.041,-0.843,8.994,1.523,-4.248,4.650,-4.519,4.609,-5.311,0.777,-0.723
597.761,77.241,-136.378,-1.155,8.818,2.474,-5.539,5.671,-5.647,5.834,-6.589,1.975,-1.911
597.771,81.795,-146.639,-0.116,11.730,3.685,-6.575,6.650,-6.798,6.965,-7.933,3.130,-3.106
597.782,83.298,-156.451,1.182,12.779,5.138,-7.664,7.586,-7.878,7.952,-9.319,4.248,-4.302
597.792,83.526,-157.786,2.109,7.283,6.466,-9.752,8.442,-8.662,8.793,-10.229,5.281,-5.389
597.802,80.070,-158.993,4.056,0.414,7.434,-11.830,9.212,-9.720,9.494,-11.007,6.272,-6.454
597.813,75.806,-160.147,5.656,-0.087,8.060,-12.916,9.987,-11.031,10.139,-11.912,7.229,-7.594
597.823,65.509,-161.133,6.347,3.068,8.522,-13.647,10.490,-12.111,10.477,-12.810,8.074,-8.695
597.834,49.248,-163.296,6.504,3.530,8.926,-15.012,10.602,-13.091,10.457,-13.756,8.762,-9.771
597.844,31.623,-164.117,9.134,0.985,9.692,-17.019,10.507,-14.097,10.202,-14.621,9.262,-10.826
597.855,13.344,-162.380,7.643,2.453,8.869,-17.598,10.303,-14.942,9.858,-15.350,9.592,-11.833
597.865,-8.095,-162.787,4.894,2.093,8.198,-18.148,9.781,-15.724,9.256,-16.074,9.720,-12.755
597.876,-29.000,-162.544,-1.394,2.161,5.634,-18.943,8.748,-16.508,8.452,-16.774,9.604,-13.667
597.886,-51.069,-164.963,-2.609,4.099,4.405,-19.388,7.448,-17.269,7.458,-17.534,9.234,-14.539
597.897,-75.691,-165.702,-3.352,2.465,3.094,-20.065,5.809,-17.914,6.090,-18.198,8.582,-15.362
597.907,-102.038,-167.147,-3.614,0.006,1.137,-21.412,3.832,-18.697,4.348,-18.833,7.635,-16.162
597.917,-126.000,-175.231,-2.761,2.893,-0.674,-22.272,1.834,-19.637,2.532,-19.645,6.462,-16.934
597.928,-146.860,-181.234,-0.486,5.466,-2.189,-22.906,-0.137,-20.473,0.599,-20.612,5.077,-17.783
597.940,-171.629,-188.464,0.370,6.840,-4.167,-23.593,-2.408,-21.092,-1.705,-21.362,3.268,-18.536
597.951,-188.574,-193.352,1.083,7.510,-6.267,-24.195,-4.506,-21.575,-3.856,-22.010,1.353,-19.243
597.963,-204.242,-199.071,2.067,7.612,-8.336,-24.888,-6.560,-22.094,-5.985,-22.662,-0.610,-19.919
597.975,-213.126,-202.018,3.930,7.999,-9.729,-25.233,-8.321,-22.493,-7.895,-23.144,-2.562,-20.551
597.987,-215.292,-202.285,5.202,12.798,-10.959,-24.193,-9.712,-22.644,-9.506,-23.539,-4.445,-21.135
597.999,-215.310,-194.229,3.712,11.077,-13.089,-24.716,-10.898,-22.411,-10.856,-23.570,-6.139,-21.527
598.010,-209.034,-177.589,2.740,8.173,-14.256,-24.734,-11.929,-21.878,-11.898,-23.049,-7.692,-21.697
598.022,-197.873,-159.402,5.104,9.579,-14.590,-24.430,-12.665,-21.273,-12.672,-22.337,-9.026,-21.636
598.034,-181.159,-132.583,1.987,5.757,-14.511,-23.755,-13.026,-20.076,-13.082,-21.117,-10.116,-21.301
598.046,-156.241,-100.792,1.005,6.270,-14.769,-22.758,-13.093,-18.754,-13.043,-19.540,-10.941,-20.683
598.058,-124.794,-67.032,0.608,4.953,-14.053,-20.857,-12.487,-16.905,-12.386,-17.672,-11.354,-19.721
598.069,-88.812,-36.532,1.464,5.012,-13.006,-18.850,-11.541,-15.017,-11.309,-15.538,-11.394,-18.450
598.081,-51.116,-8.167,3.481,3.608,-11.682,-17.482,-9.978,-12.968,-9.838,-13.398,-11.009,-16.955
598.093,-16.060,15.236,2.646,1.633,-10.043,-15.607,-8.134,-10.925,-8.068,-11.103,-10.199,-15.248
598.105,19.507,34.519,0.334,9.750,-8.333,-12.815,-6.227,-8.734,-6.086,-8.938,-9.055,-13.419
598.117,53.178,49.234,-1.153,11.344,-6.162,-10.440,-4.060,-6.291,-3.803,-6.759,-7.600,-11.433
598.128,82.529,63.103,-3.078,10.670,-3.891,-8.500,-1.787,-3.820,-1.341,-4.505,-5.886,-9.341
598.140,108.038,73.614,-3.775,8.852,-1.422,-7.093,0.458,-1.594,1.101,-2.356,-4.020,-7.198
598.152,126.070,83.090,-3.747,6.759,0.691,-6.551,2.637,0.571,3.410,-0.136,-2.055,-5.027
598.163,139.189,87.389,-4.231,4.988,2.459,-5.706,4.700,2.423,5.568,1.868,-0.068,-2.918
598.175,148.488,90.158,-4.574,4.184,3.777,-4.149,6.535,4.092,7.497,3.723,1.874,-0.923
598.185,153.025,90.269,-4.039,3.448,5.489,-2.711,8.083,5.401,9.107,5.171,3.552,0.671
598.196,158.783,88.534,-3.709,1.758,7.338,-0.964,9.786,6.613,10.818,6.536,5.275,2.221
598.206,161.145,88.979,-4.332,-0.190,8.838,0.175,11.261,7.693,12.306,7.836,6.922,3.645
598.216,162.716,90.842,-5.317,0.530,9.994,1.572,12.531,8.671,13.619,9.034,8.435,4.945
598.226,162.521,87.918,-4.432,6.106,11.484,3.325,13.734,9.628,14.862,9.982,9.881,6.171
598.237,157.738,82.686,-2.762,9.186,13.019,4.771,14.831,10.667,15.921,10.800,11.332,7.395
598.247,147.445,77.237,-1.271,11.825,14.614,6.638,15.649,11.656,16.634,11.547,12.616,8.530
598.258,133.335,71.029,3.660,9.245,16.836,6.868,16.266,12.474,17.026,12.243,13.735,9.599
598.269,117.826,65.395,7.499,9.431,17.853,7.703,16.824,13.214,17.236,12.869,14.683,10.576
598.279,95.888,60.976,7.522,5.864,17.906,7.874,17.066,13.880,17.097,13.508,15.456,11.474
598.290,76.950,57.853,5.875,4.273,17.406,7.660,17.151,14.431,16.909,14.193,16.017,12.287
598.301,55.871,52.165,1.413,4.953,16.785,7.898,16.843,14.781,16.552,14.654,16.391,13.008
598.311,33.067,48.636,-3.641,6.746,15.191,8.710,16.033,15.209,15.891,15.087,16.479,13.621
598.322,8.668,43.277,-5.912,5.049,12.684,8.764,14.717,15.367,14.838,15.311,16.251,14.136
598.332,-17.864,36.598,-5.887,6.137,11.262,9.016,13.156,15.472,13.526,15.422,15.728,14.558
598.343,-38.646,36.860,-6.698,4.993,10.227,9.462,11.587,15.808,12.120,15.752,14.930,14.930
598.354,-58.969,37.424,-8.972,2.265,8.319,9.561,9.755,16.057,10.509,16.119,13.898,15.289
598.364,-73.100,39.063,-13.618,1.934,6.013,9.947,7.923,16.272,9.015,16.484,12.681,15.599
598.375,-83.885,40.222,-13.947,5.555,4.355,10.999,6.043,16.571,7.472,16.813,11.302,15.897
598.385,-93.120,38.196,-13.017,8.387,2.966,11.491,4.172,16.775,5.876,16.922,9.807,16.164
598.396,-100.038,37.220,-10.529,8.951,2.143,11.873,2.403,17.098,4.229,17.067,8.239,16.427
598.407,-104.929,30.348,-9.285,8.248,1.761,11.311,0.796,17.150,2.611,17.016,6.654,16.655
598.417,-107.316,23.514,-6.702,6.211,1.595,10.006,-0.687,17.023,1.059,16.889,5.072,16.806
598.428,-106.700,12.523,-2.539,7.253,1.903,9.965,-1.803,16.610,-0.288,16.507,3.583,16.838
598.438,-102.958,-0.539,-0.858,8.717,1.376,9.987,-2.540,16.129,-1.366,15.941,2.227,16.749
598.449,-99.307,-15.568,-0.013,9.080,1.584,10.091,-3.196,15.490,-2.309,15.212,1.023,16.525
598.459,-94.724,-34.286,0.686,12.433,1.385,10.199,-3.730,14.642,-3.124,14.227,-0.060,16.156
598.470,-89.671,-52.431,6.147,11.466,1.728,9.126,-3.975,13.701,-3.783,13.129,-0.986,15.641
598.481,-82.929,-68.518,7.030,9.519,2.174,7.161,-4.012,12.642,-4.277,11.979,-1.747,14.990
598.491,-71.060,-85.151,4.783,8.173,1.252,4.915,-3.769,11.369,-4.346,10.772,-2.303,14.212
598.502,-55.583,-99.519,2.141,9.673,1.073,3.999,-3.323,10.066,-4.011,9.475,-2.645,13.303
598.512,-39.574,-113.695,-1.317,12.914,0.850,2.864,-2.853,8.820,-3.514,8.115,-2.801,12.304
598.523,-21.078,-122.823,0.126,6.636,1.736,0.384,-2.159,7.565,-2.797,6.912,-2.769,11.245
598.533,-1.337,-131.630,0.518,2.455,2.502,-2.899,-1.261,6.102,-1.921,5.724,-2.548,10.123
598.544,23.546,-141.427,-2.209,3.212,1.977,-3.929,-0.113,4.453,-0.701,4.354,-2.114,8.898
598.554,50.649,-147.254,-4.925,5.972,2.808,-4.487,1.247,3.090,0.856,3.090,-1.452,7.644
598.564,75.586,-153.852,-5.031,6.991,4.338,-5.633,2.648,1.870,2.489,1.854,-0.612,6.413
598.574,96.928,-156.944,-0.798,3.941,6.560,-7.067,4.126,0.724,3.991,0.778,0.369,5.206
598.584,119.453,-158.686,-0.713,0.752,8.221,-8.958,5.830,-0.509,5.605,-0.242,1.515,3.998
598.595,144.205,-158.769,-3.056,-0.758,9.778,-10.258,7.826,-1.755,7.615,-1.224,2.879,2.771
598.605,166.063,-160.313,-4.335,1.375,11.806,-11.539,9.773,-2.886,9.684,-2.183,4.377,1.590
598.617,191.375,-159.996,-5.487,3.095,14.059,-12.186,11.988,-4.094,12.054,-3.363,6.319,0.160
598.627,206.965,-161.510,-6.542,3.610,16.340,-13.282,13.920,-5.041,14.112,-4.323,8.030,-0.953
598.637,218.059,-164.968,-7.039,3.080,17.370,-14.608,15.533,-6.055,15.870,-5.344,9.721,-2.039
598.647,227.124,-165.949,-3.472,3.978,20.347,-14.958,17.120,-7.041,17.497,-6.341,11.405,-3.117
598.657,233.556,-163.885,-0.382,2.938,22.384,-15.678,18.896,-7.759,19.119,-7.120,13.149,-4.142
598.669,235.708,-162.086,0.572,-2.974,23.994,-17.176,20.592,-8.663,20.657,-7.829,14.997,-5.193
598.681,236.835,-157.770,1.929,-5.779,25.817,-18.622,22.197,-9.698,22.040,-8.509,16.766,-6.229
598.693,241.407,-149.210,0.444,-6.908,27.210,-19.295,23.958,-10.686,23.616,-9.164,18.596,-7.274
598.704,242.970,-138.519,-1.402,-4.291,28.112,-18.841,25.389,-11.232,25.030,-9.496,20.228,-8.101
598.714,240.207,-123.621,-1.947,-1.933,29.267,-17.531,26.634,-11.308,26.297,-9.616,21.852,-8.815
598.725,236.027,-101.364,-2.622,-2.176,30.563,-16.683,27.730,-10.846,27.424,-9.183,23.292,-9.264
598.735,224.032,-75.944,-1.867,-5.874,31.303,-16.729,28.314,-10.099,28.047,-8.420,24.559,-9.458
598.746,205.465,-53.228,-3.538,-6.363,31.048,-15.876,28.432,-9.498,28.221,-7.621,25.602,-9.437
598.756,187.401,-30.919,-2.153,-0.424,31.159,-13.590,28.395,-8.512,28.195,-6.727,26.381,-9.206
598.767,164.345,-4.702,-4.900,0.332,30.131,-12.243,27.933,-7.002,27.850,-5.444,26.902,-8.708
598.777,139.627,23.904,-4.760,-1.146,29.296,-10.906,27.066,-5.225,27.051,-3.734,27.106,-7.921
598.788,111.740,49.112,-3.389,-1.846,28.104,-9.311,25.913,-3.344,25.965,-1.979,27.003,-6.884
598.798,85.309,72.736,-4.866,-4.398,26.514,-7.565,24.569,-1.510,24.631,-0.104,26.593,-5.654
598.809,60.178,94.911,-5.187,-3.430,24.305,-4.851,23.024,0.422,23.186,1.864,25.919,-4.253
598.820,34.809,110.202,-6.521,-3.047,22.870,-2.106,21.210,2.302,21.479,3.703,24.973,-2.733
598.830,11.028,124.455,-7.803,-2.048,20.467,0.552,19.226,4.145,19.638,5.521,23.785,-1.135
598.841,-12.723,135.464,-9.199,0.826,17.970,3.632,16.954,6.036,17.559,7.277,22.345,0.522
598.851,-33.532,145.462,-4.977,0.049,15.712,5.330,14.796,7.942,15.405,9.008,20.719,2.213
598.863,-56.837,156.463,-4.274,-0.506,14.213,7.139,12.195,9.932,12.703,10.867,18.469,4.145
598.875,-72.215,164.767,-5.663,-4.576,11.427,7.911,9.808,11.564,10.299,12.534,16.161,6.007
598.887,-83.172,169.292,-5.203,-4.888,9.251,9.306,7.508,12.987,8.005,14.035,13.828,7.796
598.899,-86.896,170.965,-4.333,-3.360,7.278,10.533,5.504,14.416,5.950,15.468,11.542,9.525
598.911,-88.316,164.370,-5.108,-3.342,5.502,11.993,3.647,15.481,4.022,16.521,9.366,11.080
598.922,-85.763,151.190,-8.970,-5.453,3.164,12.053,1.937,16.058,2.369,17.197,7.327,12.402
598.934,-82.466,130.751,-10.808,1.400,1.151,13.162,0.137,16.246,0.800,17.334,5.371,13.427
598.946,-82.505,110.494,-5.919,5.581,0.360,13.890,-1.487,16.678,-0.748,17.262,3.531,14.190
598.957,-84.446,88.661,-0.544,-0.330,-0.422,13.540,-2.883,16.682,-2.363,17.022,1.785,14.762
598.969,-85.473,63.998,1.028,-1.970,-0.815,11.963,-3.975,16.128,-3.831,16.505,0.156,15.072
598.979,-86.380,44.744,-1.183,-4.501,-1.974,11.560,-4.847,15.503,-4.880,15.943,-1.080,15.172
598.990,-89.679,23.800,-1.824,-5.018,-2.831,10.136,-5.905,14.487,-6.010,15.091,-2.293,15.042
599.000,-96.801,6.721,0.360,-7.851,-3.845,8.847,-7.089,13.404,-7.325,14.175,-3.502,14.683
599.010,-100.027,-9.982,-0.168,-6.047,-4.784,7.509,-8.126,12.098,-8.516,13.101,-4.703,14.124
599.021,-103.524,-29.604,-2.653,-1.899,-6.042,7.150,-9.195,10.766,-9.589,11.754,-5.835,13.379
599.031,-109.815,-46.268,-2.096,2.833,-7.139,6.742,-10.337,9.563,-10.709,10.276,-6.945,12.491
599.041,-114.658,-61.277,-1.730,2.444,-7.907,5.255,-11.434,8.428,-11.824,8.891,-8.056,11.535
599.051,-113.617,-71.086,-2.926,0.885,-8.213,3.564,-12.268,7.383,-12.667,7.698,-9.125,10.534
599.063,-108.790,-84.137,-5.727,-4.505,-9.648,1.230,-13.175,5.822,-13.435,6.174,-10.261,9.195
599.074,-102.078,-88.150,-8.363,-8.513,-10.917,-0.625,-14.058,4.249,-14.092,4.857,-11.293,7.799
599.084,-95.834,-89.606,-6.664,-9.533,-11.329,-1.841,-14.758,2.924,-14.580,3.798,-12.145,6.636
599.094,-80.643,-90.073,-3.728,-7.529,-10.937,-2.452,-14.949,1.694,-14.827,2.712,-12.879,5.462
599.106,-52.833,-93.842,-6.210,-7.233,-10.272,-3.432,-14.537,0.271,-14.353,1.372,-13.359,4.038
599.118,-17.211,-96.393,-5.310,-6.628,-9.432,-3.936,-13.609,-1.040,-13.352,0.099,-13.463,2.635
599.130,20.202,-95.980,-4.651,-11.534,-8.156,-5.682,-12.264,-2.392,-12.044,-1.142,-13.167,1.244
599.140,50.513,-92.925,-5.319,-14.264,-6.191,-6.503,-10.723,-3.779,-10.582,-2.125,-12.507,0.025
599.151,85.939,-83.966,-9.204,-16.067,-4.606,-7.756,-9.029,-5.240,-8.851,-3.194,-11.440,-1.338
599.162,110.731,-79.360,-22.036,-16.380,-4.821,-8.054,-7.937,-6.540,-7.125,-4.090,-10.182,-2.593
599.173,130.970,-73.063,-30.000,-8.119,-4.342,-7.289,-7.558,-7.839,-5.630,-4.983,-8.937,-3.817
599.184,147.943,-69.869,-27.412,0.623,-2.146,-6.556,-7.124,-8.586,-4.297,-5.990,-7.750,-4.972
599.195,161.722,-65.776,-29.522,11.218,-1.012,-6.324,-7.108,-8.606,-3.095,-6.847,-6.633,-5.975
599.206,171.406,-60.616,-28.541,20.574,0.644,-5.504,-6.957,-7.687,-2.132,-7.374,-5.650,-6.703
599.217,181.724,-57.250,-21.347,28.511,2.732,-4.461,-6.355,-6.080,-1.218,-7.653,-4.751,-7.127
599.228,190.776,-52.185,-19.320,34.189,4.505,-3.626,-4.942,-3.879,-0.313,-7.602,-3.828,-7.218
599.239,198.162,-49.399,-19.920,33.229,6.024,-2.955,-3.735,-1.607,0.575,-7.211,-2.882,-6.932
599.250,205.185,-44.213,-20.431,33.314,7.036,-3.505,-2.604,0.619,1.444,-6.433,-1.953,-6.324
599.261,210.077,-40.100,-16.384,30.871,9.159,-3.336,-1.222,2.681,2.311,-5.481,-0.977,-5.471
599.272,212.848,-37.225,-14.677,28.093,10.788,-3.136,-0.158,4.423,3.098,-4.401,-0.041,-4.456
599.283,214.339,-34.247,-11.088,24.918,12.748,-2.769,0.881,5.632,3.819,-3.256,0.855,-3.371
599.294,215.838,-31.947,-2.541,23.850,14.393,-2.560,2.169,6.789,4.547,-2.079,1.742,-2.250
599.305,216.645,-28.453,6.588,22.290,17.034,-1.867,4.053,7.755,5.303,-0.876,2.676,-1.116
599.316,215.543,-26.158,11.932,21.815,20.163,-0.852,6.365,8.679,6.232,0.314,3.788,0.030
599.327,216.234,-23.150,15.963,20.777,22.471,0.468,8.924,9.562,7.368,1.529,5.063,1.188
599.337,211.239,-17.385,2.512,1.581,23.168,0.096,10.924,9.822,8.583,2.721,6.516,2.277
599.348,135.613,58.146,1.034,-41.939,22.109,-0.397,10.575,9.529,8.302,4.372,7.698,2.579
599.359,-290.354,396.831,-7.076,-34.739,10.512,7.235,-0.507,17.334,-2.614,12.675,5.746,3.879
599.370,-213.643,842.546,-16.716,-32.464,6.391,22.593,-2.903,31.391,-4.698,27.181,1.914,8.920
599.382,-150.344,1122.110,-21.111,-24.375,4.167,39.941,-4.802,45.512,-6.028,41.415,-1.235,17.647
599.393,121.467,980.607,-30.847,7.945,7.321,48.141,-1.043,51.911,-1.608,46.732,-2.781,26.820
599.404,155.831,799.024,-34.678,16.748,7.444,53.863,-0.730,55.329,-0.813,49.122,-2.963,34.432
599.415,140.310,688.456,-34.869,18.251,7.427,58.126,-1.917,58.736,-1.728,51.868,-3.396,40.528
599.426,121.849,607.833,-33.560,18.936,8.511,61.332,-3.222,61.665,-2.902,54.387,-4.087,45.528
599.437,101.537,542.062,-31.608,20.069,9.809,64.410,-4.650,63.986,-4.338,56.423,-5.007,49.606
599.449,79.619,483.653,-28.881,21.010,12.587,65.908,-6.114,65.740,-5.965,57.972,-6.104,52.930
599.460,62.078,430.756,-25.778,22.385,14.603,67.273,-7.457,66.899,-7.599,58.962,-7.344,55.454
599.471,47.724,387.729,-22.362,25.710,15.848,69.677,-8.636,67.793,-9.208,59.647,-8.651,57.386
599.482,36.791,353.857,-18.657,31.573,16.079,72.581,-9.633,68.699,-10.749,60.155,-9.972,58.853
599.493,28.997,327.504,-13.932,40.269,15.847,75.648,-10.357,69.803,-12.172,60.562,-11.257,59.985
599.504,23.624,303.938,-7.463,51.508,15.589,78.529,-10.731,71.245,-13.444,60.913,-12.457,60.975
599.516,19.633,282.209,2.296,63.287,15.700,80.663,-10.596,73.043,-14.525,61.239,-13.498,61.862
599.527,16.681,261.141,5.200,69.994,15.270,82.931,-10.181,74.981,-15.348,61.659,-14.307,62.804
599.538,15.694,242.807,8.111,74.310,15.067,84.761,-9.561,76.987,-15.838,62.356,-14.832,63.922
599.549,19.550,227.957,13.156,73.900,15.504,85.898,-8.606,78.845,-15.882,63.424,-14.997,65.308
599.560,30.061,214.871,22.052,66.925,16.932,86.154,-7.009,80.274,-15.257,64.873,-14.672,67.024
599.571,42.017,203.851,28.423,61.004,18.621,86.261,-5.200,81.281,-14.215,66.480,-13.990,68.909
599.583,50.979,188.945,31.117,58.374,20.244,86.185,-3.173,81.821,-12.823,67.918,-12.875,70.754
599.595,53.055,173.777,30.455,59.166,21.013,86.576,-1.314,82.114,-11.347,69.103,-11.472,72.332
599.607,52.757,165.923,29.743,60.130,21.679,86.967,0.378,82.473,-9.814,70.252,-9.924,73.657
599.619,51.381,163.487,28.862,61.091,22.214,87.511,1.943,82.965,-8.237,71.435,-8.305,74.820
599.631,44.744,160.436,28.706,61.271,22.651,87.857,3.248,83.402,-6.819,72.499,-6.690,75.878
599.643,37.485,157.191,28.787,61.239,23.004,88.034,4.409,83.721,-5.482,73.404,-5.140,76.791
599.655,32.593,156.111,28.265,61.778,23.183,88.331,5.502,84.055,-4.153,74.268,-3.662,77.599
599.666,31.159,154.041,27.460,62.538,23.328,88.553,6.599,84.276,-2.753,74.963,-2.226,78.252
599.678,31.696,151.776,26.149,63.800,23.419,88.564,7.901,84.235,-0.979,75.443,-0.481,78.649
599.690,33.300,149.611,24.296,65.612,23.357,88.835,9.081,84.345,0.728,75.967,1.167,79.081
599.700,31.621,146.723,21.577,68.321,22.819,89.350,9.764,84.531,1.920,76.365,2.392,79.459
599.712,26.866,143.266,21.378,67.773,22.569,88.844,10.396,84.669,3.205,76.753,3.744,79.784
599.723,25.162,141.862,21.465,65.717,22.510,88.092,10.896,84.886,4.096,77.318,4.691,80.322
599.735,25.254,142.334,19.738,65.227,22.152,87.904,11.419,85.102,5.017,77.940,5.588,80.817
599.747,26.250,142.152,16.254,66.878,21.283,88.144,11.795,85.316,5.907,78.500,6.418,81.280
599.759,25.559,144.189,14.500,66.918,20.640,88.235,12.006,85.654,6.668,79.151,7.158,81.760
599.771,19.869,141.405,12.667,67.273,19.761,88.267,11.938,85.777,7.154,79.605,7.760,82.198
599.782,7.143,135.999,12.113,65.701,18.791,87.823,11.505,85.711,7.230,79.899,8.150,82.560
599.792,-1.208,124.360,17.983,58.805,18.876,85.884,11.375,84.905,7.331,79.777,8.400,82.609
599.804,0.116,102.873,23.701,51.550,19.495,82.985,11.781,83.217,7.725,79.023,8.739,82.184
599.815,12.589,76.008,26.418,47.205,20.359,80.223,12.720,81.144,8.537,77.776,9.135,81.569
599.826,29.348,40.302,30.127,39.843,21.697,76.070,13.980,78.298,9.647,75.835,9.788,80.393
599.837,42.189,1.308,28.477,35.706,22.160,71.319,15.496,74.423,11.072,73.110,10.880,78.265
599.849,36.654,-22.200,27.216,37.304,22.420,68.079,16.446,70.737,12.125,70.241,12.038,75.639
599.860,14.487,-33.115,26.240,41.165,22.038,65.869,16.731,67.579,12.622,67.492,13.001,72.825
599.871,-21.631,-34.366,26.046,45.529,21.090,64.457,16.313,65.062,12.452,65.044,13.587,70.084
599.883,-50.656,-29.786,26.767,48.230,20.219,63.003,15.686,63.006,12.022,62.877,13.764,67.527
599.894,-59.394,-24.371,26.833,50.386,19.556,61.830,15.382,61.306,11.897,60.998,13.749,65.255
599.906,-46.410,-20.239,26.980,53.150,19.444,61.000,15.621,59.895,12.310,59.344,13.781,63.248
599.917,-25.365,-23.046,26.831,57.252,19.646,60.291,16.255,58.635,13.117,57.743,14.026,61.467
599.928,-4.745,-31.008,24.332,62.395,19.666,59.880,17.007,57.574,14.125,56.221,14.501,59.890
599.939,9.708,-34.426,20.855,66.749,19.403,59.807,17.562,56.895,15.084,55.014,15.102,58.546
599.951,13.710,-30.104,19.589,68.476,19.214,59.724,17.827,56.599,15.784,54.261,15.691,57.486
599.962,9.957,-20.805,20.147,68.233,19.232,59.488,17.901,56.564,16.201,53.934,16.179,56.755
599.973,-0.180,-9.987,21.295,66.282,19.199,58.992,17.839,56.617,16.364,53.897,16.525,56.291
599.984,-11.166,2.196,20.385,65.945,18.624,58.892,17.631,56.740,16.341,54.065,16.711,56.037
599.995,-19.272,13.527,18.799,66.500,17.818,59.104,17.286,57.002,16.236,54.376,16.747,55.969
600.006,-19.487,19.588,18.527,66.539,17.358,59.287,17.024,57.256,16.202,54.693,16.686,56.034
600.017,-11.206,20.287,18.352,66.710,17.165,59.414,16.995,57.420,16.352,54.946,16.636,56.171
600.028,-1.896,16.274,18.508,65.912,17.216,59.195,17.127,57.434,16.624,55.091,16.666,56.306
600.039,4.851,9.729,19.314,63.737,17.420,58.505,17.314,57.206,16.876,55.097,16.763,56.365
600.051,8.542,8.309,19.821,61.748,17.620,57.802,17.533,56.958,17.129,55.142,16.920,56.349
600.062,10.084,9.028,20.706,61.111,17.906,57.387,17.750,56.707,17.359,55.184,17.106,56.288
600.073,10.244,8.252,21.950,61.402,18.266,57.116,17.991,56.452,17.571,55.164,17.311,56.188
600.084,7.992,7.837,22.195,61.654,18.425,56.897,18.216,56.212,17.746,55.110,17.524,56.067
600.095,4.440,11.299,22.288,61.295,18.481,56.679,18.358,56.087,17.864,55.143,17.716,55.958
600.106,0.969,15.218,22.028,61.283,18.415,56.594,18.441,56.024,17.946,55.227,17.876,55.880
600.117,1.051,19.148,21.704,62.254,18.380,56.790,18.563,56.056,18.098,55.351,18.023,55.848
600.128,6.176,23.002,21.584,63.616,18.519,57.115,18.818,56.183,18.394,55.505,18.196,55.862
600.139,10.589,23.937,21.680,64.352,18.717,57.338,19.078,56.320,18.693,55.633,18.410,55.934
600.150,14.552,28.842,21.809,64.534,18.967,57.594,19.378,56.585,19.026,55.893,18.666,56.061
600.162,17.159,35.570,21.177,65.385,19.078,58.082,19.674,56.986,19.359,56.291,18.950,56.282
600.173,18.276,44.271,20.525,65.926,19.124,58.678,19.905,57.536,19.671,56.818,19.236,56.604
600.184,16.640,51.851,20.221,65.936,19.118,59.225,20.013,58.139,19.866,57.426,19.484,57.027
600.195,15.293,53.679,19.878,64.318,18.986,59.157,20.072,58.600,20.017,57.961,19.683,57.499
600.206,13.348,50.112,18.589,62.258,18.648,58.895,20.043,58.818,20.095,58.307,19.833,57.928
600.217,14.934,41.512,18.605,56.483,18.563,57.687,20.048,58.569,20.214,58.408,19.943,58.217
600.228,16.252,28.909,20.477,51.315,18.931,56.135,20.164,57.851,20.360,58.212,20.059,58.267
600.239,13.183,13.311,21.867,47.338,19.230,54.340,20.281,56.655,20.421,57.611,20.182,57.981
600.250,7.664,-2.517,22.228,45.922,19.302,52.775,20.321,55.233,20.413,56.702,20.282,57.369
600.261,1.270,-12.826,22.299,46.497,19.231,51.590,20.261,53.827,20.323,55.655,20.332,56.497
600.273,-6.562,-21.346,22.146,48.948,19.000,50.921,20.104,52.568,20.154,54.553,20.319,55.494
600.284,-14.175,-24.140,21.885,52.620,18.646,50.752,19.867,51.626,19.918,53.550,20.231,54.468
600.295,-19.095,-23.315,21.075,55.925,18.186,50.811,19.614,51.003,19.696,52.700,20.087,53.522
600.306,-20.695,-21.768,20.265,58.529,17.752,50.922,19.356,50.610,19.506,52.003,19.907,52.715
600.317,-17.973,-19.814,19.588,60.522,17.430,51.056,19.169,50.379,19.407,51.440,19.723,52.050
600.328,-11.167,-18.191,19.040,62.111,17.272,51.265,19.113,50.308,19.447,51.044,19.585,51.550
600.339,-3.805,-18.232,18.805,63.077,17.252,51.386,19.123,50.292,19.548,50.737,19.508,51.184
600.350,0.704,-16.808,19.100,63.387,17.326,51.454,19.125,50.351,19.611,50.568,19.478,50.931
600.361,3.699,-13.178,19.224,63.495,17.406,51.600,19.164,50.522,19.686,50.573,19.477,50.798