R
Px,Ix,Dx,Py,Iy,Dy,Pz,Iz,FFrx,FFry,FFdrx,FFdry,satI,satPID,DTermC,GparamC,AparamC,KFQAng,KFQbias,KFRmeas,CPx,CIx,CPy,CIy,CsatI,CsatPID,CFFdrx,CFFdry
175,25,1900,200,25,2100,500,150,0,0,0,0,7,75,10,10.0,32.0,0.000100,0.003000,10,250,1,250,1,50,500,0,0
sysTime,aRawR,aPT1R,aKFRawR,aKFPT10R,aKFPT11R
593.024,0.795,0.987,1.019,1.020,1.018
593.035,1.088,0.975,1.022,1.023,1.017
593.045,1.129,0.978,1.028,1.029,1.014
593.056,0.756,0.986,1.021,1.022,1.010
593.067,1.090,0.975,1.014,1.015,1.006
593.078,0.798,0.960,0.996,0.998,1.002
593.089,1.088,0.952,0.990,0.992,0.994
593.099,0.674,0.959,1.008,1.010,0.995
593.110,0.885,0.965,0.993,0.995,0.990
593.121,1.006,0.971,0.977,0.979,0.979
593.132,0.923,0.950,0.975,0.978,0.973
593.142,0.878,0.962,0.980,0.982,0.971
593.153,0.750,0.958,0.976,0.978,0.971
593.164,1.262,0.970,0.942,0.943,0.961
593.175,1.005,0.978,0.945,0.946,0.951
593.185,0.923,0.956,0.932,0.934,0.942
593.196,1.084,0.972,0.937,0.938,0.938
593.207,1.133,0.972,0.940,0.941,0.933
593.218,1.007,1.002,0.942,0.942,0.931
593.228,1.257,0.988,0.939,0.939,0.928
593.239,0.836,0.971,0.927,0.928,0.920
593.250,1.175,1.004,0.882,0.881,0.906
593.261,0.883,1.007,0.906,0.906,0.901
593.272,0.798,0.989,0.876,0.876,0.895
593.282,0.962,0.954,0.864,0.866,0.881
593.293,0.964,0.976,0.858,0.859,0.869
593.304,1.006,0.983,0.856,0.857,0.864
593.315,1.001,0.980,0.873,0.874,0.868
593.325,0.838,0.978,0.871,0.872,0.868
593.336,0.925,1.008,0.848,0.848,0.864
593.347,0.882,1.001,0.829,0.829,0.855
593.358,1.213,0.997,0.803,0.803,0.837
593.368,0.887,0.992,0.805,0.806,0.817
593.379,0.919,0.984,0.775,0.776,0.805
593.390,0.671,0.971,0.783,0.785,0.799
593.401,1.215,0.987,0.782,0.783,0.797
593.411,1.131,0.983,0.772,0.772,0.791
593.422,1.004,1.008,0.789,0.788,0.794
593.433,0.881,1.005,0.826,0.826,0.806
593.444,1.048,0.996,0.809,0.809,0.813
593.454,0.965,0.989,0.793,0.793,0.809
593.465,0.964,0.985,0.794,0.795,0.805
593.476,1.051,0.992,0.767,0.768,0.795
593.487,1.088,1.005,0.764,0.763,0.788
593.497,1.052,1.032,0.774,0.772,0.783
593.508,0.838,1.007,0.784,0.784,0.782
593.519,1.172,1.017,0.763,0.762,0.780
593.530,1.135,1.005,0.770,0.770,0.779
593.541,1.130,1.006,0.769,0.769,0.777
593.551,0.795,0.998,0.761,0.761,0.774
593.562,0.964,0.991,0.765,0.765,0.772
593.573,1.340,1.021,0.782,0.781,0.778
593.584,0.966,1.023,0.767,0.766,0.779
593.594,1.209,1.031,0.802,0.800,0.786
593.605,1.050,1.005,0.840,0.840,0.809
593.616,0.923,1.025,0.862,0.861,0.832
593.627,1.044,1.023,0.835,0.834,0.841
593.638,1.132,1.035,0.844,0.843,0.845
593.649,1.092,1.049,0.856,0.853,0.857
593.659,0.919,1.032,0.820,0.818,0.851
593.670,1.088,1.024,0.802,0.801,0.835
593.681,0.920,1.029,0.779,0.778,0.819
593.692,1.133,1.036,0.803,0.802,0.811
593.703,1.053,1.037,0.795,0.793,0.811
593.714,1.176,1.034,0.806,0.805,0.809
593.724,1.134,1.022,0.787,0.786,0.805
593.735,1.219,1.057,0.797,0.794,0.801
593.746,0.838,1.051,0.830,0.828,0.813
593.757,1.090,1.052,0.825,0.822,0.823
593.768,1.011,1.047,0.834,0.832,0.830
593.779,1.299,1.059,0.844,0.841,0.841
593.789,1.008,1.072,0.878,0.875,0.856
593.800,0.754,1.024,0.874,0.873,0.868
593.811,0.923,1.028,0.871,0.870,0.872
593.822,1.252,1.028,0.901,0.900,0.880
593.833,1.087,1.019,0.888,0.887,0.886
593.843,0.761,1.005,0.890,0.889,0.888
593.854,1.176,1.007,0.911,0.911,0.893
593.865,1.048,1.006,0.887,0.887,0.895
593.876,0.799,0.981,0.893,0.894,0.897
593.887,0.835,0.997,0.894,0.894,0.893
593.898,0.965,0.996,0.882,0.883,0.889
593.908,0.884,0.970,0.873,0.874,0.884
593.919,0.924,0.951,0.872,0.875,0.878
593.930,1.082,0.950,0.840,0.843,0.872
593.941,0.836,0.942,0.857,0.860,0.869
593.952,1.050,0.947,0.862,0.865,0.869
593.963,1.131,0.958,0.881,0.883,0.873
593.973,1.217,0.965,0.882,0.884,0.881
593.984,1.003,0.965,0.900,0.902,0.889
593.995,1.002,0.964,0.884,0.886,0.891
594.006,0.966,0.962,0.898,0.900,0.894
594.017,1.133,0.962,0.893,0.895,0.896
594.027,1.049,0.981,0.938,0.939,0.910
594.038,1.129,1.011,0.938,0.937,0.929
594.049,1.006,1.012,0.955,0.955,0.938
594.060,1.087,1.003,0.972,0.972,0.947
594.071,1.092,1.018,0.971,0.970,0.954
594.082,1.087,1.036,0.982,0.980,0.960
594.092,0.962,1.037,0.971,0.969,0.963
594.103,1.005,1.029,1.002,1.000,0.971
594.114,0.963,1.038,0.991,0.990,0.979
594.125,0.923,1.033,0.999,0.998,0.983
594.136,0.882,1.029,0.986,0.985,0.985
594.147,1.091,1.042,0.990,0.988,0.986
594.158,0.926,1.011,0.986,0.985,0.985
594.168,1.044,1.004,0.999,0.999,0.988
594.179,1.008,1.007,1.001,1.001,0.990
594.190,1.175,1.020,0.999,0.998,0.992
594.201,1.049,1.008,0.989,0.989,0.991
594.212,1.129,1.010,0.971,0.971,0.987
594.223,1.091,1.027,0.961,0.960,0.975
594.233,1.131,1.026,0.953,0.952,0.964
594.244,1.378,1.038,0.938,0.936,0.954
594.255,1.088,1.030,0.948,0.947,0.949
594.266,1.136,1.011,0.957,0.956,0.950
594.277,1.172,1.022,0.981,0.980,0.958
594.288,0.922,1.028,0.991,0.990,0.968
594.298,0.879,1.035,1.022,1.020,0.983
594.309,0.965,1.052,1.010,1.007,0.995
594.320,1.343,1.054,0.979,0.976,0.994
594.331,0.969,1.052,0.991,0.989,0.993
594.342,0.969,1.036,0.977,0.976,0.990
594.352,0.756,1.029,0.998,0.997,0.991
594.363,1.006,1.011,0.995,0.994,0.994
594.374,0.843,1.023,0.958,0.957,0.990
594.385,1.339,1.041,0.954,0.953,0.982
594.396,1.258,1.032,0.934,0.932,0.971
594.408,1.125,1.021,0.927,0.927,0.959
594.420,1.004,1.007,0.971,0.971,0.959
594.430,1.048,1.003,0.963,0.963,0.968
594.440,0.799,0.980,0.962,0.964,0.971
594.450,1.007,1.001,0.982,0.982,0.977
594.460,0.797,0.981,0.988,0.990,0.983
594.470,0.878,0.972,0.949,0.950,0.982
594.480,0.672,0.961,0.930,0.932,0.972
594.490,0.757,0.954,0.961,0.964,0.970
594.503,1.092,0.967,0.951,0.953,0.971
594.513,0.965,0.966,0.923,0.925,0.960
594.524,1.631,0.980,0.933,0.934,0.954
594.535,-0.659,0.939,0.935,0.939,0.954
594.547,-1.808,0.932,0.954,0.958,0.956
594.559,2.003,1.021,0.958,0.957,0.957
594.570,-0.548,1.040,0.955,0.953,0.960
594.582,-1.599,0.991,0.943,0.944,0.961
594.594,-1.973,0.997,0.942,0.943,0.957
594.605,-0.927,1.032,0.944,0.942,0.958
594.617,-1.769,0.993,0.979,0.980,0.965
594.628,3.462,0.858,0.944,0.953,0.970
594.640,3.786,0.844,0.954,0.963,0.966
594.651,-0.596,0.830,0.948,0.959,0.967
594.663,0.502,0.812,0.945,0.957,0.968
594.675,4.781,0.779,0.944,0.957,0.965
594.686,1.903,0.738,0.930,0.945,0.965
594.698,4.662,0.742,0.919,0.933,0.961
594.710,5.466,0.821,0.918,0.928,0.956
594.721,-2.717,0.649,0.903,0.923,0.948
594.733,3.538,0.649,0.875,0.895,0.931
594.744,5.980,0.648,0.867,0.886,0.915
594.756,4.680,0.649,0.870,0.889,0.904
594.768,2.850,0.766,0.871,0.882,0.901
594.779,-2.141,0.669,0.868,0.885,0.902
594.791,-2.478,0.822,0.883,0.891,0.907
594.802,-1.643,0.873,0.907,0.912,0.914
594.814,-2.831,1.021,0.915,0.911,0.921
594.826,-1.626,1.112,0.915,0.906,0.927
594.837,-0.848,1.176,0.926,0.913,0.934
594.849,2.291,0.995,0.917,0.915,0.939
594.861,0.658,0.957,0.967,0.968,0.954
594.872,4.705,0.789,0.927,0.937,0.967
594.884,3.598,0.833,0.942,0.948,0.970
594.895,1.723,0.863,0.938,0.942,0.971
594.907,-2.256,0.912,0.923,0.924,0.967
594.919,-1.487,0.932,0.915,0.914,0.961
594.931,9.562,0.956,0.925,0.922,0.958
594.943,10.251,1.151,0.899,0.886,0.950
594.954,-6.070,1.101,0.935,0.923,0.949
594.966,1.165,1.382,0.956,0.927,0.957
594.978,-1.634,1.219,0.955,0.936,0.964
594.990,2.320,1.052,0.965,0.955,0.972
595.001,-2.569,1.157,1.004,0.987,0.987
595.011,3.099,1.151,1.020,1.004,1.003
595.023,13.155,1.344,1.012,0.984,1.013
595.035,-10.438,1.025,0.992,0.986,1.014
595.047,-3.156,0.992,0.986,0.981,1.012
595.059,-6.108,0.953,1.012,1.010,1.023
595.071,-8.948,0.473,1.015,1.036,1.037
595.083,1.041,0.725,1.030,1.039,1.048
595.095,4.396,1.169,1.036,1.015,1.046
595.107,3.265,1.410,1.028,0.994,1.050
595.119,22.593,1.766,1.028,0.978,1.046
595.132,12.259,1.774,1.093,1.052,1.052
595.142,-23.073,0.853,1.103,1.110,1.078
595.152,-0.060,0.963,1.101,1.106,1.098
595.162,24.855,1.405,1.148,1.131,1.117
595.172,-17.282,0.309,1.158,1.200,1.153
595.182,-12.328,-0.123,1.087,1.159,1.160
595.194,-25.307,0.032,1.067,1.139,1.156
595.205,-17.103,0.281,1.085,1.154,1.153
595.217,-13.591,0.597,1.091,1.149,1.168
595.229,2.811,0.269,0.954,1.031,1.144
595.240,-1.825,-1.341,0.790,0.952,1.088
595.252,8.349,-1.417,0.597,0.762,0.988
595.265,4.040,-0.655,0.395,0.535,0.846
595.276,-7.731,-0.240,0.102,0.237,0.660
595.288,-33.784,-0.551,-0.303,-0.121,0.428
595.300,-21.424,-1.487,-0.722,-0.506,0.135
595.310,-48.527,-2.115,-1.094,-0.843,-0.164
595.321,-21.080,-1.940,-1.500,-1.237,-0.527
595.333,-19.526,-2.677,-1.843,-1.562,-0.886
595.345,-30.801,-2.509,-2.216,-1.931,-1.257
595.355,-8.953,-2.097,-2.560,-2.277,-1.583
595.365,27.045,-0.179,-2.670,-2.468,-1.862
595.377,38.019,1.078,-2.911,-2.803,-2.180
595.389,4.051,1.239,-3.056,-2.953,-2.457
595.401,-22.973,0.123,-3.232,-3.099,-2.680
595.411,1.860,0.596,-3.254,-3.165,-2.838
595.422,1.315,0.887,-3.068,-3.014,-2.921
595.434,-20.502,0.061,-2.851,-2.750,-2.892
595.446,-4.897,-0.450,-2.527,-2.406,-2.769
595.457,-22.797,-1.804,-2.232,-2.072,-2.569
595.470,5.058,-1.972,-1.658,-1.530,-2.271
595.481,13.554,-1.710,-0.982,-0.898,-1.872
595.493,30.408,-0.687,-0.291,-0.263,-1.391
595.505,34.275,-0.644,0.476,0.507,-0.812
595.516,31.776,-0.734,1.377,1.416,-0.128
595.528,25.833,-0.733,2.224,2.251,0.618
595.540,19.096,-0.958,2.890,2.919,1.359
595.551,20.005,-0.892,3.519,3.525,2.058
595.563,12.445,-0.665,4.007,3.981,2.690
595.575,9.356,0.009,4.303,4.223,3.208
595.586,18.696,0.771,4.462,4.336,3.606
595.598,35.866,1.353,4.498,4.330,3.876
595.610,44.506,2.329,4.374,4.143,4.001
595.621,35.209,2.561,4.076,3.815,3.965
595.633,41.642,2.609,3.511,3.223,3.750
595.644,-30.047,0.143,2.811,2.639,3.428
595.654,-26.586,-0.265,2.181,2.029,3.007
595.664,33.909,1.631,1.516,1.272,2.498
595.674,-12.361,-0.133,0.646,0.477,1.902
595.685,-30.304,-0.895,-0.175,-0.320,1.238
595.695,1.407,-0.287,-0.938,-1.131,0.520
595.705,24.920,0.277,-1.713,-1.928,-0.207
595.715,4.200,-0.736,-2.511,-2.659,-0.941
595.725,-47.006,-1.881,-3.170,-3.263,-1.659
595.736,-3.119,-1.536,-3.670,-3.802,-2.327
595.746,4.146,-1.050,-4.095,-4.246,-2.933
595.756,21.883,0.148,-4.317,-4.514,-3.440
595.766,-0.751,-0.120,-4.460,-4.634,-3.847
595.776,1.066,-0.416,-4.340,-4.507,-4.113
595.786,-21.946,-0.605,-4.140,-4.271,-4.228
595.797,-4.075,-0.655,-3.788,-3.890,-4.207
595.807,8.185,-0.365,-3.168,-3.283,-4.018
595.817,7.141,0.147,-2.479,-2.616,-3.680
595.827,23.121,0.369,-1.693,-1.810,-3.205
595.838,-28.005,-1.457,-0.776,-0.810,-2.592
595.848,-31.520,-2.788,0.241,0.265,-1.846
595.858,29.763,-0.747,1.374,1.287,-1.006
595.869,26.041,-0.363,2.358,2.257,-0.113
595.879,-6.090,-1.120,3.199,3.130,0.777
595.889,-15.061,-1.356,3.972,3.905,1.639
595.899,27.547,-0.373,4.717,4.589,2.461
595.909,-11.389,-1.825,5.099,5.021,3.194
595.920,-48.754,-2.958,5.384,5.343,3.792
595.930,12.782,-1.018,5.575,5.450,4.263
595.942,0.683,0.208,5.452,5.283,4.589
595.952,6.342,0.782,5.227,5.035,4.704
595.962,11.481,0.765,4.759,4.578,4.669
595.972,12.383,0.595,4.155,3.988,4.458
595.982,-30.196,-1.669,3.433,3.323,4.103
595.993,-8.935,-0.905,2.751,2.581,3.631
596.003,34.750,1.115,1.918,1.643,3.048
596.013,-16.774,-1.031,0.883,0.703,2.343
596.023,-33.374,-1.698,-0.089,-0.234,1.567
596.035,-27.116,-1.511,-1.027,-1.228,0.619
596.045,17.803,-0.832,-1.822,-2.083,-0.199
596.055,23.761,0.961,-2.507,-2.837,-1.005
596.065,8.145,-0.317,-3.223,-3.496,-1.789
596.077,12.168,-1.481,-3.860,-4.089,-2.624
596.089,9.554,-0.943,-4.218,-4.449,-3.295
596.101,2.151,-0.249,-4.374,-4.619,-3.793
596.111,-12.642,-0.532,-4.324,-4.557,-4.077
596.122,-14.820,-0.809,-4.111,-4.339,-4.231
596.134,0.356,-0.703,-3.664,-3.878,-4.181
596.145,-21.851,-1.462,-3.123,-3.301,-3.985
596.156,-9.321,-0.983,-2.258,-2.482,-3.564
596.168,14.983,-0.310,-1.310,-1.561,-2.965
596.180,36.272,-0.052,-0.328,-0.563,-2.227
596.190,-13.212,-0.958,0.585,0.379,-1.490
596.200,-1.063,-1.109,1.493,1.280,-0.693
596.212,19.064,-0.387,2.623,2.365,0.290
596.224,31.326,0.344,3.579,3.289,1.273
596.234,-4.247,-0.386,4.254,4.020,2.101
596.244,-51.516,-1.565,4.849,4.684,2.882
596.255,27.520,0.893,5.354,5.108,3.574
596.265,21.771,1.013,5.591,5.341,4.160
596.275,-17.201,-0.521,5.652,5.483,4.609
596.285,-25.042,-0.835,5.536,5.385,4.904
596.296,-18.589,-0.930,5.135,5.005,5.019
596.306,11.415,0.311,4.727,4.543,4.965
596.316,3.781,0.239,4.051,3.890,4.759
596.326,-44.845,-1.513,3.168,3.132,4.366
596.337,-24.827,-1.182,2.370,2.335,3.853
596.347,25.835,0.651,1.550,1.448,3.245
596.357,-2.965,-0.718,0.607,0.585,2.564
596.367,-48.073,-2.076,-0.282,-0.267,1.821
596.378,-38.032,-3.338,-1.095,-1.046,1.032
596.388,12.831,-1.659,-1.750,-1.797,0.257
596.398,23.476,-1.124,-2.328,-2.416,-0.481
596.408,43.068,0.257,-2.876,-3.054,-1.187
596.419,8.993,-0.257,-3.293,-3.457,-1.822
596.429,9.334,-1.044,-3.642,-3.767,-2.365
596.439,-38.410,-2.792,-3.888,-3.929,-2.811
596.450,-25.729,-2.733,-3.836,-3.896,-3.142
596.460,-16.465,-2.348,-3.690,-3.762,-3.338
596.470,11.097,-1.593,-3.303,-3.417,-3.389
596.480,20.080,0.066,-2.762,-2.962,-3.291
596.491,19.117,0.347,-2.107,-2.314,-3.046
596.501,17.479,0.271,-1.353,-1.546,-2.641
596.511,-21.341,-0.560,-0.525,-0.673,-2.111
596.521,6.029,-0.332,0.403,0.234,-1.471
596.532,22.790,0.012,1.300,1.091,-0.759
596.542,3.739,-0.370,2.129,1.914,-0.005
596.552,6.879,-0.461,2.938,2.724,0.779
596.562,-13.025,-1.768,3.634,3.493,1.565
596.572,-34.023,-2.102,4.331,4.206,2.328
596.582,-24.460,-2.904,4.952,4.848,3.062
596.593,5.492,-1.734,5.406,5.205,3.707
596.603,24.798,-0.418,5.688,5.418,4.237
596.615,-2.377,-0.771,5.729,5.464,4.672
596.627,0.072,-0.454,5.462,5.190,4.899
596.637,-10.522,-1.516,5.038,4.838,4.898
596.648,27.438,-0.468,4.535,4.261,4.748
596.658,14.109,-0.084,3.785,3.517,4.430
596.668,1.123,0.458,3.025,2.730,3.977
596.678,-34.856,-0.418,2.087,1.841,3.392
596.689,3.643,0.164,1.151,0.881,2.694
596.699,18.982,0.081,0.313,0.048,1.944
596.709,16.905,-0.165,-0.524,-0.760,1.170
596.719,-27.913,-1.589,-1.414,-1.597,0.369
596.730,-43.476,-2.915,-2.226,-2.350,-0.441
596.740,-18.069,-2.155,-2.862,-2.997,-1.206
596.750,12.424,-1.647,-3.301,-3.482,-1.883
596.761,-15.141,-1.984,-3.712,-3.877,-2.505
596.771,-20.136,-2.569,-3.919,-4.074,-3.008
596.782,-20.146,-1.961,-3.921,-4.104,-3.379
596.792,-0.344,-1.241,-3.727,-3.956,-3.606
596.802,11.119,-0.220,-3.354,-3.632,-3.674
596.812,24.490,0.377,-2.885,-3.193,-3.595
596.822,3.639,-0.053,-2.296,-2.580,-3.377
596.833,17.079,1.261,-1.524,-1.869,-3.008
596.843,12.649,1.800,-0.719,-1.093,-2.514
596.853,-5.205,1.635,0.126,-0.231,-1.899
596.863,-11.496,0.239,0.920,0.652,-1.204
596.874,7.037,0.051,1.748,1.516,-0.455
596.884,-6.031,-0.489,2.543,2.353,0.324
596.894,-14.635,-0.697,3.272,3.100,1.086
596.905,-10.312,-0.001,3.922,3.728,1.826
596.915,-12.197,-0.056,4.412,4.222,2.507
596.925,5.502,0.727,4.775,4.534,3.098
596.935,-16.294,0.482,4.903,4.670,3.569
596.946,-10.521,0.518,4.860,4.627,3.905
596.956,-11.185,0.439,4.513,4.297,4.064
596.966,-33.470,-0.161,4.069,3.862,4.045
596.977,-6.316,0.200,3.608,3.361,3.882
596.987,45.340,1.770,3.048,2.686,3.585
596.997,25.448,1.674,2.304,1.960,3.159
597.007,-7.440,1.435,1.447,1.129,2.614
597.018,-8.048,0.973,0.481,0.201,1.954
597.028,-26.461,0.420,-0.331,-0.560,1.248
597.038,31.286,0.722,-1.032,-1.276,0.528
597.048,4.344,0.544,-1.731,-1.976,-0.192
597.059,-22.758,0.140,-2.390,-2.600,-0.894
597.069,8.859,0.719,-2.900,-3.136,-1.546
597.079,-6.946,0.428,-3.356,-3.581,-2.133
597.089,-11.841,0.200,-3.728,-3.957,-2.667
597.100,-28.058,-1.247,-4.047,-4.186,-3.133
597.110,3.621,-0.946,-4.149,-4.319,-3.503
597.120,-9.412,-1.054,-4.084,-4.247,-3.751
597.131,20.297,-0.408,-3.950,-4.149,-3.893
597.141,-11.457,-1.102,-3.730,-3.910,-3.929
597.151,-7.722,-0.897,-3.239,-3.429,-3.817
597.162,-19.075,-0.809,-2.638,-2.821,-3.555
597.172,-19.550,-1.118,-1.986,-2.132,-3.164
597.182,28.478,0.367,-1.176,-1.385,-2.658
597.192,3.121,0.135,-0.425,-0.640,-2.073
597.203,-26.024,-1.171,0.347,0.192,-1.427
597.213,-13.508,-0.997,1.108,0.932,-0.745
597.223,-15.135,-0.908,1.830,1.645,-0.057
597.233,-5.064,-0.408,2.534,2.323,0.634
597.244,2.290,-0.001,3.246,3.011,1.331
597.254,-5.401,-0.071,3.801,3.569,2.001
597.264,0.403,0.176,4.167,3.926,2.607
597.275,25.157,0.775,4.440,4.155,3.088
597.285,15.924,0.789,4.552,4.246,3.473
597.295,23.169,0.873,4.532,4.232,3.747
597.305,-4.939,-0.682,4.214,4.002,3.877
597.316,-31.786,-1.590,3.812,3.660,3.866
597.326,-46.023,-2.647,3.244,3.162,3.687
597.336,55.472,0.594,2.688,2.453,3.378
597.347,51.578,2.058,1.842,1.519,2.903
597.357,18.108,1.458,0.920,0.633,2.287
597.367,-13.768,0.008,-0.045,-0.254,1.574
597.378,14.116,0.892,-0.925,-1.172,0.808
597.388,8.907,0.978,-1.701,-1.951,0.019
597.398,-28.486,-0.599,-2.496,-2.651,-0.773
597.408,-3.834,0.366,-3.013,-3.239,-1.522
597.419,-10.322,0.549,-3.508,-3.739,-2.208
597.430,-22.384,0.930,-3.911,-4.127,-2.844
597.441,-12.587,1.602,-4.089,-4.338,-3.366
597.453,-38.383,0.840,-4.198,-4.423,-3.786
597.464,-21.119,0.752,-4.106,-4.340,-4.069
597.476,18.284,1.065,-4.047,-4.285,-4.243
597.487,38.427,1.576,-4.122,-4.349,-4.367
597.499,21.661,1.383,-4.527,-4.725,-4.531
597.511,11.733,1.558,-5.406,-5.596,-4.865
597.522,27.250,1.860,-6.682,-6.880,-5.451
597.534,-21.912,2.122,-8.637,-8.813,-6.404
597.546,0.601,2.247,-10.922,-11.087,-7.715
597.557,-12.748,2.005,-13.560,-13.680,-9.358
597.568,-32.650,1.615,-16.384,-16.484,-11.337
597.579,-17.658,1.597,-19.317,-19.421,-13.662
597.591,-0.968,0.841,-22.195,-22.256,-16.197
597.603,29.703,1.264,-24.693,-24.791,-18.801
597.614,4.023,1.135,-26.494,-26.598,-21.236
597.626,19.894,1.442,-27.369,-27.488,-23.254
597.637,-14.175,1.419,-27.284,-27.400,-24.693
597.649,-22.692,1.643,-26.318,-26.432,-25.436
597.660,12.962,1.157,-24.419,-24.517,-25.446
597.672,-27.399,0.962,-21.715,-21.811,-24.699
597.683,18.145,1.365,-18.380,-18.485,-23.194
597.695,22.781,1.314,-14.686,-14.761,-21.027
597.707,7.034,1.170,-10.741,-10.804,-18.322
597.718,15.103,1.792,-6.774,-6.854,-15.210
597.730,13.960,2.600,-3.050,-3.140,-11.888
597.741,27.470,3.071,0.230,0.119,-8.616
597.752,21.313,2.748,3.048,2.968,-5.441
597.763,-9.718,1.981,5.275,5.245,-2.516
597.774,12.860,1.996,6.922,6.925,0.085
597.785,3.039,1.418,8.062,8.105,2.354
597.796,-20.741,0.289,8.643,8.772,4.172
597.808,-18.343,0.463,8.691,8.820,5.525
597.819,34.205,0.826,8.277,8.381,6.360
597.831,8.440,-0.596,7.396,7.554,6.701
597.842,-46.263,-1.571,6.371,6.563,6.631
597.852,-7.649,-0.544,5.245,5.385,6.236
597.863,37.815,1.140,4.046,4.116,5.580
597.874,52.531,2.394,2.918,2.896,4.725
597.886,55.111,2.613,1.816,1.744,3.769
597.897,37.094,2.760,0.835,0.734,2.785
597.908,9.964,2.281,-0.001,-0.078,1.863
597.920,10.156,2.418,-0.671,-0.743,0.983
597.931,11.177,2.215,-1.227,-1.275,0.192
597.942,7.861,1.984,-1.537,-1.574,-0.450
597.954,9.028,1.408,-1.749,-1.759,-0.958
597.965,-1.149,0.359,-1.781,-1.760,-1.330
597.977,25.164,0.093,-1.709,-1.702,-1.584
597.988,33.954,0.668,-1.505,-1.538,-1.711
597.999,40.381,1.194,-1.338,-1.399,-1.737
598.009,36.636,0.510,-1.159,-1.189,-1.692
598.021,20.239,-0.516,-0.901,-0.888,-1.569
598.032,38.371,-0.821,-0.544,-0.573,-1.389
598.043,31.280,-0.909,-0.155,-0.237,-1.166
598.055,27.127,-0.360,0.268,0.132,-0.887
598.066,25.847,0.367,0.616,0.439,-0.597
598.077,30.742,0.567,0.927,0.713,-0.304
598.089,52.463,1.719,1.269,0.967,-0.003
598.100,53.153,3.022,1.629,1.223,0.300
598.111,50.163,3.858,1.910,1.441,0.592
598.123,28.123,3.707,2.081,1.626,0.856
598.134,29.339,3.833,2.216,1.761,1.097
598.146,32.969,3.180,2.321,1.882,1.309
598.157,30.519,2.986,2.362,1.924,1.466
598.168,7.415,2.298,2.267,1.863,1.565
598.179,-14.120,1.289,2.064,1.719,1.591
598.189,-20.042,-0.336,1.782,1.512,1.538
598.199,-14.731,-0.417,1.555,1.278,1.433
598.212,-11.486,-0.655,1.138,0.859,1.229
598.222,13.884,-0.374,0.736,0.455,0.983
598.232,14.370,-0.296,0.393,0.102,0.694
598.242,-18.008,-2.059,-0.079,-0.305,0.361
598.252,-17.835,-2.270,-0.514,-0.731,-0.006
598.264,-9.204,-2.360,-0.949,-1.173,-0.449
598.274,-9.690,-2.443,-1.274,-1.500,-0.813
598.286,-13.421,-2.838,-1.682,-1.890,-1.254
598.298,27.922,-2.180,-1.952,-2.207,-1.668
598.308,-36.835,-4.924,-2.243,-2.348,-1.967
598.318,-54.423,-5.665,-2.286,-2.359,-2.198
598.328,-7.214,-4.509,-2.231,-2.388,-2.354
598.338,34.911,-1.629,-2.050,-2.350,-2.443
598.348,4.669,-1.517,-1.844,-2.155,-2.441
598.359,7.591,-1.553,-1.568,-1.881,-2.360
598.369,3.460,-1.659,-1.298,-1.584,-2.206
598.379,-12.227,-2.517,-0.941,-1.161,-1.992
598.389,-19.550,-2.509,-0.601,-0.811,-1.739
598.399,14.139,-1.942,-0.192,-0.432,-1.439
598.409,5.523,-1.895,0.290,0.046,-1.088
598.421,2.506,-1.993,0.787,0.545,-0.647
598.433,-7.604,-2.622,1.204,0.998,-0.197
598.444,14.593,-3.164,1.529,1.368,0.227
598.456,46.251,-2.961,1.952,1.769,0.642
598.468,47.155,-1.988,2.291,2.062,1.034
598.479,40.732,-0.774,2.735,2.436,1.413
598.491,32.413,-0.037,3.500,3.132,1.871
598.503,-13.658,-0.195,4.522,4.178,2.478
598.514,-19.803,-0.655,5.952,5.644,3.298
598.526,5.197,-0.365,7.973,7.645,4.434
598.537,16.354,-0.383,10.408,10.078,5.931
598.549,7.668,-0.933,13.152,12.852,7.791
598.561,-7.096,-1.389,16.140,15.870,9.990
598.573,-23.028,-1.813,19.247,19.006,12.484
598.584,-17.018,-2.006,22.343,22.102,15.194
598.596,-8.398,-2.059,25.130,24.881,17.967
598.608,-10.595,-2.500,27.392,27.159,20.629
598.619,-18.360,-2.648,28.933,28.712,22.997
598.631,30.509,-2.179,29.777,29.512,25.000
598.643,-27.365,-2.733,29.770,29.526,26.432
598.653,-13.725,-2.726,29.108,28.889,27.218
598.664,26.618,-2.285,27.921,27.682,27.386
598.674,25.468,-2.012,26.180,25.935,27.004
598.684,11.061,-1.839,23.992,23.755,26.097
598.694,-11.503,-1.704,21.414,21.171,24.707
598.705,-11.393,-1.543,18.593,18.348,22.893
598.717,8.143,-1.331,15.253,14.990,20.343
598.728,-1.776,-1.744,11.861,11.619,17.526
598.740,-24.475,-2.306,8.437,8.221,14.457
598.752,-23.803,-2.556,5.197,4.986,11.327
598.764,-8.097,-2.521,2.196,1.954,8.174
598.775,-12.541,-2.170,-0.466,-0.724,5.220
598.787,-12.788,-1.826,-2.732,-2.996,2.481
598.799,7.311,-1.239,-4.587,-4.891,0.000
598.810,37.266,-0.508,-6.132,-6.499,-2.192
598.820,-23.071,-1.855,-7.110,-7.418,-3.808
598.832,-6.627,-1.843,-7.783,-8.121,-5.387
598.845,12.531,-1.455,-8.086,-8.450,-6.551
598.857,16.266,-0.711,-7.913,-8.342,-7.288
598.869,1.173,0.196,-7.315,-7.857,-7.601
598.879,3.049,0.613,-6.674,-7.258,-7.575
598.891,-24.830,0.424,-5.748,-6.305,-7.260
598.903,-32.626,-0.547,-4.614,-5.113,-6.639
598.915,-33.985,-0.953,-3.275,-3.783,-5.758
598.927,-34.786,-1.019,-2.017,-2.534,-4.738
598.937,-33.797,-1.226,-0.888,-1.387,-3.795
598.947,41.413,1.406,0.374,-0.261,-2.782
598.957,43.532,2.817,1.496,0.776,-1.746
598.967,-2.226,1.690,2.357,1.716,-0.735
598.979,21.310,1.583,3.373,2.756,0.433
598.991,9.573,1.202,4.235,3.646,1.528
599.001,-6.930,0.624,4.672,4.118,2.306
599.013,-20.002,-0.363,5.010,4.506,3.063
599.025,-11.269,-1.242,5.167,4.695,3.627
599.035,-27.008,-2.393,5.180,4.764,3.956
599.046,18.920,-1.775,5.198,4.741,4.195
599.058,-44.685,-2.462,4.806,4.403,4.290
599.068,14.076,-1.616,4.354,3.941,4.208
599.078,32.367,-0.731,3.773,3.302,3.966
599.088,18.544,-0.073,3.179,2.678,3.603
599.098,22.025,-0.175,2.539,2.044,3.149
599.108,-29.494,-1.116,1.893,1.435,2.648
599.118,-48.540,-3.306,1.077,0.739,2.083
599.128,12.611,-1.430,0.469,0.026,1.465
599.138,44.637,-0.330,-0.124,-0.627,0.840
599.148,26.388,-0.411,-0.792,-1.293,0.207
599.158,-23.426,-2.370,-1.492,-1.887,-0.429
599.168,-19.957,-2.476,-2.033,-2.436,-1.043
599.180,-2.702,-1.969,-2.580,-3.020,-1.740
599.190,16.564,-1.394,-2.891,-3.357,-2.248
599.203,-3.474,-1.301,-3.097,-3.565,-2.740
599.215,-2.070,-1.233,-3.051,-3.534,-3.057
599.225,-14.408,-2.340,-2.914,-3.358,-3.184
599.235,-28.998,-3.367,-2.679,-3.084,-3.216
599.245,15.637,-2.420,-2.263,-2.715,-3.120
599.255,25.295,-1.109,-1.785,-2.319,-2.916
599.265,-14.897,-1.797,-1.289,-1.772,-2.626
599.277,9.798,-1.886,-0.554,-1.020,-2.146
599.287,-21.479,-2.654,0.055,-0.370,-1.666
599.297,-20.228,-3.315,0.760,0.362,-1.125
599.307,28.536,-1.774,1.686,1.193,-0.499
599.317,24.869,-1.552,2.465,1.944,0.190
599.327,-33.517,-2.586,3.193,2.711,0.889
599.337,-50.972,-4.003,3.785,3.403,1.582
599.347,-7.167,-3.125,4.406,3.990,2.258
599.358,14.301,-2.437,4.906,4.448,2.880
599.368,26.292,-0.801,5.355,4.828,3.451
599.378,42.725,0.327,5.530,4.938,3.915
599.388,17.013,-0.421,5.526,4.995,4.296
599.400,-4.506,-1.489,5.246,4.792,4.524
599.411,-8.530,-1.925,4.748,4.335,4.567
599.423,-13.807,-2.140,4.114,3.720,4.417
599.434,-7.831,-2.647,3.417,3.053,4.092
599.446,9.609,-2.293,2.764,2.408,3.661
599.458,-1.280,-2.411,2.301,1.974,3.206
599.469,-27.308,-2.759,2.250,1.935,2.847
599.480,-18.164,-2.556,2.750,2.409,2.682
599.492,8.756,-1.799,3.863,3.470,2.835
599.503,-3.103,-1.826,5.542,5.144,3.411
599.515,5.545,-1.759,7.925,7.530,4.499
599.526,17.482,-1.568,10.810,10.402,6.105
599.537,-27.866,-2.208,13.860,13.488,8.069
599.549,-24.832,-2.531,17.204,16.868,10.524
599.560,7.777,-2.286,20.468,20.114,13.174
599.571,24.440,-1.831,23.680,23.291,16.131
599.583,-0.861,-1.567,26.460,26.058,19.077
599.595,-22.439,-1.317,28.674,28.265,21.856
599.606,12.289,-0.992,30.146,29.716,24.300
599.618,-1.127,-1.550,30.626,30.238,26.225
599.629,-9.332,-2.014,30.280,29.945,27.545
599.641,11.288,-0.651,29.026,28.658,28.150
599.653,-5.672,-1.466,26.967,26.666,28.010
599.664,-17.557,-1.361,24.441,24.144,27.176
599.675,11.755,-1.103,21.423,21.125,25.711
599.685,3.486,-1.089,18.236,17.944,23.787
599.697,16.327,-0.539,14.325,13.999,20.991
599.707,0.904,-0.623,10.923,10.618,18.218
599.719,35.566,0.608,7.165,6.824,14.716
599.729,-10.197,0.169,4.170,3.835,11.746
599.740,-4.591,-0.100,1.367,1.050,8.793
599.750,-10.525,-0.131,-1.085,-1.386,5.972
599.760,-40.415,-0.477,-3.222,-3.491,3.338
599.771,-4.904,0.341,-4.959,-5.278,0.933
599.781,13.529,1.087,-6.297,-6.664,-1.169
599.791,-8.645,1.097,-7.375,-7.734,-3.001
599.801,15.635,2.125,-8.017,-8.418,-4.509
599.811,3.853,2.334,-8.304,-8.714,-5.681
599.822,28.106,3.369,-8.289,-8.752,-6.515
599.832,-8.188,2.894,-8.053,-8.482,-7.039
599.842,-2.568,3.133,-7.471,-7.922,-7.250
599.853,0.241,3.291,-6.768,-7.237,-7.199
599.863,-2.030,3.642,-5.972,-6.444,-6.917
599.873,36.413,5.120,-5.148,-5.662,-6.476
599.883,5.170,4.401,-4.346,-4.811,-5.898
599.894,-22.679,2.651,-3.627,-3.996,-5.244
599.904,11.583,3.767,-2.776,-3.221,-4.553
599.914,36.215,4.269,-1.899,-2.384,-3.812
599.925,6.495,4.163,-1.138,-1.616,-3.039
599.935,-4.678,3.764,-0.520,-0.962,-2.305
599.945,12.277,3.820,0.173,-0.264,-1.583
599.957,-13.818,4.148,0.960,0.512,-0.753
599.968,1.490,4.931,1.565,1.064,-0.071
599.979,-3.801,5.107,2.140,1.620,0.597
599.990,-13.947,4.841,2.681,2.174,1.261
600.002,-6.147,4.588,3.048,2.554,1.854
600.013,5.808,4.144,3.194,2.743,2.323
600.025,7.857,4.104,2.956,2.515,2.607
600.036,21.777,4.434,2.263,1.800,2.632
600.048,17.024,4.064,0.929,0.480,2.307
600.059,-34.114,2.771,-1.149,-1.546,1.494
600.071,2.438,2.095,-3.829,-4.145,0.172
600.082,0.897,1.911,-6.951,-7.246,-1.658
600.094,-4.835,2.133,-10.479,-10.776,-3.977
600.106,-28.465,1.232,-14.512,-14.772,-6.824
600.117,-33.388,-0.119,-18.660,-18.909,-10.054
600.129,-9.156,-1.502,-22.942,-23.093,-13.600
600.141,8.114,-1.102,-26.843,-27.018,-17.298
600.153,6.737,-0.956,-30.366,-30.571,-21.026
600.164,-4.850,-0.537,-33.278,-33.505,-24.551
600.176,24.428,0.509,-35.318,-35.601,-27.693
600.187,-0.294,0.989,-36.499,-36.807,-30.329
600.199,4.621,1.832,-36.663,-37.022,-32.300
600.210,-8.723,1.715,-35.882,-36.235,-33.509
600.222,21.356,2.893,-34.247,-34.681,-33.924
600.233,2.436,2.453,-31.903,-32.323,-33.538
600.245,-13.332,2.398,-28.971,-29.388,-32.398
600.257,7.241,2.414,-25.625,-26.033,-30.612
600.269,-23.127,1.809,-22.076,-22.443,-28.284
600.280,-25.025,1.431,-18.489,-18.823,-25.566
600.291,6.328,1.518,-14.839,-15.175,-22.577
600.303,39.495,2.051,-11.215,-11.575,-19.386
600.313,-4.009,0.221,-8.152,-8.391,-16.395
600.323,-24.087,-0.546,-5.243,-5.408,-13.390
600.334,-11.271,-0.440,-2.391,-2.553,-10.418
600.344,-4.524,-0.814,0.157,0.013,-7.568
600.354,-10.817,-0.968,2.502,2.362,-4.851
600.365,21.490,-0.520,4.554,4.363,-2.296
600.375,18.837,-0.192,6.180,5.965,-0.018
600.385,-20.153,-0.696,7.434,7.247,1.970
600.395,-33.679,-0.936,8.293,8.149,3.667
600.406,-8.773,-0.212,8.824,8.662,5.040
600.416,1.829,0.201,9.140,8.959,6.109
600.426,24.778,0.888,9.065,8.838,6.857
600.436,17.803,0.349,8.727,8.527,7.296
600.447,15.328,0.116,8.056,7.890,7.420
600.457,8.917,-0.073,7.185,7.031,7.241
600.467,-2.267,-0.341,6.183,6.047,6.826
600.477,-13.920,-1.206,5.019,4.926,6.198
600.488,0.915,-0.222,3.911,3.779,5.406
600.498,19.492,1.255,2.833,2.636,4.505
600.508,17.866,1.579,1.799,1.580,3.560
600.519,19.056,2.096,0.895,0.637,2.604
600.529,33.864,2.746,0.045,-0.260,1.672
600.539,34.214,3.163,-0.820,-1.124,0.761
600.549,-32.345,0.416,-1.724,-1.861,-0.120
600.560,-39.568,-0.169,-2.388,-2.494,-0.945
600.571,-19.816,-0.276,-2.941,-3.082,-1.738
600.582,-10.509,0.131,-3.342,-3.550,-2.473
600.594,-14.921,0.163,-3.631,-3.855,-3.084
600.605,-10.486,0.349,-3.652,-3.891,-3.541
600.617,0.002,0.077,-3.367,-3.588,-3.808
600.629,13.155,-0.072,-2.576,-2.819,-3.805
600.640,-4.131,-0.451,-1.263,-1.503,-3.449
600.652,3.017,0.304,0.587,0.298,-2.684
600.663,-3.383,0.318,3.061,2.770,-1.440
600.675,-14.480,0.383,6.005,5.710,0.295
600.687,-4.790,0.311,9.283,8.997,2.468
600.698,14.168,0.837,12.832,12.521,5.058
600.710,13.621,1.684,16.511,16.150,7.994
600.722,-31.776,1.969,20.147,19.784,11.181
600.733,-38.388,1.338,23.490,23.158,14.475
600.745,-21.211,0.533,26.334,26.039,17.681
600.757,12.738,0.205,28.613,28.340,20.650
600.768,-3.177,-0.284,30.089,29.833,23.231
600.780,7.653,-0.407,30.716,30.479,25.317
600.792,-22.923,-0.165,30.442,30.233,26.742
600.803,25.702,-0.058,29.248,29.061,27.452
600.815,-40.319,-0.859,27.237,27.101,27.388
600.826,15.761,-0.240,24.739,24.572,26.615
600.836,40.445,0.119,21.932,21.728,25.263
600.847,20.579,1.225,18.914,18.654,23.412
600.857,-15.559,0.708,15.642,15.421,21.140
600.867,-4.764,1.062,12.371,12.137,18.550
600.877,-2.066,1.367,9.138,8.897,15.775
600.887,16.093,2.519,6.044,5.759,12.907
600.897,4.393,2.580,2.989,2.709,9.973
600.907,2.173,2.863,0.200,-0.084,7.030
600.917,34.809,4.134,-2.208,-2.558,4.241
600.928,1.961,3.495,-4.452,-4.760,1.599
600.938,3.729,3.552,-6.361,-6.667,-0.829
600.950,8.352,3.608,-8.081,-8.384,-3.428
600.960,-10.513,3.528,-9.090,-9.387,-5.223
600.972,15.032,4.192,-9.784,-10.113,-6.933
600.984,14.957,4.394,-9.963,-10.278,-8.130
600.994,6.378,4.608,-9.890,-10.205,-8.772
601.004,16.730,4.658,-9.540,-9.855,-9.138
601.016,6.394,4.151,-8.831,-9.119,-9.203
601.026,-0.375,3.749,-8.123,-8.379,-9.000
601.036,-4.939,3.081,-7.239,-7.450,-8.593
601.046,-24.840,1.915,-6.319,-6.464,-8.024
601.057,6.208,2.529,-5.240,-5.426,-7.314
601.067,32.304,2.883,-4.313,-4.518,-6.524
601.077,16.664,3.108,-3.371,-3.579,-5.651
601.089,17.842,3.650,-2.338,-2.588,-4.703
601.100,21.988,4.493,-1.449,-1.718,-3.734
601.111,-5.248,4.444,-0.686,-0.909,-2.784
601.123,-31.099,4.989,-0.211,-0.394,-1.927
601.135,-22.746,4.940,-0.059,-0.186,-1.236
601.146,19.930,4.665,-0.302,-0.417,-0.778
601.158,-2.248,3.645,-1.116,-1.168,-0.649
601.169,-24.832,2.326,-2.748,-2.743,-0.981
601.181,7.343,1.818,-4.911,-4.873,-1.842
601.193,-8.159,2.628,-7.654,-7.613,-3.221
601.204,15.142,3.282,-10.957,-10.944,-5.133
601.216,-4.964,3.113,-14.731,-14.704,-7.602
601.228,30.129,2.581,-18.800,-18.699,-10.540
601.239,34.933,2.484,-22.936,-22.827,-13.864
601.251,16.586,2.700,-26.907,-26.805,-17.423
601.263,8.053,2.420,-30.674,-30.546,-21.071
601.274,-5.883,2.319,-33.950,-33.812,-24.651
601.286,16.125,2.957,-36.539,-36.431,-27.980
601.298,33.482,3.316,-38.422,-38.332,-30.957
601.310,-28.221,3.027,-39.575,-39.424,-33.477
601.321,17.080,2.955,-39.649,-39.470,-35.285
601.333,-15.339,2.928,-38.983,-38.788,-36.384
601.344,26.803,3.157,-37.451,-37.251,-36.730
601.356,-32.475,2.360,-35.264,-34.986,-36.347
601.368,-5.989,1.965,-32.510,-32.215,-35.269
601.378,8.793,2.052,-29.573,-29.278,-33.666
601.388,1.965,1.860,-26.554,-26.244,-31.684
601.398,23.561,2.136,-23.393,-23.095,-29.369
601.411,-13.557,1.483,-19.466,-19.128,-26.169
601.421,-33.294,0.748,-16.206,-15.830,-23.305
601.431,19.649,2.375,-12.796,-12.509,-20.280
601.441,21.100,2.485,-9.493,-9.220,-17.145
601.451,31.601,3.102,-6.161,-5.945,-13.995
601.461,0.917,1.986,-3.124,-2.866,-10.838
601.471,-17.996,0.945,-0.307,-0.000,-7.765
601.483,-6.149,0.274,2.826,3.160,-4.204
601.495,-21.841,-1.068,5.565,5.952,-0.888
601.505,-31.889,-1.623,7.429,7.858,1.598
601.515,28.676,-0.710,8.908,9.307,3.822
601.525,-13.932,-1.294,9.994,10.418,5.731
601.537,-24.268,-2.575,10.863,11.369,7.615
601.547,16.014,-1.909,11.088,11.576,8.780
601.558,11.203,-0.559,11.076,11.493,9.591
601.568,4.969,-0.552,10.792,11.205,10.091
601.580,20.391,0.033,10.113,10.490,10.280
601.590,5.913,0.371,9.222,9.586,10.113
601.600,37.187,0.713,8.164,8.508,9.673
601.610,38.625,0.678,6.972,7.294,9.003
601.620,-34.999,-1.713,5.635,6.078,8.154
601.630,-35.042,-1.955,4.436,4.887,7.180
601.640,41.155,-0.918,3.388,3.755,6.161
601.652,-10.441,-0.452,2.040,2.349,4.867
601.662,7.265,-0.288,0.966,1.259,3.781
601.672,-9.367,-0.615,-0.005,0.303,2.717
601.683,5.613,0.004,-0.856,-0.574,1.701
601.693,13.978,0.326,-1.735,-1.443,0.702
601.705,16.964,0.702,-2.491,-2.220,-0.289
601.716,9.013,0.786,-3.146,-2.876,-1.202
601.728,2.871,0.244,-3.608,-3.308,-1.991
601.739,24.155,-0.198,-3.732,-3.414,-2.617
601.751,16.613,-0.073,-3.399,-3.084,-2.993
601.763,10.358,0.787,-2.420,-2.162,-3.000
601.774,17.152,1.151,-0.901,-0.677,-2.583
601.785,-9.624,0.835,1.210,1.459,-1.690
601.797,1.607,0.764,3.838,4.090,-0.295
601.809,29.598,0.726,6.945,7.221,1.603
601.820,13.387,-0.025,10.306,10.601,3.956
601.832,-4.985,-0.359,13.750,14.060,6.644
601.844,-3.116,-0.609,17.130,17.452,9.593
601.855,-3.833,-0.788,20.167,20.500,12.579
601.867,8.756,-0.711,22.703,23.034,15.500
601.878,15.391,-1.008,24.531,24.908,18.164
601.890,-25.756,-1.490,25.599,26.016,20.410
601.902,4.365,-0.810,25.903,26.293,22.149
601.912,-6.883,-1.458,25.368,25.814,23.145
601.922,12.904,-1.299,24.309,24.745,23.517
601.933,-22.270,-1.407,22.681,23.125,23.324
601.943,6.767,-0.891,20.511,20.948,22.569
601.953,-22.314,-1.648,18.010,18.486,21.308
601.963,22.592,-0.818,15.340,15.759,19.619
601.974,-15.597,-2.361,12.256,12.811,17.530
601.984,-25.257,-2.514,9.266,9.870,15.193
601.994,23.714,-1.170,6.399,6.934,12.664
602.005,5.576,-1.850,3.539,4.107,10.036
602.015,-52.354,-2.935,0.957,1.542,7.400
602.025,-30.393,-3.509,-1.385,-0.811,4.809
602.036,22.574,-0.968,-3.344,-2.921,2.367
602.046,24.571,0.213,-5.125,-4.743,0.139
602.056,-11.896,-0.672,-6.591,-6.179,-1.883
602.066,-1.840,-0.565,-7.674,-7.304,-3.667
602.076,-11.590,-0.366,-8.339,-7.987,-5.153
602.086,-0.500,0.373,-8.690,-8.387,-6.323
602.097,24.512,1.975,-8.605,-8.371,-7.175
602.107,19.817,2.354,-8.380,-8.153,-7.694
602.117,1.997,1.953,-7.851,-7.600,-7.913
602.127,-35.515,0.257,-7.162,-6.853,-7.842
602.138,-24.287,0.285,-6.177,-5.887,-7.529
602.148,31.326,2.073,-5.050,-4.856,-6.982
602.158,7.479,2.330,-4.011,-3.829,-6.271
602.168,9.188,2.235,-3.038,-2.833,-5.464
602.178,5.260,2.005,-2.000,-1.770,-4.569
602.190,8.262,2.224,-0.847,-0.620,-3.524
602.201,0.805,2.081,0.091,0.334,-2.485
602.213,8.178,2.344,0.924,1.162,-1.476
602.224,36.980,2.818,1.405,1.593,-0.587
602.236,11.774,2.268,1.225,1.471,0.007
602.247,-7.426,1.616,0.390,0.697,0.243
602.259,28.093,2.132,-1.058,-0.781,0.031
602.270,8.404,2.021,-3.086,-2.799,-0.670
602.281,-25.973,1.503,-5.739,-5.439,-1.947
602.293,24.424,2.113,-8.936,-8.670,-3.797
602.304,26.691,2.559,-12.628,-12.377,-6.189
602.316,3.786,2.843,-16.590,-16.347,-9.055
602.327,-16.209,2.583,-20.564,-20.307,-12.240
602.339,-15.876,2.591,-24.389,-24.132,-15.655
602.350,9.054,2.764,-28.000,-27.750,-19.166
602.362,27.758,3.140,-31.212,-30.974,-22.554
602.373,16.440,3.024,-33.803,-33.567,-25.757
602.385,9.128,3.477,-35.856,-35.644,-28.736
602.396,25.715,3.717,-37.124,-36.926,-31.240
602.408,-6.066,3.018,-37.654,-37.405,-33.215
602.419,-18.316,2.687,-37.423,-37.154,-34.553
602.431,9.961,2.563,-36.349,-36.067,-35.219
602.443,-15.003,2.049,-34.613,-34.296,-35.184
602.454,7.822,2.388,-32.261,-31.953,-34.479
602.466,12.599,2.021,-29.400,-29.039,-33.123
602.476,1.194,1.886,-26.247,-25.879,-31.286
602.486,-8.536,1.446,-23.164,-22.763,-29.145
602.497,33.790,2.753,-19.757,-19.432,-26.628
602.507,28.939,3.439,-16.385,-16.127,-23.859
602.517,23.051,3.109,-13.005,-12.718,-20.889
602.527,-12.919,1.214,-9.759,-9.330,-17.794
602.537,-48.281,-0.311,-6.525,-5.997,-14.615
602.547,13.514,0.345,-3.321,-2.827,-11.433
602.557,36.636,1.823,-0.199,0.194,-8.251
602.567,-23.510,0.313,2.430,2.911,-5.189
602.577,-28.796,0.307,4.914,5.396,-2.237
602.587,3.458,0.447,7.047,7.539,0.514
602.598,-12.462,0.469,8.758,9.240,2.979
602.608,-14.613,0.692,10.070,10.552,5.125
602.618,19.360,1.557,10.977,11.430,6.952
602.629,5.560,1.196,11.449,11.930,8.394
602.639,10.566,0.632,11.551,12.062,9.444
602.649,32.046,0.564,11.326,11.836,10.134
602.659,16.971,-0.069,10.774,11.346,10.476
602.670,-28.823,-1.727,9.892,10.580,10.481
602.680,10.881,-0.475,8.949,9.592,10.194
602.690,1.285,-0.399,7.948,8.584,9.692
602.701,-15.444,-0.721,6.853,7.497,9.020
602.711,-18.079,-0.595,5.719,6.364,8.211
602.721,10.199,-0.059,4.487,5.112,7.277
602.731,2.741,0.218,3.261,3.862,6.252
602.742,-18.350,-0.383,2.050,2.680,5.174
602.752,-7.102,-0.436,0.912,1.533,4.081
602.762,-41.043,-1.422,-0.116,0.569,3.002
602.773,22.075,0.396,-0.957,-0.355,1.981
602.783,7.464,0.359,-1.808,-1.218,1.017
602.793,4.468,-0.051,-2.569,-1.963,0.107
602.803,-28.787,-1.463,-3.231,-2.536,-0.707
602.814,-39.989,-1.826,-3.755,-3.031,-1.446
602.824,20.977,-0.500,-3.973,-3.348,-2.061
602.834,17.396,0.092,-4.146,-3.562,-2.547
602.844,33.783,0.466,-4.244,-3.669,-2.929
602.855,-17.195,-1.155,-4.192,-3.544,-3.181
602.865,-29.450,-2.909,-3.937,-3.242,-3.298
602.875,-23.818,-2.410,-3.445,-2.819,-3.251
602.887,-45.753,-2.252,-2.829,-2.237,-3.022
602.899,-41.613,-2.371,-1.956,-1.438,-2.602
602.910,-22.281,-2.391,-1.087,-0.610,-2.029
602.922,9.125,-2.115,-0.040,0.412,-1.326
602.934,26.313,-0.943,1.004,1.380,-0.498
602.945,16.709,0.074,2.008,2.291,0.380
602.957,-3.399,0.801,3.105,3.321,1.308
602.969,-3.795,1.240,4.134,4.321,2.289
602.981,0.750,1.379,4.927,5.103,3.237
602.992,1.318,1.157,5.538,5.735,4.080
603.004,3.000,0.624,5.727,5.962,4.737
603.016,12.118,0.358,5.726,5.992,5.182
603.027,2.377,0.955,5.465,5.676,5.388
603.039,5.407,1.171,4.981,5.159,5.338
603.051,47.036,1.384,4.277,4.423,5.074
603.062,47.770,0.930,3.435,3.585,4.606
603.074,42.948,0.711,2.452,2.608,3.953
603.086,46.168,0.392,1.505,1.658,3.185
603.098,52.631,0.309,0.717,0.813,2.372
603.109,27.191,-0.793,-0.222,-0.116,1.536
603.121,17.562,-0.978,-1.039,-0.932,0.679
603.133,35.110,-0.062,-1.789,-1.737,-0.140
603.144,36.815,1.361,-2.337,-2.346,-0.886
603.156,27.074,2.364,-2.970,-3.027,-1.584
603.168,-14.795,1.564,-3.354,-3.374,-2.211
603.180,-41.540,0.687,-3.629,-3.591,-2.685
603.191,-45.015,0.106,-3.699,-3.669,-3.020
603.203,-34.994,0.957,-3.417,-3.459,-3.188
603.215,-9.759,1.187,-3.039,-3.102,-3.170
603.226,23.430,0.187,-2.509,-2.514,-2.990
603.238,31.006,0.366,-1.857,-1.900,-2.662
603.250,27.514,0.146,-1.006,-1.047,-2.180
603.262,22.716,0.910,-0.077,-0.141,-1.540
603.273,6.329,1.294,0.937,0.860,-0.773
603.285,-17.772,1.249,2.014,1.954,0.131
603.297,-28.396,0.550,3.076,3.075,1.125
603.309,-18.814,0.461,4.102,4.111,2.155
603.320,-18.053,-0.109,4.997,5.024,3.136
603.332,10.270,-0.191,5.724,5.750,4.088
603.343,-44.582,-3.123,6.031,6.164,4.769
603.353,-45.323,-3.200,6.175,6.310,5.307
603.363,9.444,-1.894,6.205,6.299,5.701
603.373,-6.011,-2.180,5.946,6.053,5.912
603.384,-10.301,-2.197,5.597,5.707,5.957
603.394,-27.023,-3.136,5.008,5.154,5.830
603.405,-46.142,-3.414,4.221,4.376,5.511
603.416,-36.822,-2.977,3.265,3.434,5.011
603.427,-4.300,-2.326,2.301,2.439,4.358
603.439,-14.770,-3.299,1.143,1.359,3.561
603.450,15.142,-3.078,-0.073,0.194,2.635
603.462,16.770,-2.282,-1.089,-0.857,1.670
603.473,11.474,-1.796,-2.027,-1.829,0.705
603.485,27.505,-0.586,-2.759,-2.629,-0.210
603.496,13.673,-0.425,-3.319,-3.186,-1.035
603.508,6.786,0.073,-3.679,-3.563,-1.724
603.519,-0.335,0.357,-3.827,-3.731,-2.271
603.530,-0.088,0.427,-3.680,-3.591,-2.638
603.542,-10.116,0.175,-3.327,-3.223,-2.792
603.553,1.506,0.182,-2.741,-2.641,-2.745
603.565,32.776,0.382,-1.969,-1.864,-2.487
603.577,31.439,0.298,-0.922,-0.827,-2.007
603.589,-1.377,1.258,0.240,0.285,-1.326
603.600,-31.236,1.159,1.358,1.451,-0.508
603.611,-8.261,0.604,2.480,2.607,0.420
603.623,14.822,0.700,3.609,3.727,1.408
603.634,26.773,1.387,4.561,4.636,2.400
603.646,37.057,1.934,5.286,5.337,3.334
603.657,21.147,2.054,5.824,5.885,4.166
603.669,-19.440,1.511,6.021,6.118,4.848
603.680,8.083,1.956,5.971,6.057,5.325
603.691,-28.978,1.196,5.627,5.716,5.574
603.703,-17.831,0.927,4.971,5.074,5.573
603.714,14.880,1.018,4.152,4.271,5.332
603.726,-0.803,0.618,3.139,3.299,4.868
603.737,10.164,0.833,2.006,2.167,4.210
603.749,-14.428,0.423,0.834,1.018,3.398
603.760,-23.200,0.233,-0.310,-0.089,2.479
603.772,-18.832,0.190,-1.342,-1.091,1.522
603.783,-0.287,0.232,-2.215,-1.971,0.585
603.793,-19.303,-0.706,-2.914,-2.624,-0.223
603.804,-6.588,-0.544,-3.383,-3.103,-0.952
603.814,-10.523,-1.170,-3.674,-3.366,-1.551
603.824,-26.721,-1.408,-3.773,-3.468,-2.022
603.834,-24.548,-2.184,-3.697,-3.357,-2.341
603.845,25.249,-0.594,-3.323,-3.088,-2.487
603.855,14.488,-0.354,-2.942,-2.727,-2.476
603.865,22.700,0.053,-2.477,-2.272,-2.327
603.875,-13.168,-1.473,-1.956,-1.683,-2.054
603.885,-31.749,-3.568,-1.337,-0.985,-1.677
603.895,-35.850,-3.897,-0.544,-0.180,-1.169
603.906,-14.480,-3.885,0.265,0.612,-0.575
603.916,1.161,-3.399,1.136,1.441,0.087
603.926,-11.941,-3.521,1.910,2.212,0.791
603.936,11.356,-2.298,2.733,2.922,1.499
603.947,30.286,-1.482,3.393,3.540,2.203
603.957,-0.229,-1.021,3.905,4.029,2.858
603.967,23.192,0.113,4.330,4.392,3.434
603.977,2.899,-0.013,4.609,4.689,3.930
603.988,13.979,0.161,4.751,4.802,4.336
603.998,-0.714,0.393,4.712,4.753,4.612
604.008,7.301,0.392,4.502,4.549,4.751
604.019,-18.385,0.027,4.153,4.227,4.760
604.029,-7.635,0.004,3.641,3.716,4.628
604.039,-3.353,0.095,3.048,3.116,4.363
604.049,-20.263,-0.117,2.420,2.508,3.995
604.059,-4.086,-0.000,1.769,1.870,3.538
604.069,-22.089,-0.099,1.054,1.169,3.012
604.080,12.722,0.373,0.397,0.492,2.429
604.090,-3.308,0.849,-0.196,-0.129,1.834
604.100,-10.484,0.737,-0.726,-0.647,1.252
604.112,-15.629,0.239,-1.315,-1.183,0.621
604.123,33.641,1.235,-1.674,-1.611,0.047
604.135,32.942,2.001,-2.081,-2.038,-0.477
604.146,12.908,1.844,-2.365,-2.318,-0.873
604.156,-4.195,1.142,-2.528,-2.454,-1.203
604.166,8.737,0.927,-2.610,-2.512,-1.458
604.176,17.753,0.800,-2.611,-2.518,-1.653
604.187,17.922,0.283,-2.604,-2.484,-1.782
604.197,-7.048,-0.518,-2.574,-2.433,-1.861
604.207,-15.709,-1.685,-2.463,-2.263,-1.885
604.217,-40.817,-2.491,-2.227,-2.003,-1.836
604.228,-21.971,-2.204,-1.830,-1.645,-1.704
604.238,-8.833,-0.877,-1.402,-1.256,-1.485
604.248,16.863,0.196,-0.874,-0.768,-1.184
604.258,13.622,0.310,-0.345,-0.234,-0.814
604.269,-10.697,-0.349,0.163,0.319,-0.381
604.279,-1.713,-0.397,0.736,0.900,0.092
604.289,20.653,0.382,1.359,1.494,0.606
604.300,-13.603,-0.798,1.864,2.114,1.146
604.310,1.255,-0.948,2.445,2.709,1.704
604.320,-17.689,-1.658,2.932,3.234,2.255
604.330,-19.226,-1.830,3.392,3.712,2.783
604.340,4.357,-1.078,3.719,4.009,3.260
604.350,8.485,-1.080,3.962,4.243,3.661
604.361,22.441,0.270,4.077,4.287,3.988
604.371,12.940,-0.090,3.971,4.203,4.220
604.382,24.109,0.516,3.747,3.937,4.323
604.394,-7.933,0.966,3.384,3.558,4.292
604.405,-31.631,0.210,2.785,2.970,4.108
604.417,-35.684,-0.995,2.152,2.387,3.793
604.429,-27.173,-1.859,1.317,1.614,3.339
604.440,-9.210,-1.804,0.540,0.831,2.773
604.452,11.790,-1.599,-0.275,0.004,2.125
604.463,25.867,-0.945,-1.111,-0.847,1.420
604.475,37.235,-0.044,-1.812,-1.587,0.709
604.486,12.462,0.854,-2.384,-2.214,0.017
604.498,-13.160,0.631,-2.811,-2.634,-0.607
604.510,-22.057,0.544,-3.098,-2.912,-1.144
604.521,-23.971,-0.098,-3.223,-3.002,-1.561
604.533,-1.036,-0.596,-3.045,-2.785,-1.806
604.545,8.736,-0.878,-2.688,-2.383,-1.865
604.556,7.848,-1.187,-2.069,-1.739,-1.747
604.568,24.367,-0.848,-1.229,-0.898,-1.422
604.580,27.814,-0.797,-0.185,0.223,-0.866
604.591,27.883,-0.736,1.114,1.564,-0.090
604.603,35.095,-0.308,2.510,2.953,0.865
604.614,49.121,-0.361,3.964,4.396,1.974
604.626,52.771,-0.448,5.422,5.827,3.191
604.638,50.492,1.069,7.052,7.327,4.496
604.649,5.047,0.835,8.434,8.714,5.848
604.661,-3.051,0.728,9.742,10.039,7.193
604.672,37.815,0.918,11.126,11.409,8.570
604.684,31.344,0.631,12.347,12.668,9.892
604.696,10.964,-0.595,13.288,13.695,11.146
604.707,1.629,-1.736,14.194,14.665,12.321
604.719,-26.027,-1.917,14.962,15.422,13.367
604.731,-12.745,-2.012,15.549,16.002,14.286
604.742,9.567,-1.841,15.817,16.256,15.019
604.754,-1.909,-1.724,15.904,16.338,15.562
604.765,-8.231,-1.847,15.654,16.094,15.895
604.777,-7.538,-2.011,15.134,15.580,15.986
604.789,6.094,-2.260,14.395,14.859,15.831
604.800,13.802,-1.993,13.579,14.040,15.477
604.812,0.123,-2.125,12.589,13.058,14.941
604.824,-19.495,-1.407,11.633,12.092,14.278
604.835,-0.884,-0.715,10.626,11.051,13.523
604.847,2.101,-0.598,9.448,9.875,12.645
604.858,-1.037,-0.410,8.276,8.689,11.689
604.869,-19.991,-0.809,6.953,7.374,10.634
604.880,-31.273,-1.566,5.589,6.020,9.483
604.890,-32.748,-2.018,4.324,4.758,8.334
604.900,-3.212,-0.778,3.027,3.421,7.135
604.912,-10.915,-0.330,1.502,1.871,5.705
604.924,-8.305,-0.528,-0.003,0.383,4.231
604.936,-4.574,-0.854,-1.419,-1.010,2.782
604.948,22.075,-1.182,-2.623,-2.219,1.378
604.960,27.996,-1.440,-3.760,-3.384,0.045
604.972,-0.878,-1.273,-4.525,-4.169,-1.114
604.983,3.485,-0.849,-5.177,-4.845,-2.097
604.995,22.880,-0.133,-5.475,-5.174,-2.879
605.007,27.369,-0.075,-5.473,-5.189,-3.411
605.018,11.890,-0.401,-5.098,-4.821,-3.669
605.030,4.843,-0.987,-4.550,-4.266,-3.648
605.042,8.932,-1.057,-3.761,-3.482,-3.395
605.053,10.119,-1.302,-2.773,-2.484,-2.895
605.065,-8.876,-1.502,-1.607,-1.316,-2.157
605.075,-0.184,-0.928,-0.578,-0.318,-1.387
605.086,6.515,-0.993,0.427,0.682,-0.536
605.097,-16.636,-1.636,1.533,1.808,0.483
605.109,-31.984,-2.216,2.590,2.872,1.530
605.121,-35.823,-3.505,3.520,3.840,2.562
605.132,-17.922,-4.403,4.291,4.629,3.519
605.144,3.361,-4.508,4.796,5.129,4.334
605.156,11.671,-4.838,5.043,5.386,4.948
605.168,-11.454,-5.087,5.143,5.494,5.389
605.178,-21.455,-5.012,5.117,5.457,5.641
605.190,-8.179,-4.434,4.869,5.185,5.768
605.201,25.681,-3.608,4.535,4.775,5.710
605.213,33.990,-3.372,3.917,4.121,5.456
605.225,13.949,-3.567,3.113,3.297,4.993
605.236,5.228,-3.365,2.194,2.346,4.356
605.248,20.711,-2.697,1.350,1.442,3.622
605.260,42.851,-1.449,0.515,0.531,2.834
605.271,44.332,-0.246,-0.298,-0.374,1.996
605.283,21.306,0.496,-1.050,-1.213,1.143
605.295,-30.364,0.206,-1.749,-1.913,0.345
605.307,-42.710,-0.907,-2.347,-2.483,-0.384
605.318,-33.096,-1.641,-2.775,-2.889,-1.015
605.330,-0.941,-2.208,-3.116,-3.212,-1.560
605.342,14.066,-1.463,-3.129,-3.260,-1.974
605.353,8.226,-1.188,-3.014,-3.156,-2.210
605.365,9.467,-1.167,-2.740,-2.881,-2.268
605.377,33.936,-0.562,-2.459,-2.634,-2.205
605.389,34.548,-0.058,-1.986,-2.205,-2.036
605.399,16.224,0.244,-1.472,-1.702,-1.784
605.410,-29.051,-0.999,-0.896,-1.064,-1.423
605.421,-44.799,-1.860,-0.189,-0.320,-0.948
605.432,-45.538,-2.278,0.639,0.503,-0.378
605.443,-32.843,-2.259,1.472,1.293,0.253
605.454,0.430,-1.843,2.360,2.135,0.954
605.465,22.982,-1.386,3.244,2.989,1.707
605.476,32.996,-1.186,4.167,3.896,2.497
605.487,37.085,-1.194,5.081,4.803,3.331
605.498,36.701,-1.394,6.020,5.736,4.190
605.509,36.503,-1.714,6.955,6.669,5.084
605.520,34.811,-2.183,7.829,7.538,5.959
605.531,31.198,-2.728,8.766,8.470,6.840
605.542,26.246,-3.155,9.787,9.468,7.739
605.553,14.320,-3.511,10.894,10.557,8.681
605.564,10.749,-3.512,12.050,11.689,9.673
605.575,13.218,-3.108,13.366,12.970,10.741
605.586,26.155,-2.566,14.723,14.288,11.885
605.597,33.991,-1.366,16.109,15.610,13.095
605.608,30.246,-1.242,17.539,17.014,14.360
605.619,16.972,-1.370,18.874,18.344,15.649
605.630,0.862,-1.629,20.083,19.569,16.930
605.642,-3.362,-1.644,21.045,20.529,18.130
605.653,17.732,-1.042,21.679,21.128,19.213
605.664,46.966,-0.298,21.890,21.289,20.062
605.675,2.532,-0.576,21.560,20.967,20.584
605.686,-39.157,-1.192,20.604,20.059,20.719
605.697,28.364,-0.009,19.281,18.679,20.433
605.709,-17.117,-0.509,17.239,16.677,19.555
605.720,2.668,-0.660,14.575,14.037,18.081
605.732,4.288,-0.544,11.803,11.270,16.139
605.744,-31.544,-0.816,8.619,8.121,13.779
605.755,-33.858,-0.802,5.432,4.975,11.113
605.767,-23.730,-0.659,2.440,1.991,8.316
605.779,8.843,0.144,-0.177,-0.679,5.520
605.791,30.046,1.215,-2.540,-3.074,2.815
605.802,27.927,1.747,-4.455,-4.990,0.356
605.814,-13.631,1.186,-6.101,-6.593,-1.836
605.826,-8.743,1.199,-7.174,-7.669,-3.665
605.837,24.794,1.765,-7.771,-8.265,-5.072
605.849,15.096,1.332,-7.960,-8.400,-6.081
605.860,-23.288,1.337,-7.828,-8.251,-6.688
605.872,-12.374,1.647,-7.227,-7.665,-6.902
605.884,0.509,1.942,-6.375,-6.831,-6.748
605.895,10.668,2.707,-5.351,-5.835,-6.290
605.907,-0.647,2.568,-4.338,-4.808,-5.626
605.919,14.966,1.962,-3.119,-3.561,-4.777
605.931,38.370,1.245,-1.932,-2.339,-3.762
605.941,0.594,-0.142,-1.133,-1.466,-2.907
605.951,-22.807,-1.957,-0.395,-0.643,-2.072
605.963,-3.677,-1.583,0.524,0.245,-1.115
605.974,12.830,-1.529,1.354,1.066,-0.228
605.986,18.363,-1.860,2.100,1.822,0.611
605.998,33.975,-1.559,2.906,2.587,1.441
606.010,25.167,-0.606,3.549,3.158,2.215
606.021,10.655,0.366,3.973,3.520,2.855
606.033,11.546,1.185,4.298,3.792,3.385
606.045,7.052,2.031,4.488,3.914,3.788
606.056,-25.297,2.081,4.409,3.861,4.036
606.068,-1.511,1.859,4.099,3.593,4.114
606.080,26.822,1.634,3.792,3.290,4.046
606.091,18.331,1.580,3.317,2.816,3.841
606.103,26.113,1.960,2.666,2.140,3.481
606.115,49.553,2.882,1.950,1.363,2.974
606.126,51.686,4.591,1.160,0.526,2.358
606.138,46.148,6.387,0.387,-0.299,1.678
606.150,39.679,7.974,-0.403,-1.164,0.938
606.161,15.939,7.877,-1.272,-2.023,0.169
606.173,-26.284,6.458,-2.164,-2.826,-0.630
606.185,-22.757,5.799,-2.801,-3.408,-1.390
606.196,7.321,5.641,-3.410,-4.001,-2.089
606.208,18.297,4.968,-3.996,-4.492,-2.734
606.220,7.366,4.282,-4.437,-4.852,-3.305
606.231,2.726,3.841,-4.474,-4.858,-3.703
606.243,-7.419,2.183,-4.379,-4.674,-3.927
606.255,16.228,0.706,-4.114,-4.361,-3.982
606.266,9.002,0.661,-3.513,-3.770,-3.841
606.277,-19.572,0.792,-2.979,-3.200,-3.511
606.289,-28.479,0.498,-2.245,-2.419,-3.029
606.300,11.538,1.107,-1.408,-1.605,-2.503
606.310,19.703,1.605,-0.511,-0.735,-1.871
606.320,-24.962,-0.173,0.205,0.063,-1.174
606.330,-35.238,-0.874,0.931,0.820,-0.474
606.341,-36.139,-1.506,1.742,1.625,0.258
606.351,28.369,0.690,2.585,2.321,0.988
606.361,55.941,2.959,3.263,2.876,1.699
606.371,53.783,3.408,3.763,3.325,2.344
606.382,27.711,2.980,4.070,3.656,2.901
606.392,-31.887,0.003,4.182,3.916,3.351
606.402,-32.401,-0.557,4.233,3.980,3.691
606.413,-3.773,0.023,4.162,3.860,3.900
606.423,39.427,1.704,3.958,3.561,3.977
606.433,6.936,0.356,3.407,3.082,3.903
606.444,-35.250,-0.882,2.786,2.500,3.675
606.454,-41.982,-2.611,1.900,1.736,3.276
606.464,-20.376,-2.047,1.044,0.879,2.734
606.475,-25.291,-1.744,0.201,0.028,2.094
606.485,26.014,-0.683,-0.648,-0.876,1.366
606.495,4.124,-0.032,-1.359,-1.639,0.618
606.505,5.051,0.575,-1.944,-2.260,-0.107
606.516,26.770,1.026,-2.515,-2.873,-0.805
606.526,-3.045,0.663,-3.009,-3.355,-1.450
606.536,24.799,1.094,-3.260,-3.648,-2.014
606.546,-14.950,0.389,-3.533,-3.892,-2.483
606.556,22.660,0.928,-3.550,-3.968,-2.843
606.566,-8.379,0.510,-3.571,-3.973,-3.094
606.577,7.594,0.563,-3.469,-3.881,-3.250
606.587,0.615,0.157,-3.248,-3.647,-3.301
606.597,-23.180,-0.852,-2.924,-3.270,-3.240
606.607,1.978,0.045,-2.339,-2.746,-3.055
606.618,14.630,0.729,-1.690,-2.137,-2.738
606.628,-6.132,0.409,-1.023,-1.461,-2.317
606.638,-27.984,-0.459,-0.372,-0.763,-1.814
606.648,2.326,0.737,0.455,0.015,-1.232
606.660,0.365,0.753,1.302,0.882,-0.527
606.671,-4.370,0.251,2.210,1.808,0.284
606.683,4.356,-1.930,2.881,2.574,1.079
606.695,11.349,-3.639,3.344,3.123,1.797
606.706,0.822,-3.331,3.838,3.586,2.413
606.718,-16.149,-2.566,4.089,3.799,2.922
606.730,-24.855,-3.073,4.113,3.855,3.288
606.741,-25.920,-4.914,3.937,3.785,3.502
606.753,-23.398,-6.813,3.643,3.629,3.573
606.765,14.224,-6.917,3.021,3.057,3.437
606.776,7.101,-6.712,2.363,2.419,3.102
606.788,-2.875,-5.568,1.680,1.644,2.628
606.800,-21.712,-3.660,0.823,0.648,2.007
606.811,-38.165,-1.664,-0.040,-0.321,1.265
606.823,-42.244,-0.681,-0.954,-1.270,0.448
606.835,-28.699,-1.110,-1.938,-2.198,-0.420
606.846,13.248,-2.283,-2.890,-3.118,-1.319
606.858,41.674,-2.920,-3.701,-3.944,-2.222
606.870,38.879,-2.374,-4.361,-4.624,-3.061
606.881,21.868,-0.957,-4.692,-5.005,-3.769
606.893,-15.905,-1.090,-4.720,-5.033,-4.253
606.905,-34.445,-1.042,-4.688,-5.041,-4.560
606.917,-26.791,-0.607,-4.332,-4.765,-4.681
606.929,2.256,0.240,-3.804,-4.299,-4.609
606.940,21.149,0.641,-3.174,-3.657,-4.338
606.952,2.932,0.079,-2.464,-2.891,-3.896
606.964,-25.623,-0.270,-1.640,-2.030,-3.309
606.975,-3.744,0.294,-0.702,-1.091,-2.588
606.987,10.273,0.219,0.253,-0.110,-1.787
606.999,-4.450,0.315,1.169,0.800,-0.928
607.010,-27.292,-0.022,1.986,1.666,-0.048
607.022,-17.576,-1.817,2.680,2.452,0.784
607.034,12.845,-2.144,3.281,3.074,1.547
607.046,30.602,0.062,3.755,3.425,2.204
607.057,-24.305,0.814,4.122,3.773,2.773
607.069,-50.544,1.213,4.328,3.978,3.243
607.081,-50.395,2.682,4.408,4.047,3.585
607.092,-48.598,4.298,4.200,3.878,3.775
607.104,-34.265,4.591,3.850,3.573,3.812
607.116,-38.869,3.328,3.266,3.066,3.653
607.127,-22.920,2.503,2.498,2.382,3.298
607.139,-25.626,1.343,1.650,1.611,2.788
607.151,-1.418,1.353,0.729,0.690,2.134
607.162,17.362,1.932,-0.246,-0.331,1.354
607.174,15.610,2.427,-1.206,-1.321,0.481
607.186,7.809,2.215,-2.381,-2.483,-0.488
607.197,5.747,1.543,-3.411,-3.478,-1.488
607.209,16.712,0.794,-4.189,-4.208,-2.435
607.221,33.630,1.164,-4.660,-4.668,-3.264
607.232,38.246,1.576,-5.060,-5.069,-3.939
607.244,13.821,1.342,-5.266,-5.271,-4.471
607.256,-11.906,0.736,-5.180,-5.179,-4.806
607.268,-19.455,0.791,-4.952,-4.969,-4.952
607.279,15.039,1.472,-4.479,-4.542,-4.920
607.291,40.855,2.532,-3.834,-3.921,-4.677
607.302,16.575,1.770,-3.211,-3.234,-4.335
607.313,-0.557,1.082,-2.370,-2.338,-3.833
607.324,26.431,1.812,-1.347,-1.368,-3.182
607.335,47.900,3.001,-0.264,-0.370,-2.410
607.346,4.328,2.649,0.676,0.578,-1.586
607.356,-32.021,2.029,1.592,1.555,-0.718
607.367,11.380,3.177,2.439,2.391,0.167
607.378,20.965,4.021,3.105,3.033,0.998
607.389,20.135,4.710,3.488,3.394,1.697
607.400,24.986,4.112,3.528,3.454,2.239
607.411,-45.382,2.028,2.985,3.057,2.509
607.422,-11.816,2.181,2.180,2.278,2.483
607.433,-27.713,1.654,0.975,1.096,2.138
607.444,-35.483,1.173,-0.473,-0.342,1.472
607.455,38.030,2.477,-2.096,-2.047,0.511
607.466,52.044,3.411,-3.803,-3.831,-0.708
607.477,-11.081,2.417,-5.597,-5.602,-2.095
607.488,3.202,2.257,-7.438,-7.431,-3.628
607.499,11.317,2.002,-9.212,-9.200,-5.247
607.510,4.420,1.315,-10.821,-10.778,-6.882
607.521,-14.897,0.308,-12.167,-12.068,-8.449
607.532,9.804,0.327,-13.142,-13.044,-9.871
607.543,33.929,0.813,-13.655,-13.580,-11.047
607.554,34.540,0.488,-13.703,-13.641,-11.915
607.565,-5.695,-0.281,-13.391,-13.310,-12.464
607.576,-27.635,-0.971,-12.640,-12.533,-12.654
607.587,-29.712,-2.293,-11.550,-11.393,-12.459
607.599,-30.011,-2.273,-9.903,-9.757,-11.794
607.610,-36.587,-1.358,-7.966,-7.845,-10.701
607.622,-31.402,-1.910,-5.891,-5.711,-9.248
607.634,-5.539,-1.035,-3.551,-3.426,-7.473
607.645,-25.870,-1.390,-1.418,-1.309,-5.553
607.657,-28.462,-1.831,0.574,0.711,-3.581
607.669,-0.643,-1.000,2.234,2.327,-1.678
607.680,16.852,-0.373,3.748,3.821,0.085
607.692,5.130,-0.611,4.902,5.000,1.674
607.704,-14.243,-1.095,5.673,5.786,3.012
607.715,-5.205,0.438,6.299,6.350,4.087
607.727,13.160,2.380,6.448,6.393,4.863
607.739,8.763,2.535,6.199,6.146,5.312
607.750,9.981,1.970,5.722,5.723,5.440
607.762,22.908,1.821,4.965,4.992,5.277
607.774,39.283,2.369,4.084,4.131,4.872
607.785,17.562,2.467,3.099,3.199,4.286
607.797,-15.319,2.484,2.073,2.166,3.552
607.809,-7.116,3.130,0.954,1.032,2.681
607.820,-5.199,3.346,-0.106,-0.036,1.744
607.832,-29.734,1.553,-1.175,-1.019,0.762
607.844,-35.710,0.423,-2.195,-1.940,-0.220
607.855,15.622,0.991,-2.906,-2.664,-1.134
607.867,6.019,0.846,-3.590,-3.331,-1.972
607.879,-15.420,0.398,-4.244,-3.968,-2.733
607.890,-15.871,0.066,-4.722,-4.411,-3.415
607.902,9.397,0.407,-4.801,-4.518,-3.928
607.914,-10.588,0.120,-4.939,-4.647,-4.284
607.925,-14.693,0.485,-4.743,-4.461,-4.474
607.937,0.914,0.569,-4.428,-4.142,-4.494
607.949,20.146,0.755,-3.827,-3.556,-4.328
607.960,35.603,2.430,-3.089,-2.885,-3.974
607.972,29.648,4.655,-2.134,-2.032,-3.423
607.984,3.064,5.395,-1.261,-1.192,-2.742
607.995,-19.117,4.644,-0.308,-0.167,-1.957
608.007,-34.090,3.013,0.438,0.714,-1.126
608.019,-30.430,1.572,1.255,1.637,-0.273
608.030,-12.039,0.964,2.046,2.454,0.583
608.042,1.388,1.417,2.721,3.104,1.377
608.054,10.940,2.473,3.297,3.627,2.098
608.065,22.196,3.512,3.682,3.968,2.708
608.077,37.275,4.303,3.843,4.092,3.184
608.089,33.301,4.089,3.971,4.216,3.525
608.100,17.524,3.252,3.843,4.120,3.714
608.112,4.558,2.767,3.353,3.673,3.702
608.124,-9.012,2.125,2.667,3.016,3.476
608.135,-25.986,1.554,2.052,2.424,3.103
608.147,-27.303,1.729,1.151,1.519,2.562
608.159,6.054,2.225,0.091,0.428,1.842
608.170,34.812,2.603,-0.783,-0.462,1.031
608.182,37.320,2.419,-1.785,-1.433,0.148
608.194,39.937,2.030,-2.821,-2.427,-0.765
608.206,37.908,1.639,-3.700,-3.270,-1.666
608.217,16.925,1.003,-4.420,-3.964,-2.518
608.229,-0.165,0.765,-4.869,-4.406,-3.253
608.241,7.341,0.946,-5.051,-4.607,-3.805
608.252,7.631,0.416,-5.199,-4.740,-4.211
608.264,-0.798,0.083,-5.169,-4.701,-4.471
608.275,-7.450,-0.223,-4.919,-4.440,-4.568
608.287,-12.302,-0.744,-4.448,-3.940,-4.471
608.299,-0.919,-1.341,-3.795,-3.245,-4.171
608.310,0.301,-1.762,-3.061,-2.473,-3.710
608.322,8.446,-1.949,-2.167,-1.562,-3.111
608.334,11.940,-1.639,-1.133,-0.539,-2.376
608.345,9.744,-1.281,0.023,0.594,-1.488
608.357,2.641,-1.216,1.075,1.636,-0.518
608.369,-6.711,-1.288,2.038,2.594,0.454
608.380,-3.523,-1.099,2.822,3.358,1.362
608.392,17.048,-1.099,3.553,4.080,2.208
608.404,10.196,-2.140,4.018,4.579,2.952
608.415,0.923,-2.668,4.300,4.874,3.533
608.427,-6.981,-2.973,4.291,4.875,3.934
608.439,3.154,-2.936,3.994,4.575,4.106
608.450,-14.916,-3.039,3.463,4.041,4.048
608.462,-12.498,-2.413,2.743,3.256,3.747
608.474,2.598,-2.005,1.871,2.355,3.245
608.485,-18.007,-2.032,0.941,1.417,2.575
608.497,-9.714,-1.404,-0.024,0.404,1.796
608.508,10.620,-1.497,-0.970,-0.549,0.953
608.520,25.024,-1.672,-1.952,-1.523,0.036
608.532,31.657,-1.935,-2.798,-2.362,-0.886
608.544,21.190,-2.347,-3.492,-3.068,-1.726
608.555,-3.100,-2.241,-4.101,-3.702,-2.494
608.567,-25.920,-2.404,-4.513,-4.104,-3.144
608.579,-18.251,-3.031,-4.863,-4.424,-3.698
608.590,-16.100,-3.371,-4.785,-4.355,-4.067
608.602,-18.560,-3.166,-4.585,-4.170,-4.252
608.614,7.143,-2.341,-4.156,-3.791,-4.240
608.625,25.942,-1.079,-3.512,-3.224,-4.035
608.637,12.022,-0.529,-2.764,-2.526,-3.647
608.649,-29.583,-1.024,-1.829,-1.574,-3.077
608.660,-42.442,-1.267,-0.906,-0.646,-2.370
608.672,-43.143,-1.310,0.168,0.368,-1.559
608.684,-33.012,-1.107,1.272,1.383,-0.674
608.696,-25.136,-1.044,2.247,2.301,0.246
608.707,-13.997,-0.809,3.163,3.191,1.153
608.719,-3.369,-0.510,3.798,3.810,1.991
608.730,21.218,-0.048,4.369,4.344,2.720
608.742,17.448,-0.009,4.553,4.547,3.301
608.754,10.253,-0.332,4.501,4.531,3.685
608.766,1.727,-0.275,4.392,4.425,3.899
608.777,-3.338,0.642,4.081,4.047,3.940
608.789,8.924,2.092,3.691,3.570,3.809
608.801,40.394,4.015,3.161,2.910,3.517
608.812,32.905,5.844,2.435,2.129,3.070
608.824,29.766,7.067,1.464,1.170,2.453
608.836,25.714,7.544,0.618,0.349,1.748
608.847,16.257,7.786,-0.179,-0.433,1.005
608.859,-2.144,7.597,-1.053,-1.292,0.246
608.870,9.456,7.420,-1.686,-1.913,-0.438
608.881,11.831,7.446,-2.382,-2.592,-1.103
608.891,27.979,7.638,-2.861,-3.063,-1.731
608.903,23.989,8.666,-3.316,-3.513,-2.328
608.915,15.487,9.710,-3.551,-3.768,-2.819
608.925,31.259,9.603,-3.700,-3.899,-3.156
608.935,9.836,8.464,-3.799,-3.924,-3.417
608.946,-17.933,6.418,-3.725,-3.755,-3.569
608.956,12.842,6.320,-3.398,-3.401,-3.595
608.966,35.090,6.406,-2.996,-3.001,-3.484
608.977,35.194,6.449,-2.476,-2.483,-3.248
608.987,18.791,5.502,-1.878,-1.846,-2.900
608.999,20.700,4.671,-1.062,-1.005,-2.406
609.010,-14.570,3.798,-0.206,-0.085,-1.776
609.022,-27.056,3.747,0.656,0.835,-1.047
609.034,-37.852,3.145,1.503,1.724,-0.255
609.045,-13.215,2.447,2.214,2.472,0.529
609.057,13.588,2.187,2.775,3.044,1.257
609.068,23.552,1.871,3.047,3.317,1.863
609.080,27.086,1.287,2.984,3.285,2.297
609.091,29.844,0.980,2.609,2.958,2.530
609.103,28.227,0.545,1.993,2.365,2.531
609.115,-6.344,-0.136,1.137,1.545,2.297
609.126,-41.517,-0.806,0.123,0.564,1.818
609.138,-9.760,-0.662,-1.010,-0.573,1.154
609.149,20.865,-0.046,-2.139,-1.724,0.336
609.161,-7.606,-0.539,-3.180,-2.738,-0.568
609.173,-17.931,-0.627,-4.164,-3.709,-1.502
609.184,-4.911,-0.867,-5.012,-4.539,-2.415
609.195,6.737,-0.220,-5.607,-5.176,-3.242
609.207,-3.194,-0.828,-6.017,-5.568,-3.943
609.217,8.538,-0.418,-6.119,-5.693,-4.450
609.227,7.762,-0.207,-6.119,-5.699,-4.817
609.237,14.030,0.191,-5.770,-5.362,-4.993
609.249,0.288,-0.331,-5.189,-4.770,-4.944
609.261,-2.945,-0.922,-4.420,-3.984,-4.653
609.273,1.907,-0.826,-3.419,-3.023,-4.141
609.284,2.487,-0.641,-2.355,-1.972,-3.440
609.296,23.078,-0.383,-1.242,-0.885,-2.603
609.307,20.290,-0.699,-0.199,0.169,-1.677
609.319,15.781,-0.921,0.812,1.191,-0.699
609.331,-5.227,-0.765,1.736,2.100,0.273
609.343,-16.194,-0.288,2.565,2.899,1.205
609.354,0.218,0.248,3.185,3.491,2.034
609.366,21.313,0.713,3.626,3.925,2.738
609.378,30.859,1.489,3.921,4.160,3.302
609.389,5.982,2.849,4.067,4.214,3.712
609.401,-1.901,3.603,4.045,4.129,3.974
609.413,-32.181,3.336,3.700,3.791,4.049
609.424,-26.610,2.631,3.168,3.275,3.927
609.436,-34.898,1.111,2.422,2.549,3.593
609.448,-30.710,-0.574,1.535,1.702,3.073
609.459,-13.082,-0.920,0.670,0.835,2.419
609.471,-12.646,-1.605,-0.162,0.013,1.676
609.483,-16.234,-2.039,-0.972,-0.803,0.901
609.495,-19.456,-1.994,-1.654,-1.491,0.134
609.506,-37.465,-2.148,-2.283,-2.090,-0.591
609.518,-40.284,-1.847,-2.836,-2.597,-1.243
609.529,-8.441,-1.202,-3.242,-3.006,-1.818
609.541,36.795,-0.364,-3.390,-3.220,-2.276
609.553,41.303,-0.780,-3.481,-3.291,-2.620
609.565,18.337,-1.231,-3.499,-3.276,-2.846
609.576,4.114,-1.557,-3.277,-3.036,-2.927
609.588,-16.634,-1.161,-2.858,-2.654,-2.853
609.599,-34.183,-0.800,-2.417,-2.240,-2.641
609.611,-12.150,-0.512,-1.722,-1.566,-2.296
609.623,2.937,0.011,-1.085,-0.947,-1.831
609.633,23.861,0.370,-0.520,-0.380,-1.375
609.643,-30.045,-1.538,-0.102,0.162,-0.896
609.654,-16.703,-1.820,0.574,0.857,-0.333
609.665,19.158,-1.396,1.276,1.523,0.275
609.677,22.502,-0.761,1.982,2.182,0.925
609.689,-1.523,-1.117,2.478,2.691,1.550
609.700,-7.808,-1.847,2.780,3.040,2.087
609.712,14.233,-1.708,2.795,3.051,2.489
609.723,19.623,-0.902,2.576,2.784,2.725
609.735,-23.545,-1.102,2.076,2.286,2.759
609.746,-10.525,-1.291,1.182,1.406,2.537
609.758,26.519,-0.733,0.058,0.245,2.046
609.769,-7.368,-0.864,-1.183,-0.987,1.335
609.781,-35.032,-1.175,-2.599,-2.381,0.427
609.793,-4.582,-0.922,-4.117,-3.915,-0.683
609.804,41.828,-0.208,-5.580,-5.402,-1.905
609.815,38.574,0.454,-6.871,-6.697,-3.147
609.827,28.757,0.158,-8.104,-7.929,-4.458
609.838,0.413,-0.213,-8.984,-8.786,-5.646
609.850,-13.987,-0.098,-9.432,-9.235,-6.637
609.861,22.206,0.507,-9.427,-9.260,-7.350
609.871,20.541,0.748,-9.109,-8.960,-7.734
609.882,-7.394,0.295,-8.507,-8.328,-7.846
609.892,-10.592,1.048,-7.587,-7.449,-7.667
609.902,5.557,0.979,-6.499,-6.356,-7.212
609.912,-8.875,0.368,-5.264,-5.055,-6.512
609.922,-0.310,-0.231,-3.884,-3.620,-5.601
609.933,4.082,-0.378,-2.429,-2.164,-4.522
609.943,-25.694,-1.600,-1.075,-0.721,-3.333
609.953,-43.370,-2.083,0.306,0.693,-2.094
609.963,25.952,-0.294,1.608,1.901,-0.807
609.973,4.005,-0.358,2.512,2.823,0.401
609.984,-38.425,-1.825,3.194,3.572,1.465
609.994,11.825,0.015,3.803,4.099,2.385
610.004,22.413,0.440,4.117,4.381,3.148
610.015,45.979,1.767,4.183,4.354,3.701
610.025,13.338,1.233,4.069,4.288,4.042
610.035,-25.177,-0.686,3.653,3.989,4.202
610.047,32.253,-0.583,3.094,3.420,4.137
610.057,-39.298,-3.035,2.236,2.710,3.871
610.067,-37.100,-3.218,1.447,1.936,3.444
610.077,-26.851,-3.388,0.615,1.090,2.887
610.088,14.626,-2.486,-0.163,0.227,2.245
610.099,29.460,-1.664,-1.007,-0.677,1.438
610.109,-23.440,-2.721,-1.852,-1.458,0.702
610.121,-13.289,-1.378,-2.506,-2.187,-0.117
610.133,0.976,0.612,-3.139,-2.896,-0.879
610.143,22.903,1.112,-3.576,-3.352,-1.482
610.155,15.960,0.911,-4.067,-3.813,-2.132
610.167,6.704,0.413,-4.375,-4.089,-2.669
610.179,10.541,0.022,-4.530,-4.228,-3.077
610.190,33.438,0.371,-4.534,-4.247,-3.368
610.202,34.140,0.207,-4.444,-4.136,-3.551
610.214,21.262,-0.082,-4.124,-3.784,-3.571
610.225,26.971,-0.044,-3.665,-3.333,-3.422
610.237,40.547,-0.348,-3.070,-2.736,-3.128
610.249,48.824,-0.272,-2.269,-1.938,-2.671
610.260,28.407,-0.913,-1.372,-1.037,-2.072
610.272,-29.827,-0.683,-0.322,-0.015,-1.310
610.284,-45.597,-1.272,0.524,0.886,-0.463
610.296,-48.042,-1.424,1.305,1.665,0.350
610.307,-38.713,-1.067,2.209,2.541,1.169
610.319,-9.522,-0.442,3.031,3.353,2.001
610.329,-33.596,-2.008,3.535,3.875,2.673
610.340,-14.570,-1.527,4.006,4.293,3.305
610.351,14.442,-0.447,4.319,4.549,3.846
610.362,43.415,1.461,4.417,4.562,4.251
610.373,25.865,1.316,4.289,4.452,4.514
610.384,-4.668,0.321,3.701,3.940,4.561
610.395,-36.075,-0.464,3.038,3.307,4.399
610.406,-25.141,-0.306,2.157,2.417,4.036
610.417,1.527,-0.018,1.097,1.343,3.470
610.428,-2.279,-0.380,-0.134,0.143,2.705
610.438,16.720,0.040,-1.357,-1.110,1.814
610.449,40.758,0.970,-2.645,-2.446,0.784
610.460,31.044,1.180,-4.064,-3.867,-0.368
610.471,26.379,1.180,-5.589,-5.398,-1.625
610.482,36.727,1.982,-7.072,-6.940,-2.963
610.493,24.101,2.346,-8.541,-8.433,-4.361
610.504,-5.209,1.418,-10.128,-9.941,-5.805
610.515,-16.168,0.437,-11.514,-11.240,-7.227
610.526,-0.227,0.370,-12.720,-12.442,-8.558
610.536,3.937,0.296,-13.639,-13.356,-9.757
610.547,4.758,0.073,-14.447,-14.154,-10.911
610.559,1.201,-0.114,-14.907,-14.601,-11.924
610.570,6.337,-0.159,-14.959,-14.642,-12.669
610.581,-4.978,-0.795,-14.646,-14.270,-13.114
610.593,0.035,-1.168,-13.795,-13.407,-13.218
610.604,-9.081,-1.474,-12.586,-12.206,-12.953
610.616,-14.991,-1.285,-10.998,-10.626,-12.301
610.627,-27.877,-1.267,-9.128,-8.747,-11.286
610.639,-11.184,-2.213,-7.086,-6.658,-9.968
610.650,-13.673,-2.838,-4.920,-4.469,-8.402
610.662,-0.997,-3.012,-2.669,-2.215,-6.595
610.673,19.121,-2.570,-0.605,-0.155,-4.707
610.685,17.116,-2.329,1.322,1.774,-2.793
610.697,7.458,-1.616,3.084,3.491,-0.907
610.708,2.843,-0.392,4.479,4.836,0.852
610.719,6.445,-0.220,5.472,5.823,2.383
610.730,4.220,-0.666,6.085,6.474,3.641
610.741,21.579,-0.741,6.287,6.669,4.598
610.752,-19.569,-2.018,5.996,6.458,5.189
610.762,-1.547,-1.874,5.592,6.040,5.463
610.772,29.467,-0.910,4.898,5.275,5.456
610.782,12.796,-1.149,4.034,4.447,5.198
610.792,23.657,-1.107,3.028,3.427,4.708
610.803,-38.245,-3.047,1.930,2.433,4.049
610.813,-17.609,-2.774,0.877,1.375,3.265
610.823,9.709,-2.050,-0.187,0.276,2.378
610.834,-12.412,-2.552,-1.198,-0.694,1.464
610.844,-42.143,-2.922,-2.073,-1.521,0.552
610.854,-49.822,-3.348,-2.793,-2.156,-0.294
610.864,19.786,-0.807,-3.259,-2.706,-1.051
610.874,31.437,0.201,-3.600,-3.101,-1.696
610.885,38.882,1.092,-3.777,-3.323,-2.220
610.895,-1.528,-0.619,-3.981,-3.423,-2.618
610.905,-37.609,-1.611,-4.034,-3.410,-2.914
610.915,-52.043,-3.765,-3.953,-3.201,-3.086
610.926,6.361,-1.721,-3.574,-2.939,-3.124
610.936,22.962,-1.055,-3.211,-2.621,-3.057
610.946,4.840,-0.675,-2.684,-2.114,-2.866
610.957,2.483,-0.630,-2.090,-1.527,-2.566
610.967,9.174,-0.558,-1.414,-0.867,-2.163
610.977,15.348,-0.161,-0.653,-0.153,-1.660
610.987,18.226,-0.132,0.052,0.533,-1.106
610.997,-2.182,-0.697,0.721,1.230,-0.493
611.007,-18.085,-1.229,1.391,1.925,0.129
611.018,-13.388,-1.564,1.976,2.527,0.759
611.028,-2.513,-1.478,2.498,3.038,1.354
611.038,-32.182,-2.479,2.959,3.551,1.922
611.048,23.870,-0.900,3.477,3.983,2.458
611.058,15.678,-0.724,3.816,4.315,2.938
611.069,28.261,-0.294,4.015,4.490,3.341
611.079,6.274,-1.377,3.949,4.497,3.644
611.089,-11.170,-2.832,3.697,4.344,3.804
611.099,-42.740,-4.336,3.328,4.026,3.823
611.110,-55.884,-4.478,2.849,3.564,3.701
611.120,-16.302,-3.914,2.209,2.904,3.433
611.130,17.307,-2.127,1.629,2.210,3.049
611.141,32.437,0.035,0.872,1.373,2.553
611.151,20.071,-0.108,0.049,0.554,1.959
611.161,10.085,-0.097,-0.710,-0.214,1.306
611.171,24.069,0.066,-1.499,-0.995,0.613
611.182,-2.306,-1.050,-2.287,-1.695,-0.101
611.192,-41.237,-2.767,-2.912,-2.263,-0.776
611.202,-22.285,-2.301,-3.376,-2.757,-1.433
611.212,16.699,-1.556,-3.791,-3.218,-2.004
611.222,12.946,-1.496,-4.090,-3.541,-2.516
611.232,-4.291,-2.005,-4.241,-3.673,-2.925
611.245,16.073,-1.971,-4.219,-3.645,-3.273
611.255,13.951,-1.686,-4.076,-3.501,-3.427
611.265,-30.968,-3.558,-3.828,-3.181,-3.452
611.275,-37.469,-3.921,-3.318,-2.663,-3.334
611.286,-1.941,-2.595,-2.710,-2.121,-3.086
611.296,54.042,-0.757,-2.004,-1.536,-2.742
611.306,11.888,-1.339,-1.194,-0.724,-2.256
611.316,-40.662,-4.140,-0.414,0.132,-1.678
611.327,-6.866,-2.818,0.663,1.054,-0.988
611.337,50.290,-0.668,1.780,1.983,-0.207
611.347,-16.802,-2.345,2.620,2.887,0.614
611.357,-12.788,-2.534,3.532,3.802,1.458
611.368,-4.378,-2.455,4.364,4.627,2.304
611.378,-25.677,-2.720,5.043,5.334,3.128
611.388,22.025,-1.476,5.505,5.735,3.859
611.398,-7.337,-1.880,5.668,5.934,4.442
611.408,1.207,-2.176,5.594,5.866,4.832
611.419,-17.456,-2.577,5.229,5.535,5.020
611.429,-0.517,-2.354,4.762,5.059,5.022
611.440,0.770,-2.241,4.168,4.445,4.840
611.451,19.976,-1.073,3.437,3.649,4.502
611.462,37.934,0.296,2.601,2.731,3.989
611.473,26.437,0.306,1.621,1.746,3.353
611.485,1.658,-0.483,0.444,0.641,2.559
611.496,13.477,-0.595,-0.618,-0.398,1.676
611.507,7.357,-0.804,-1.520,-1.268,0.796
611.518,-17.221,-2.104,-2.347,-1.992,-0.064
611.529,-16.308,-3.703,-3.110,-2.683,-0.929
611.541,-20.855,-5.088,-3.595,-3.139,-1.709
611.553,-36.494,-5.874,-3.889,-3.397,-2.347
611.564,-34.308,-5.364,-3.787,-3.334,-2.797
611.576,-33.382,-4.613,-3.404,-3.039,-3.023
611.588,-18.740,-3.734,-2.754,-2.459,-3.025
611.600,1.129,-3.164,-1.930,-1.678,-2.802
611.611,19.275,-2.417,-0.937,-0.732,-2.362
611.623,28.128,-1.717,0.216,0.364,-1.722
611.634,16.715,-2.043,1.362,1.505,-0.928
611.646,-7.316,-2.947,2.405,2.586,-0.027
611.658,-22.053,-3.661,3.487,3.691,0.922
611.669,-39.536,-4.481,4.535,4.756,1.921
611.681,-14.077,-3.929,5.516,5.671,2.903
611.692,-5.012,-3.584,6.272,6.405,3.832
611.704,-10.714,-3.611,6.742,6.873,4.643
611.716,9.291,-3.141,6.972,7.066,5.288
611.727,0.938,-3.000,6.816,6.919,5.714
611.739,-1.191,-3.210,6.276,6.416,5.898
611.750,37.500,-2.119,5.713,5.774,5.834
611.762,31.666,-1.336,4.876,4.881,5.553
611.774,26.009,-0.996,3.795,3.782,5.023
611.785,21.788,-0.693,2.641,2.623,4.301
611.797,4.725,-1.023,1.486,1.494,3.441
611.809,-20.511,-1.019,0.357,0.341,2.495
611.820,-32.676,-1.423,-0.744,-0.767,1.490
611.832,-35.256,-1.753,-1.725,-1.737,0.468
611.844,-25.355,-1.731,-2.555,-2.556,-0.510
611.855,1.102,-0.797,-3.000,-3.040,-1.358
611.867,29.303,0.989,-3.263,-3.394,-2.055
611.879,46.299,1.627,-3.236,-3.437,-2.565
611.891,24.270,2.558,-2.956,-3.214,-2.872
611.902,-8.572,2.028,-2.477,-2.698,-2.940
611.914,-32.320,1.106,-1.636,-1.790,-2.747
611.925,-30.297,0.028,-0.576,-0.667,-2.300
611.937,-8.964,-0.326,0.574,0.500,-1.633
611.949,-0.421,-0.260,1.816,1.739,-0.792
611.960,-6.618,-0.549,3.058,2.995,0.186
611.972,-12.181,-1.717,4.262,4.269,1.251
611.983,-14.039,-2.109,5.380,5.425,2.341
611.995,4.990,-2.033,6.364,6.397,3.416
612.007,30.285,-1.601,7.058,7.041,4.403
612.018,16.042,-1.911,7.541,7.536,5.246
612.030,-5.380,-2.295,7.790,7.809,5.928
612.042,12.070,-1.948,7.743,7.740,6.399
612.054,39.130,-1.320,7.502,7.439,6.653
612.065,29.535,-1.326,6.972,6.903,6.690
612.076,24.001,-1.611,6.124,6.096,6.463
612.088,6.966,-2.503,5.123,5.209,6.034
612.099,3.522,-2.807,4.182,4.344,5.463
612.111,-0.519,-2.603,3.185,3.330,4.773
612.122,8.269,-1.690,2.318,2.402,4.009
612.133,18.097,-0.775,1.620,1.655,3.252
612.144,18.005,-0.255,0.954,0.955,2.503
612.155,16.430,-0.141,0.467,0.452,1.812
612.166,18.007,0.042,0.075,0.052,1.199
612.177,28.769,0.416,-0.180,-0.198,0.669
612.188,43.711,0.966,-0.218,-0.241,0.267
612.200,44.039,1.355,-0.030,-0.045,0.033
612.211,39.977,1.734,0.399,0.408,-0.004
612.223,29.888,1.714,1.033,1.083,0.162
612.234,9.990,1.368,1.803,1.892,0.509
612.245,-30.547,0.497,2.685,2.829,1.028
612.257,-50.782,-0.366,3.653,3.848,1.689
612.268,-48.837,-1.301,4.721,4.957,2.469
612.279,-18.195,-0.971,5.751,5.974,3.340
612.290,20.082,0.023,6.639,6.817,4.202
612.301,21.156,0.185,7.306,7.498,5.019
612.312,24.135,0.608,7.913,8.105,5.775
612.323,48.138,2.233,8.480,8.567,6.484
612.334,32.005,1.955,8.790,8.894,7.094
612.345,15.497,1.645,8.859,8.981,7.565
612.356,27.417,2.266,8.726,8.804,7.859
612.367,30.345,2.664,8.280,8.345,7.952
612.378,18.114,2.423,7.516,7.599,7.796
612.389,11.663,2.334,6.686,6.772,7.439
612.400,9.485,2.760,5.675,5.734,6.892
612.411,15.511,3.519,4.597,4.616,6.176
612.422,28.173,4.224,3.350,3.329,5.305
612.433,35.210,4.746,2.099,2.053,4.316
612.444,34.836,5.078,0.910,0.844,3.249
612.455,36.640,5.024,-0.133,-0.208,2.168
612.466,-12.690,4.942,-1.109,-1.130,1.118
612.477,-28.465,4.810,-1.843,-1.811,0.165
612.488,-29.097,4.626,-2.321,-2.245,-0.640
612.499,-30.619,4.201,-2.548,-2.432,-1.277
612.510,-27.466,3.812,-2.465,-2.317,-1.709
612.521,-23.016,3.462,-2.177,-2.003,-1.925
612.532,-19.211,3.295,-1.571,-1.387,-1.911
612.542,8.040,4.115,-0.725,-0.578,-1.681
612.554,-5.388,3.603,0.289,0.459,-1.151
612.566,-12.374,3.040,1.353,1.551,-0.412
612.577,-4.017,2.948,2.453,2.660,0.464
612.589,-5.200,2.380,3.312,3.548,1.358
612.601,-15.197,1.977,3.983,4.262,2.226
612.613,-1.427,1.699,4.604,4.902,3.020
612.624,-1.313,1.349,4.817,5.140,3.649
612.636,12.230,0.709,4.842,5.225,4.085
612.647,21.608,0.059,4.442,4.880,4.283
612.659,29.745,0.566,4.064,4.454,4.246
612.671,47.616,1.605,3.458,3.751,4.002
612.682,38.610,1.324,2.654,2.990,3.576
612.694,-7.375,-0.331,1.734,2.231,3.008
612.706,-40.935,-0.828,0.837,1.431,2.356
612.717,15.730,0.141,0.085,0.645,1.661
612.729,-13.175,-0.266,-0.640,-0.001,0.963
612.741,-3.487,-0.381,-1.287,-0.629,0.291
612.753,22.535,-0.238,-1.846,-1.221,-0.358
612.764,2.411,-0.296,-2.428,-1.809,-0.983
612.776,-6.213,-0.318,-2.970,-2.344,-1.573
612.787,-61.276,-0.580,-3.467,-2.761,-2.096
612.798,36.618,0.028,-3.613,-3.049,-2.523
612.809,-12.837,-1.588,-1.287,-0.711,-2.299
612.820,-53.213,-1.569,-1.125,-0.445,-1.431
612.831,26.861,10.732,-0.869,-0.418,-1.093
612.842,22.819,11.432,-1.328,-0.747,-0.768
612.854,23.098,15.008,-1.457,-1.174,-0.879
612.864,27.598,14.523,-1.312,-1.100,-0.933
612.876,58.338,14.317,-1.410,-0.972,-0.919
612.887,32.453,14.836,-0.657,-0.208,-0.730
612.898,15.805,8.582,-0.497,0.085,-0.376
612.909,11.394,7.290,-0.235,0.429,-0.102
612.920,51.350,6.657,-0.062,0.813,0.215
612.931,10.431,6.685,-0.112,0.882,0.489
612.941,-4.582,6.985,-0.220,0.767,0.609
612.952,12.074,6.028,-0.506,0.528,0.582
612.963,-1.201,4.994,-0.818,0.281,0.451
612.974,-22.046,1.877,-0.983,0.333,0.331
612.985,0.390,1.514,-0.920,0.412,0.282
612.996,-1.760,1.595,-0.766,0.551,0.301
613.006,-0.686,0.903,-0.603,0.740,0.385
613.017,-0.210,1.053,-0.427,0.894,0.510
613.028,4.062,1.766,-0.224,1.040,0.655
613.039,-1.498,2.810,-0.184,1.009,0.758
613.050,4.834,2.616,-0.265,0.937,0.791
613.060,0.219,2.452,-0.367,0.834,0.772
613.071,-0.946,1.549,-0.478,0.768,0.720
613.082,2.306,1.887,-0.490,0.721,0.670
613.093,-1.228,1.501,-0.555,0.670,0.623
613.104,0.002,1.192,-0.604,0.629,0.573
613.114,-0.403,0.994,-0.620,0.615,0.536
613.125,0.218,0.891,-0.580,0.651,0.521
613.136,-0.389,0.740,-0.552,0.678,0.521
613.147,-0.164,0.574,-0.519,0.711,0.533
613.157,0.972,0.594,-0.438,0.781,0.566
613.168,0.372,0.609,-0.364,0.843,0.612
613.179,0.652,0.599,-0.334,0.863,0.654
613.190,1.210,0.678,-0.267,0.916,0.691
613.201,1.867,0.869,-0.261,0.900,0.723
613.211,1.052,1.259,-0.201,0.926,0.751
613.222,1.288,1.277,-0.193,0.924,0.775
613.233,0.321,1.245,-0.249,0.860,0.767
613.244,0.811,1.048,-0.266,0.846,0.745
613.254,0.646,1.104,-0.284,0.815,0.727
613.265,0.124,0.961,-0.334,0.764,0.699
613.276,0.290,0.850,-0.358,0.738,0.662
613.287,0.518,0.793,-0.335,0.755,0.638
613.297,0.374,0.759,-0.284,0.799,0.641
613.308,0.248,0.699,-0.305,0.772,0.643
613.319,0.680,0.667,-0.301,0.769,0.637
613.330,0.847,0.702,-0.278,0.781,0.634
613.341,0.578,0.693,-0.287,0.763,0.630
613.351,0.918,0.700,-0.226,0.815,0.642
613.362,0.804,0.741,-0.174,0.856,0.666
613.373,1.089,0.790,-0.136,0.883,0.692
613.384,1.153,0.830,-0.063,0.945,0.727
613.394,1.230,0.878,-0.054,0.943,0.761
613.405,1.188,0.930,-0.030,0.955,0.780
613.416,1.032,0.966,-0.059,0.916,0.783
613.427,0.957,0.932,-0.057,0.912,0.777
613.437,0.891,0.923,-0.046,0.915,0.774
613.448,0.625,0.898,-0.067,0.888,0.762
613.459,0.832,0.868,-0.070,0.878,0.753
613.470,0.549,0.848,-0.092,0.849,0.737
613.480,0.674,0.832,-0.101,0.833,0.719
613.491,0.541,0.788,-0.075,0.854,0.709
613.502,0.504,0.778,-0.047,0.875,0.713
613.513,0.929,0.786,-0.045,0.868,0.720
613.523,0.711,0.763,-0.048,0.859,0.723
613.534,0.667,0.726,-0.075,0.826,0.714
613.545,0.674,0.732,-0.072,0.822,0.702
613.556,1.008,0.774,-0.072,0.812,0.687
613.566,1.090,0.798,-0.075,0.799,0.676
613.577,1.006,0.832,-0.027,0.838,0.678
613.588,0.799,0.822,-0.029,0.829,0.684
613.599,0.755,0.828,-0.005,0.846,0.689
613.609,0.668,0.804,-0.012,0.833,0.686
613.620,0.921,0.820,0.024,0.861,0.691
613.631,0.713,0.823,0.003,0.833,0.691
613.642,0.755,0.811,0.004,0.828,0.689
613.652,1.006,0.815,0.001,0.818,0.679
613.663,0.630,0.805,-0.002,0.807,0.672
613.674,0.795,0.801,-0.013,0.789,0.661
613.685,0.586,0.790,-0.043,0.753,0.646
613.695,0.753,0.775,-0.046,0.744,0.630
613.706,0.587,0.774,-0.029,0.754,0.621
613.717,0.670,0.751,-0.019,0.759,