R
Px,Ix,Dx,Py,Iy,Dy,Pz,Iz,FFrx,FFry,FFdrx,FFdry,satI,satPID,DTermC,GparamC,AparamC,KFQAng,KFQbias,KFRmeas,CPx,CIx,CPy,CIy,CsatI,CsatPID,CFFdrx,CFFdry
175,25,1900,200,25,2100,500,150,0,0,0,0,7,75,10,10.0,32.0,0.005000,0.003000,10,250,1,250,1,50,500,0,0
sysTime,aRawR,aPT1R,aKFRawR,aKFPT10R,aKFPT11R
693.571,-0.039,-0.025,0.028,0.027,0.044
693.581,0.044,-0.009,0.057,0.055,0.052
693.592,0.044,-0.023,0.051,0.050,0.061
693.603,0.044,-0.024,0.060,0.059,0.070
693.614,0.002,-0.032,0.077,0.077,0.083
693.624,0.044,-0.032,0.086,0.085,0.096
693.635,-0.080,-0.025,0.075,0.074,0.103
693.646,-0.081,-0.035,0.069,0.069,0.103
693.657,-0.081,-0.040,0.072,0.071,0.106
693.667,-0.248,-0.048,0.074,0.074,0.108
693.678,0.295,-0.027,0.082,0.081,0.107
693.689,-0.039,-0.026,0.098,0.097,0.117
693.700,-0.290,-0.039,0.099,0.099,0.123
693.710,-0.122,-0.040,0.069,0.069,0.117
693.721,0.044,-0.012,0.063,0.061,0.113
693.732,-0.039,-0.018,0.028,0.026,0.094
693.742,0.044,-0.008,0.021,0.019,0.078
693.753,0.002,-0.029,0.051,0.050,0.076
693.764,0.044,-0.020,0.053,0.051,0.081
693.775,-0.039,-0.016,0.046,0.045,0.084
693.785,0.211,-0.022,0.050,0.049,0.084
693.796,0.211,-0.028,0.029,0.029,0.081
693.807,0.044,-0.034,-0.007,-0.007,0.062
693.818,0.128,-0.049,0.002,0.002,0.049
693.828,-0.039,-0.054,-0.024,-0.023,0.036
693.839,-0.081,-0.041,-0.039,-0.039,0.022
693.850,-0.164,-0.038,-0.039,-0.040,0.006
693.861,0.170,-0.041,-0.044,-0.044,-0.005
693.871,0.044,-0.040,-0.068,-0.068,-0.019
693.882,0.002,-0.036,-0.071,-0.072,-0.025
693.893,-0.039,-0.030,-0.059,-0.060,-0.027
693.904,0.086,-0.024,-0.049,-0.050,-0.023
693.914,-0.039,-0.026,-0.040,-0.040,-0.017
693.925,-0.122,-0.031,-0.070,-0.070,-0.020
693.936,0.044,-0.018,-0.086,-0.087,-0.029
693.947,-0.081,-0.037,-0.041,-0.042,-0.028
693.957,-0.123,-0.017,-0.045,-0.046,-0.029
693.968,-0.039,-0.027,-0.065,-0.066,-0.031
693.979,-0.122,-0.027,-0.074,-0.075,-0.038
693.990,0.127,-0.020,-0.073,-0.074,-0.047
694.000,0.127,-0.014,-0.100,-0.102,-0.062
694.011,-0.039,-0.003,-0.065,-0.067,-0.064
694.022,-0.081,-0.012,-0.047,-0.048,-0.056
694.033,0.044,-0.022,-0.073,-0.075,-0.055
694.044,-0.039,-0.026,-0.100,-0.101,-0.063
694.054,0.044,-0.019,-0.095,-0.096,-0.073
694.065,-0.206,-0.031,-0.091,-0.091,-0.073
694.076,0.044,-0.018,-0.093,-0.094,-0.076
694.086,0.044,-0.013,-0.095,-0.096,-0.080
694.097,0.002,-0.008,-0.059,-0.061,-0.074
694.108,-0.081,-0.000,-0.069,-0.072,-0.067
694.119,-0.122,-0.007,-0.091,-0.093,-0.070
694.129,-0.164,-0.000,-0.095,-0.097,-0.074
694.140,-0.081,-0.010,-0.099,-0.101,-0.082
694.151,-0.122,-0.015,-0.089,-0.090,-0.086
694.162,-0.039,-0.012,-0.079,-0.081,-0.082
694.173,-0.123,-0.042,-0.061,-0.061,-0.075
694.183,-0.373,-0.057,-0.049,-0.048,-0.062
694.194,-0.081,-0.064,-0.043,-0.041,-0.053
694.205,0.044,-0.065,-0.041,-0.039,-0.047
694.216,-0.164,-0.083,-0.025,-0.022,-0.038
694.227,-0.122,-0.072,-0.041,-0.039,-0.035
694.237,-0.080,-0.063,-0.031,-0.030,-0.032
694.248,0.002,-0.049,-0.050,-0.049,-0.041
694.259,0.044,-0.029,-0.065,-0.066,-0.049
694.270,-0.039,-0.024,-0.051,-0.052,-0.057
694.281,0.086,-0.040,-0.036,-0.036,-0.055
694.291,-0.081,-0.051,-0.039,-0.039,-0.051
694.302,-0.039,-0.054,-0.039,-0.038,-0.047
694.313,-0.165,-0.060,-0.056,-0.054,-0.049
694.324,-0.206,-0.055,-0.045,-0.044,-0.052
694.335,-0.039,-0.052,-0.077,-0.076,-0.060
694.345,-0.039,-0.052,-0.075,-0.074,-0.070
694.356,0.002,-0.044,-0.062,-0.062,-0.069
694.367,0.044,-0.024,-0.022,-0.022,-0.057
694.378,0.127,-0.017,-0.023,-0.024,-0.043
694.389,0.212,0.005,-0.020,-0.022,-0.034
694.399,-0.080,-0.025,-0.044,-0.045,-0.036
694.410,0.002,-0.025,-0.045,-0.046,-0.045
694.421,-0.039,-0.042,-0.014,-0.014,-0.042
694.432,0.002,-0.037,-0.010,-0.010,-0.034
694.442,0.002,-0.039,0.008,0.008,-0.025
694.453,0.085,-0.027,-0.020,-0.021,-0.026
694.464,0.002,-0.021,-0.013,-0.014,-0.028
694.475,0.002,-0.011,-0.031,-0.032,-0.033
694.485,-0.291,-0.008,-0.016,-0.018,-0.038
694.496,0.002,-0.026,-0.032,-0.033,-0.041
694.507,-0.164,-0.019,-0.047,-0.049,-0.050
694.518,0.044,-0.011,-0.063,-0.064,-0.063
694.528,0.002,-0.005,-0.057,-0.059,-0.067
694.539,0.002,-0.000,-0.051,-0.053,-0.070
694.550,-0.163,-0.017,-0.057,-0.058,-0.070
694.561,-0.080,-0.027,-0.034,-0.035,-0.065
694.571,-0.164,-0.026,-0.063,-0.063,-0.064
694.582,-0.081,-0.024,-0.054,-0.055,-0.066
694.593,0.086,-0.025,-0.057,-0.057,-0.067
694.604,0.212,-0.003,-0.051,-0.053,-0.074
694.614,0.127,0.005,-0.063,-0.066,-0.074
694.625,0.044,0.013,-0.049,-0.052,-0.076
694.636,0.044,-0.002,-0.064,-0.066,-0.073
694.647,-0.164,-0.006,-0.091,-0.093,-0.083
694.657,-0.039,0.004,-0.107,-0.109,-0.098
694.668,0.127,-0.000,-0.107,-0.109,-0.108
694.679,0.002,-0.005,-0.088,-0.090,-0.105
694.690,-0.164,-0.019,-0.094,-0.095,-0.106
694.701,0.169,-0.011,-0.081,-0.082,-0.105
694.711,0.127,-0.014,-0.073,-0.074,-0.099
694.722,0.044,-0.011,-0.067,-0.069,-0.096
694.733,0.002,0.007,-0.077,-0.079,-0.095
694.744,-0.121,0.012,-0.060,-0.062,-0.091
694.755,0.086,0.004,-0.061,-0.063,-0.088
694.765,-0.165,-0.013,-0.072,-0.073,-0.090
694.776,-0.164,-0.021,-0.110,-0.111,-0.102
694.787,-0.207,-0.025,-0.139,-0.140,-0.125
694.798,0.086,-0.031,-0.139,-0.140,-0.140
694.808,-0.164,-0.031,-0.168,-0.168,-0.160
694.819,-0.123,-0.034,-0.162,-0.162,-0.176
694.831,-0.247,-0.049,-0.180,-0.180,-0.193
694.843,0.086,-0.031,-0.161,-0.161,-0.198
694.854,0.002,-0.032,-0.146,-0.147,-0.194
694.866,-0.123,-0.039,-0.144,-0.144,-0.191
694.877,-0.247,-0.038,-0.138,-0.137,-0.180
694.889,-0.081,-0.038,-0.091,-0.091,-0.163
694.900,-0.080,-0.029,-0.112,-0.112,-0.153
694.912,0.086,-0.046,-0.082,-0.081,-0.145
694.924,-0.039,-0.047,-0.114,-0.113,-0.137
694.935,0.286,-0.061,-0.131,-0.130,-0.140
694.947,-0.941,0.057,-0.121,-0.127,-0.140
694.959,-0.267,-0.074,-0.122,-0.121,-0.142
694.970,1.676,0.152,-0.109,-0.122,-0.136
694.982,1.890,0.057,-0.143,-0.152,-0.143
694.993,-6.322,-0.082,-0.142,-0.142,-0.150
695.005,1.166,-0.051,-0.121,-0.123,-0.149
695.017,-2.293,-0.230,-0.118,-0.111,-0.145
695.028,0.606,-0.357,-0.138,-0.123,-0.144
695.040,3.032,-0.323,-0.121,-0.108,-0.142
695.051,-4.391,-0.356,-0.116,-0.102,-0.132
695.063,0.993,-0.239,-0.097,-0.090,-0.127
695.074,3.751,-0.257,-0.112,-0.104,-0.124
695.086,4.555,-0.319,-0.110,-0.100,-0.124
695.098,8.075,-0.132,-0.097,-0.101,-0.125
695.109,-9.884,-0.297,-0.083,-0.077,-0.124
695.121,9.012,-0.270,-0.052,-0.048,-0.110
695.133,-10.470,-0.483,-0.056,-0.040,-0.098
695.144,0.549,-0.490,-0.068,-0.052,-0.095
695.156,-1.723,-0.448,-0.058,-0.045,-0.091
695.167,-6.964,-0.340,-0.033,-0.027,-0.079
695.179,-1.972,-0.264,-0.044,-0.043,-0.076
695.191,2.367,-0.148,-0.046,-0.053,-0.081
695.202,-0.891,-0.087,-0.003,-0.014,-0.079
695.214,-3.082,-0.113,0.005,-0.004,-0.068
695.225,13.439,-0.021,0.024,0.008,-0.057
695.237,12.745,0.080,0.019,-0.003,-0.048
695.249,2.553,-0.336,0.009,0.011,-0.038
695.260,-0.610,-0.727,0.007,0.034,-0.034
695.272,2.306,-0.619,-0.004,0.015,-0.032
695.283,-0.829,-0.511,-0.033,-0.022,-0.040
695.295,-5.348,-0.391,-0.076,-0.074,-0.060
695.307,-7.395,-0.354,-0.070,-0.072,-0.081
695.318,2.398,-0.162,-0.064,-0.079,-0.097
695.330,2.635,0.041,0.003,-0.023,-0.092
695.341,-4.217,0.170,0.040,0.002,-0.074
695.353,-3.432,0.154,0.011,-0.026,-0.069
695.365,-11.129,0.140,-0.050,-0.088,-0.084
695.376,2.745,0.088,0.003,-0.032,-0.082
695.388,14.165,0.475,0.052,-0.010,-0.071
695.399,-7.380,0.064,0.057,0.018,-0.056
695.411,4.922,0.209,0.045,-0.002,-0.038
695.423,0.672,0.041,0.034,-0.001,-0.034
695.434,-3.330,-0.125,0.002,-0.021,-0.042
695.446,-1.551,-0.022,0.006,-0.024,-0.045
695.457,2.015,0.049,0.012,-0.025,-0.046
695.469,-5.666,0.011,0.010,-0.029,-0.046
695.481,2.889,0.233,0.014,-0.033,-0.049
695.492,7.993,0.117,-0.044,-0.084,-0.064
695.504,-12.423,-0.746,0.003,-0.000,-0.061
695.515,-4.555,-0.701,0.026,0.000,-0.055
695.527,5.717,-0.487,0.161,0.117,-0.021
695.539,-29.923,-0.908,-0.076,-0.087,-0.029
695.551,28.295,0.017,-0.034,-0.098,-0.060
695.562,24.542,-0.238,0.087,0.021,-0.063
695.574,14.468,-0.346,0.137,0.057,-0.034
695.586,3.662,-0.524,0.161,0.096,-0.012
695.597,15.488,-0.158,0.187,0.085,0.019
695.609,26.443,0.984,0.486,0.329,0.091
695.620,10.031,1.254,0.600,0.439,0.209
695.632,21.561,1.987,0.892,0.696,0.355
695.644,51.819,3.376,1.437,1.183,0.609
695.655,47.088,2.928,1.788,1.535,0.926
695.667,22.230,2.143,2.153,1.911,1.256
695.679,15.198,2.270,2.353,2.106,1.570
695.691,24.322,2.775,2.405,2.125,1.788
695.702,28.926,3.177,2.286,1.986,1.896
695.714,16.261,3.126,2.244,1.958,1.916
695.726,-4.962,2.385,2.059,1.820,1.886
695.737,-25.170,1.582,1.751,1.577,1.782
695.749,-34.323,1.118,1.497,1.373,1.631
695.761,-24.879,0.830,1.105,1.012,1.409
695.772,-22.614,0.646,0.623,0.562,1.121
695.784,2.897,0.478,0.130,0.088,0.768
695.796,-10.095,-0.172,-0.467,-0.452,0.353
695.807,-6.511,-0.422,-1.022,-0.984,-0.121
695.819,-13.283,-0.568,-1.601,-1.548,-0.620
695.831,-16.920,0.013,-1.966,-1.958,-1.095
695.842,-11.297,1.212,-2.251,-2.317,-1.519
695.854,-0.751,2.182,-2.584,-2.696,-1.909
695.866,-5.941,2.345,-2.714,-2.826,-2.236
695.877,-16.688,1.284,-2.933,-2.979,-2.500
695.889,-17.811,-0.395,-3.061,-3.036,-2.717
695.901,-7.211,-1.275,-2.978,-2.938,-2.850
695.912,20.946,-0.576,-2.724,-2.734,-2.875
695.924,37.907,0.403,-2.284,-2.358,-2.778
695.936,19.986,0.810,-1.826,-1.912,-2.546
695.947,5.263,0.302,-1.148,-1.208,-2.172
695.959,-17.298,-0.083,-0.403,-0.432,-1.651
695.971,-12.631,-0.475,0.448,0.450,-1.015
695.982,-11.382,-0.519,1.346,1.361,-0.281
695.994,-31.079,-0.999,2.237,2.286,0.522
696.006,-40.989,-1.440,3.089,3.169,1.374
696.017,-42.187,-1.506,3.835,3.913,2.207
696.029,-25.680,-1.163,4.561,4.614,2.993
696.041,3.493,-0.700,5.030,5.058,3.685
696.053,33.404,-0.262,5.231,5.227,4.211
696.064,40.029,-0.215,5.185,5.172,4.552
696.076,21.867,-0.808,4.884,4.910,4.689
696.087,2.975,-1.277,4.330,4.393,4.606
696.099,18.740,-0.993,3.608,3.638,4.308
696.111,37.219,-0.804,2.819,2.788,3.805
696.123,38.647,-0.675,1.955,1.882,3.146
696.134,40.293,-0.558,1.094,0.994,2.395
696.146,36.116,-0.628,0.219,0.088,1.603
696.157,22.602,-0.883,-0.520,-0.670,0.807
696.169,8.244,-1.245,-1.106,-1.248,0.070
696.181,16.896,-2.147,-1.698,-1.816,-0.620
696.192,30.690,-2.888,-2.220,-2.364,-1.268
696.204,24.225,-2.554,-2.611,-2.816,-1.843
696.216,-25.314,-1.714,-2.954,-3.178,-2.340
696.227,-28.859,-1.266,-3.167,-3.375,-2.743
696.239,6.476,-0.853,-3.188,-3.422,-3.039
696.251,-29.539,-0.814,-3.044,-3.284,-3.204
696.263,-38.643,-0.040,-2.761,-3.026,-3.195
696.275,-35.732,-0.092,-2.316,-2.570,-3.036
696.286,-33.414,0.023,-1.790,-2.074,-2.745
696.298,-25.606,-0.160,-1.151,-1.415,-2.349
696.310,-21.158,-0.342,-0.382,-0.637,-1.822
696.321,-17.949,-0.145,0.463,0.178,-1.179
696.333,6.698,0.261,1.296,1.002,-0.476
696.345,33.498,0.490,2.125,1.830,0.267
696.356,37.978,0.230,2.950,2.646,1.030
696.368,25.141,-0.101,3.786,3.472,1.817
696.380,15.746,-0.395,4.535,4.217,2.633
696.392,5.053,0.153,5.086,4.738,3.353
696.403,-9.228,0.345,5.459,5.119,3.994
696.415,-29.315,0.251,5.506,5.194,4.495
696.426,-6.547,-0.064,5.196,4.919,4.792
696.438,4.489,-0.254,4.572,4.325,4.829
696.450,-19.498,-0.985,3.450,3.230,4.558
696.461,-6.527,-0.810,1.866,1.647,3.925
696.473,5.344,-0.600,-0.149,-0.369,2.903
696.484,14.005,-0.115,-2.689,-2.925,1.462
696.496,32.144,-0.067,-5.540,-5.746,-0.396
696.507,21.513,0.536,-8.628,-8.868,-2.624
696.519,26.849,1.706,-11.868,-12.172,-5.171
696.531,38.583,3.051,-15.211,-15.571,-7.967
696.542,25.550,4.421,-18.595,-18.999,-10.988
696.554,25.764,5.627,-21.563,-22.027,-14.011
696.566,7.109,6.407,-24.148,-24.674,-16.939
696.577,11.524,6.532,-26.309,-26.860,-19.667
696.589,20.701,5.980,-28.006,-28.513,-22.130
696.600,-4.656,4.742,-29.190,-29.620,-24.241
696.612,8.084,4.077,-29.675,-30.065,-25.877
696.623,-4.168,4.211,-29.608,-29.985,-27.020
696.635,-2.956,4.133,-29.075,-29.440,-27.693
696.647,19.650,3.680,-28.045,-28.351,-27.880
696.658,-5.789,2.936,-26.602,-26.844,-27.585
696.670,-0.580,3.184,-24.752,-25.009,-26.838
696.682,25.664,3.065,-22.693,-22.888,-25.677
696.693,34.534,2.623,-20.466,-20.593,-24.192
696.705,19.820,2.111,-18.115,-18.203,-22.438
696.716,-5.543,1.245,-15.694,-15.740,-20.473
696.727,-9.291,0.688,-13.332,-13.333,-18.444
696.739,0.492,0.755,-10.745,-10.766,-16.084
696.751,26.630,0.293,-8.001,-8.003,-13.612
696.761,-17.669,-1.748,-5.803,-5.683,-11.458
696.771,-35.465,-3.490,-3.657,-3.421,-9.281
696.781,5.674,-2.893,-1.435,-1.218,-7.104
696.791,-16.839,-3.272,0.739,0.975,-4.922
696.801,-11.994,-3.385,2.896,3.146,-2.719
696.811,31.909,-2.516,4.874,5.081,-0.587
696.824,19.495,-2.245,6.945,7.144,1.856
696.834,-9.090,-2.711,8.389,8.613,3.708
696.846,-50.563,-3.846,9.711,10.006,5.692
696.856,-20.365,-3.578,10.426,10.718,7.073
696.866,-20.226,-3.551,10.932,11.225,8.197
696.876,-0.666,-2.807,11.070,11.331,9.053
696.888,-10.176,-2.795,10.886,11.138,9.718
696.898,3.588,-2.563,10.387,10.619,9.941
696.910,-7.946,-2.242,9.589,9.783,9.849
696.922,37.749,-1.995,8.484,8.639,9.397
696.932,-19.986,-3.862,7.354,7.638,8.800
696.942,-40.711,-5.621,6.097,6.515,8.045
696.952,7.725,-4.725,4.956,5.315,7.161
696.962,3.711,-4.497,3.759,4.103,6.185
696.974,1.521,-4.503,2.396,2.743,4.941
696.986,1.497,-4.027,1.156,1.470,3.703
696.998,-0.240,-3.315,0.139,0.400,2.509
697.009,-0.791,-2.639,-0.840,-0.628,1.370
697.021,-1.907,-2.343,-1.640,-1.458,0.324
697.033,-8.885,-2.351,-2.282,-2.111,-0.604
697.044,-9.642,-2.586,-2.748,-2.573,-1.390
697.056,3.503,-2.129,-3.021,-2.879,-2.006
697.068,24.764,-1.672,-3.159,-3.021,-2.464
697.079,37.191,-0.664,-3.078,-2.948,-2.754
697.091,37.529,0.675,-2.837,-2.735,-2.861
697.103,25.788,1.617,-2.512,-2.429,-2.804
697.114,4.806,0.960,-2.166,-2.014,-2.630
697.126,8.443,0.654,-1.594,-1.427,-2.324
697.138,35.063,-0.315,-0.972,-0.768,-1.909
697.149,45.157,-1.746,-0.168,0.064,-1.387
697.161,41.212,-3.202,0.750,0.981,-0.735
697.173,28.818,-3.515,1.728,1.937,0.000
697.185,11.102,-3.864,2.657,2.879,0.827
697.196,-1.730,-3.946,3.479,3.711,1.656
697.208,-6.935,-4.094,4.141,4.377,2.444
697.220,-11.521,-4.069,4.776,5.000,3.190
697.231,-22.373,-3.822,5.403,5.585,3.872
697.243,-24.644,-3.070,5.634,5.761,4.429
697.255,-21.786,-2.633,5.717,5.839,4.829
697.266,-16.670,-2.787,5.512,5.636,5.045
697.278,-27.665,-3.885,4.944,5.125,5.012
697.290,-21.632,-5.649,4.196,4.501,4.765
697.302,-2.750,-6.537,3.297,3.672,4.316
697.313,-4.834,-6.514,2.320,2.677,3.679
697.325,-13.997,-6.098,1.427,1.738,2.915
697.336,-19.782,-5.925,0.519,0.784,2.083
697.348,-25.307,-5.664,-0.174,-0.019,1.243
697.360,-25.649,-5.361,-0.769,-0.747,0.444
697.371,-20.677,-5.462,-1.236,-1.259,-0.279
697.383,-1.949,-4.667,-1.678,-1.754,-0.911
697.395,19.405,-3.889,-2.100,-2.186,-1.486
697.407,31.023,-3.331,-2.368,-2.460,-1.963
697.418,32.942,-3.124,-2.646,-2.725,-2.361
697.430,24.898,-3.262,-2.712,-2.750,-2.646
697.442,-3.353,-3.694,-2.527,-2.522,-2.765
697.453,-15.463,-3.861,-2.114,-2.108,-2.715
697.465,-2.880,-4.157,-1.669,-1.668,-2.527
697.476,-24.702,-6.641,-1.354,-1.240,-2.255
697.488,30.225,-7.261,-0.877,-0.780,-1.941
697.500,30.129,-7.948,-0.348,-0.262,-1.563
697.512,9.892,-7.685,0.208,0.254,-1.129
697.523,-18.597,-7.402,0.857,0.874,-0.644
697.535,-23.479,-6.938,1.558,1.520,-0.090
697.547,-21.124,-6.709,2.183,2.110,0.480
697.558,-17.925,-6.649,2.743,2.651,1.045
697.570,-41.117,-8.158,3.069,3.041,1.560
697.582,-29.426,-9.480,3.347,3.373,2.018
697.593,-20.583,-10.227,3.525,3.592,2.399
697.605,-16.597,-10.191,3.676,3.736,2.685
697.617,-9.829,-9.250,3.714,3.680,2.871
697.628,4.546,-7.746,3.508,3.358,2.928
697.640,12.923,-5.860,3.293,3.004,2.857
697.650,24.789,-3.887,3.021,2.614,2.713
697.660,5.314,-4.026,2.625,2.220,2.494
697.670,-6.346,-4.331,2.082,1.683,2.189
697.681,-17.400,-4.526,1.471,1.086,1.789
697.692,-7.880,-4.280,0.914,0.505,1.310
697.703,-5.090,-3.867,0.387,-0.050,0.807
697.714,-4.545,-3.572,-0.050,-0.508,0.310
697.725,-22.238,-3.956,-0.338,-0.773,-0.144
697.736,-41.348,-4.331,-0.315,-0.735,-0.477
697.747,-25.130,-3.825,0.029,-0.428,-0.634
697.758,-16.269,-3.420,0.813,0.327,-0.551
697.769,-40.628,-3.930,1.895,1.441,-0.183
697.780,-33.790,-3.760,3.436,2.957,0.509
697.791,-5.043,-2.892,5.327,4.784,1.529
697.803,13.449,-2.908,7.530,6.979,2.885
697.814,16.730,-3.077,10.068,9.498,4.573
697.825,28.139,-2.147,12.859,12.233,6.581
697.837,8.842,-1.869,15.728,15.069,8.861
697.848,19.742,-0.463,18.703,17.967,11.346
697.860,-3.519,0.186,21.538,20.775,13.966
697.871,8.646,0.209,24.070,23.313,16.513
697.882,-5.381,-0.490,26.084,25.380,18.942
697.893,-3.546,-0.744,27.773,27.082,21.177
697.904,16.383,-0.624,29.063,28.365,23.172
697.915,2.856,-1.806,29.866,29.287,24.868
697.926,24.045,-1.619,30.263,29.676,26.218
697.937,16.399,-0.943,30.273,29.650,27.170
697.948,-13.199,-1.363,29.757,29.159,27.716
697.959,14.110,-0.834,28.951,28.329,27.872
697.970,14.948,-0.351,27.852,27.203,27.656
697.981,-4.387,-0.164,26.545,25.896,27.115
697.992,-19.921,0.167,25.009,24.357,26.300
698.003,-2.715,0.831,23.519,22.828,25.252
698.014,13.556,1.532,22.012,21.292,24.067
698.025,17.516,1.684,20.550,19.821,22.786
698.036,8.465,1.247,19.135,18.451,21.454
698.047,-5.361,0.610,17.896,17.257,20.152
698.058,-4.244,0.560,16.814,16.182,18.905
698.069,10.730,1.322,15.957,15.297,17.768
698.080,10.541,1.567,15.349,14.687,16.779
698.091,-8.902,0.784,14.865,14.247,15.947
698.102,-14.086,0.088,14.576,13.996,15.272
698.113,-6.955,0.058,14.552,13.978,14.777
698.124,-13.565,-0.551,14.709,14.175,14.475
698.136,-51.972,-3.196,14.979,14.569,14.361
698.147,-36.300,-4.773,15.423,15.057,14.409
698.158,-14.965,-4.551,16.045,15.635,14.616
698.169,-21.215,-4.886,16.642,16.260,14.941
698.180,-20.276,-4.827,17.232,16.841,15.342
698.191,14.366,-3.562,18.012,17.522,15.839
698.202,39.126,-1.724,18.721,18.112,16.413
698.213,31.750,-0.027,19.374,18.664,17.000
698.224,41.551,0.974,19.954,19.165,17.571
698.235,45.186,1.489,20.361,19.473,18.090
698.247,22.222,1.605,20.565,19.628,18.505
698.257,-5.681,0.970,20.568,19.666,18.822
698.268,-20.688,0.636,20.321,19.428,18.985
698.280,-26.308,0.731,19.924,18.996,18.975
698.291,-8.766,1.691,19.304,18.287,18.783
698.302,37.857,3.258,18.481,17.362,18.391
698.313,53.563,4.727,17.468,16.245,17.814
698.324,52.381,5.382,16.222,14.961,17.041
698.335,37.059,4.776,14.776,13.570,16.086
698.346,-18.683,2.376,13.038,12.001,14.942
698.356,-37.666,1.076,11.400,10.445,13.687
698.368,-51.281,0.321,9.513,8.607,12.201
698.378,-29.891,1.310,7.735,6.811,10.709
698.390,-34.834,2.437,5.764,4.836,8.914
698.401,-33.360,3.060,3.774,2.850,7.075
698.412,36.192,5.538,2.105,1.023,5.356
698.423,41.123,7.622,0.338,-0.870,3.563
698.435,6.988,6.886,-1.695,-2.838,1.685
698.446,-9.554,6.973,-3.521,-4.619,-0.175
698.457,-27.128,7.119,-5.262,-6.313,-2.017
698.469,-16.068,7.692,-6.806,-7.856,-3.753
698.480,-4.381,7.374,-8.104,-9.128,-5.333
698.492,-17.011,6.543,-9.299,-10.238,-6.851
698.503,-23.036,5.933,-10.302,-11.191,-8.197
698.515,-25.409,5.567,-11.080,-11.917,-9.369
698.526,-1.377,4.835,-11.630,-12.403,-10.371
698.537,-23.281,3.358,-12.050,-12.730,-11.139
698.548,-23.910,2.245,-12.386,-12.996,-11.801
698.560,-0.764,2.389,-12.603,-13.202,-12.326
698.571,3.067,2.587,-12.869,-13.458,-12.763
698.583,7.208,2.867,-13.060,-13.644,-13.126
698.595,19.565,3.244,-13.254,-13.841,-13.435
698.606,40.790,3.973,-13.443,-14.060,-13.709
698.618,54.406,5.215,-13.622,-14.289,-13.953
698.630,46.189,6.685,-13.776,-14.495,-14.176
698.641,21.431,7.897,-13.897,-14.663,-14.367
698.653,-12.649,8.305,-14.067,-14.843,-14.532
698.664,-30.919,7.891,-14.142,-14.871,-14.667
698.676,-21.734,7.805,-14.173,-14.871,-14.755
698.688,19.792,7.713,-14.217,-14.896,-14.839
698.699,40.306,7.800,-14.132,-14.809,-14.891
698.711,44.863,8.459,-14.011,-14.710,-14.890
698.723,25.228,7.934,-13.863,-14.516,-14.839
698.734,-2.329,7.488,-13.636,-14.240,-14.708
698.746,-7.230,6.829,-13.408,-13.944,-14.529
698.757,-7.614,5.929,-13.182,-13.635,-14.316
698.769,-23.698,5.074,-13.034,-13.417,-14.110
698.780,-33.666,4.764,-12.909,-13.257,-13.910
698.792,-45.720,4.731,-12.867,-13.211,-13.742
698.803,-31.956,4.805,-12.925,-13.282,-13.626
698.815,-28.640,4.925,-13.118,-13.490,-13.584
698.826,-24.142,4.918,-13.458,-13.835,-13.658
698.838,-32.348,4.410,-13.953,-14.339,-13.859
698.850,-10.983,4.059,-14.565,-14.941,-14.186
698.861,-6.897,3.517,-15.332,-15.667,-14.616
698.872,-10.633,3.185,-16.313,-16.619,-15.202
698.884,-11.407,3.001,-17.474,-17.765,-15.947
698.895,0.534,2.956,-18.674,-18.952,-16.831
698.906,17.665,3.365,-19.856,-20.152,-17.811
698.918,16.418,3.747,-20.976,-21.300,-18.838
698.929,3.719,3.669,-22.070,-22.384,-19.904
698.941,-11.542,3.059,-22.963,-23.208,-20.929
698.952,-11.381,2.695,-23.610,-23.815,-21.854
698.964,-11.763,2.098,-24.059,-24.222,-22.649
698.975,16.443,2.469,-24.122,-24.291,-23.243
698.987,38.627,3.011,-23.930,-24.046,-23.606
698.998,19.392,2.252,-23.308,-23.383,-23.683
699.010,-2.464,2.901,-22.401,-22.492,-23.472
699.021,-13.763,3.248,-21.207,-21.337,-22.979
699.032,-7.161,3.155,-19.951,-20.082,-22.253
699.044,-29.505,2.187,-18.561,-18.621,-21.311
699.055,-36.727,1.074,-17.315,-17.315,-20.255
699.067,-22.754,-0.013,-16.196,-16.133,-19.163
699.078,3.100,0.282,-15.055,-15.006,-18.048
699.089,13.933,0.000,-14.194,-14.157,-16.983
699.101,12.974,-0.031,-13.577,-13.534,-16.036
699.112,-8.723,-0.269,-13.187,-13.133,-15.221
699.124,-10.328,-0.711,-13.117,-13.041,-14.610
699.135,-12.094,-1.090,-13.336,-13.241,-14.220
699.147,-38.347,-1.842,-13.901,-13.777,-14.101
699.158,-40.085,-1.416,-14.715,-14.650,-14.256
699.170,-33.354,-1.924,-15.732,-15.638,-14.657
699.181,-22.303,-1.804,-16.880,-16.804,-15.293
699.192,-26.865,-2.084,-18.168,-18.086,-16.135
699.204,-16.364,-2.350,-19.463,-19.366,-17.110
699.215,-16.351,-2.499,-20.661,-20.568,-18.162
699.226,-15.694,-2.268,-21.633,-21.561,-19.217
699.238,-28.530,-2.144,-22.506,-22.425,-20.261
699.250,-38.416,-2.103,-23.101,-22.985,-21.164
699.261,-24.773,-1.597,-23.425,-23.336,-21.900
699.272,-0.851,-0.815,-23.371,-23.345,-22.423
699.284,2.779,-0.849,-23.103,-23.061,-22.728
699.295,3.268,-1.149,-22.605,-22.544,-22.801
699.307,-17.110,-1.490,-21.791,-21.702,-22.628
699.318,-36.019,-1.761,-20.832,-20.670,-22.203
699.329,-23.964,-1.442,-19.641,-19.453,-21.543
699.341,-13.806,-1.153,-18.385,-18.206,-20.695
699.352,11.748,-0.661,-16.998,-16.856,-19.693
699.363,24.364,0.012,-15.621,-15.532,-18.571
699.375,32.259,0.238,-14.422,-14.346,-17.417
699.386,43.922,1.225,-13.295,-13.299,-16.274
699.398,43.766,2.209,-12.388,-12.468,-15.172
699.410,30.426,2.760,-11.744,-11.872,-14.185
699.421,-7.035,2.353,-11.465,-11.552,-13.383
699.433,-18.203,1.131,-11.631,-11.637,-12.816
699.445,6.293,0.123,-12.064,-11.984,-12.522
699.456,0.041,-0.439,-12.653,-12.524,-12.488
699.468,23.886,-0.347,-13.496,-13.369,-12.691
699.480,40.289,-0.630,-14.462,-14.332,-13.136
699.491,18.538,0.289,-15.527,-15.456,-13.775
699.503,29.291,1.158,-16.652,-16.642,-14.557
699.515,41.223,2.203,-17.649,-17.715,-15.435
699.526,23.415,3.123,-18.635,-18.757,-16.366
699.538,12.054,3.081,-19.517,-19.626,-17.290
699.550,8.723,2.795,-20.298,-20.373,-18.167
699.561,3.180,2.812,-20.834,-20.908,-18.952
699.572,-14.125,1.954,-21.247,-21.251,-19.599
699.584,-27.077,0.879,-21.412,-21.337,-20.098
699.595,-9.460,0.658,-21.362,-21.266,-20.437
699.606,9.858,0.908,-21.091,-21.005,-20.610
699.617,2.979,0.483,-20.669,-20.563,-20.619
699.628,-11.815,-0.529,-20.098,-19.938,-20.448
699.639,-3.545,-0.600,-19.398,-19.229,-20.114
699.650,10.592,0.030,-18.488,-18.365,-19.623
699.661,15.964,-0.027,-17.544,-17.427,-18.989
699.672,7.426,-0.645,-16.585,-16.442,-18.252
699.683,0.152,-1.477,-15.544,-15.373,-17.409
699.694,-0.856,-2.204,-14.618,-14.424,-16.531
699.705,-3.677,-2.693,-13.830,-13.620,-15.664
699.716,-25.909,-3.244,-13.170,-12.932,-14.849
699.727,-21.902,-3.436,-12.615,-12.385,-14.104
699.738,-21.882,-3.282,-12.302,-12.074,-13.470
699.749,4.422,-3.085,-12.124,-11.905,-12.957
699.760,6.432,-2.968,-12.203,-12.006,-12.614
699.771,-11.114,-2.893,-12.455,-12.264,-12.444
699.782,-23.364,-2.801,-12.869,-12.684,-12.441
699.793,-12.719,-2.619,-13.430,-13.250,-12.596
699.804,5.458,-2.592,-14.141,-13.964,-12.908
699.815,0.526,-2.514,-14.805,-14.643,-13.341
699.826,-9.332,-2.784,-15.544,-15.382,-13.876
699.837,-24.902,-2.946,-16.266,-16.107,-14.482
699.849,-37.032,-3.481,-16.891,-16.750,-15.131
699.860,-36.795,-3.720,-17.308,-17.217,-15.724
699.871,-24.177,-3.703,-17.526,-17.491,-16.233
699.882,-12.942,-3.798,-17.610,-17.595,-16.624
699.893,-13.090,-3.895,-17.521,-17.534,-16.891
699.904,-24.776,-4.526,-17.309,-17.294,-17.025
699.915,-38.477,-5.172,-16.889,-16.816,-17.001
699.926,-5.275,-4.973,-16.224,-16.151,-16.799
699.937,27.121,-4.477,-15.117,-15.105,-16.366
699.948,15.381,-4.862,-13.687,-13.705,-15.670
699.959,-5.969,-5.196,-11.959,-11.968,-14.688
699.969,11.130,-4.695,-9.857,-9.894,-13.407
699.981,19.740,-3.725,-7.114,-7.230,-11.555
699.993,12.312,-3.452,-4.174,-4.308,-9.334
700.005,19.755,-3.029,-1.107,-1.267,-6.819
700.017,-4.977,-3.266,1.914,1.754,-4.087
700.029,-21.038,-2.445,4.908,4.666,-1.213
700.041,-28.299,-1.976,7.481,7.217,1.577
700.053,4.774,-2.710,9.612,9.403,4.210
700.064,-0.723,-3.521,11.143,10.974,6.399
700.075,-1.083,-3.826,12.353,12.200,8.360
700.086,-11.474,-4.590,13.071,12.968,9.980
700.098,-8.256,-5.061,13.354,13.268,11.241
700.109,8.730,-4.906,13.291,13.189,12.123
700.120,-12.662,-5.595,12.884,12.826,12.633
700.132,-18.089,-6.764,12.186,12.209,12.810
700.143,-8.627,-6.619,11.530,11.528,12.720
700.154,14.460,-5.522,10.915,10.856,12.439
700.165,7.876,-5.051,10.320,10.230,12.042
700.176,-7.342,-5.315,9.841,9.765,11.616
700.187,-4.373,-5.404,9.551,9.474,11.204
700.198,9.152,-5.015,9.505,9.393,10.874
700.209,30.849,-4.598,9.634,9.478,10.658
700.220,40.216,-4.806,10.011,9.808,10.583
700.231,26.068,-5.480,10.359,10.148,10.629
700.242,-7.738,-6.810,10.814,10.696,10.813
700.253,-22.092,-8.015,11.355,11.314,11.105
700.265,-2.744,-8.486,12.006,11.993,11.542
700.277,18.426,-8.127,12.619,12.567,12.011
700.288,9.712,-7.080,13.171,13.031,12.483
700.300,33.388,-6.277,13.677,13.448,12.965
700.311,23.829,-5.878,14.086,13.807,13.423
700.323,-8.271,-6.125,14.346,14.062,13.827
700.335,-20.650,-6.142,14.453,14.178,14.161
700.346,-11.544,-6.567,14.383,14.134,14.387
700.358,-7.082,-6.971,14.286,14.071,14.508
700.369,-3.251,-7.189,14.056,13.888,14.545
700.381,2.621,-7.355,13.822,13.689,14.508
700.393,-21.302,-7.753,13.565,13.459,14.406
700.404,-39.396,-8.538,13.353,13.240,14.257
700.416,-27.276,-9.779,13.119,13.026,14.074
700.428,-5.805,-10.782,12.801,12.812,13.872
700.439,4.382,-10.531,12.776,12.773,13.700
700.451,-1.044,-10.351,12.763,12.710,13.553
700.462,-11.556,-10.308,12.860,12.768,13.447
700.474,-23.359,-10.532,12.827,12.732,13.367
700.486,-10.347,-10.775,12.867,12.765,13.316
700.497,18.977,-10.691,13.012,12.859,13.309
700.509,28.332,-10.430,13.138,12.940,13.317
700.521,37.793,-9.700,13.261,12.972,13.343
700.532,48.065,-8.929,13.520,13.112,13.398
700.544,8.969,-7.419,13.715,13.226,13.486
700.556,-6.627,-6.695,13.757,13.250,13.580
700.567,-31.614,-6.770,13.861,13.371,13.666
700.579,2.218,-6.580,13.914,13.403,13.744
700.591,33.640,-6.371,14.008,13.477,13.814
700.602,34.124,-5.619,14.055,13.454,13.861
700.614,22.972,-4.773,14.161,13.498,13.922
700.626,-16.515,-4.946,14.256,13.614,13.987
700.637,3.658,-4.809,14.265,13.608,14.040
700.649,11.864,-4.782,14.219,13.538,14.064
700.660,18.907,-4.514,14.182,13.470,14.057
700.672,32.071,-4.580,14.152,13.416,14.035
700.684,-16.059,-4.048,14.066,13.322,14.004
700.695,-31.399,-4.098,13.987,13.229,13.948
700.707,-16.174,-3.848,13.965,13.175,13.898
700.719,2.479,-4.018,13.921,13.154,13.839
700.730,7.588,-4.307,13.891,13.133,13.786
700.742,13.336,-4.129,13.931,13.148,13.746
700.754,21.724,-3.969,14.165,13.373,13.770
700.765,15.424,-3.481,14.600,13.775,13.905
700.777,-25.692,-3.378,15.039,14.220,14.130
700.788,-43.462,-3.983,15.570,14.811,14.447
700.800,1.367,-3.689,16.326,15.549,14.879
700.812,28.866,-3.649,17.135,16.388,15.429
700.823,0.206,-3.382,18.093,17.331,16.094
700.835,-29.448,-3.593,19.155,18.422,16.879
700.847,-16.418,-4.051,20.315,19.626,17.779
700.858,-1.388,-4.498,21.433,20.773,18.741
700.870,19.327,-4.107,22.578,21.883,19.755
700.881,41.144,-3.798,23.733,22.979,20.818
700.893,27.953,-3.255,24.899,24.087,21.884
700.904,21.312,-2.616,25.793,24.933,22.921
700.916,19.872,-2.177,26.597,25.700,23.888
700.928,-12.158,-2.472,27.148,26.281,24.747
700.939,16.592,-2.591,27.468,26.613,25.473
700.951,-0.541,-3.212,27.510,26.690,26.018
700.963,26.827,-3.435,27.321,26.515,26.340
700.974,24.261,-3.530,26.837,26.029,26.446
700.985,13.338,-3.435,26.230,25.404,26.318
700.996,12.596,-3.347,25.588,24.743,26.030
701.008,5.559,-3.279,24.935,24.077,25.620
701.019,-12.545,-3.220,24.261,23.397,25.108
701.031,-11.750,-3.272,23.571,22.706,24.539
701.042,5.784,-3.193,23.042,22.176,23.955
701.054,14.730,-3.006,22.597,21.704,23.400
701.065,8.735,-2.655,22.442,21.523,22.943
701.077,-5.837,-2.372,22.458,21.525,22.614
701.089,-29.032,-2.495,22.556,21.655,22.399
701.100,-17.881,-2.878,22.736,21.858,22.313
701.112,15.448,-2.945,23.123,22.287,22.363
701.123,27.547,-2.458,23.410,22.538,22.505
701.135,-5.200,-2.062,23.568,22.681,22.662
701.147,-24.706,-2.140,23.417,22.537,22.747
701.158,6.596,-1.884,22.988,22.103,22.707
701.170,-16.368,-2.394,22.059,21.199,22.448
701.181,-37.491,-2.536,20.657,19.810,21.891
701.193,-36.538,-3.031,19.169,18.305,21.035
701.205,-16.525,-2.585,17.407,16.488,19.898
701.216,10.997,-2.295,15.503,14.577,18.537
701.228,-15.815,-2.273,13.408,12.480,16.934
701.240,-24.591,-2.079,11.427,10.480,15.210
701.251,-21.296,-1.740,9.638,8.672,13.444
701.263,-35.821,-1.898,8.083,7.161,11.721
701.275,-47.860,-2.347,6.828,6.003,10.126
701.286,-15.956,-1.793,6.133,5.271,8.762
701.298,2.307,-1.819,5.893,5.029,7.696
701.309,-46.695,-1.808,6.073,5.280,6.992
701.321,-7.745,-1.025,6.811,5.949,6.689
701.332,13.470,-0.303,7.900,6.999,6.768
701.344,-25.541,0.273,9.204,8.300,7.220
701.356,-22.133,0.416,10.723,9.793,7.993
701.367,-23.287,0.146,12.290,11.391,9.014
701.379,-5.201,0.431,13.763,12.854,10.180
701.390,28.708,0.665,15.206,14.243,11.421
701.402,39.316,1.134,16.513,15.489,12.697
701.413,21.835,1.895,17.491,16.424,13.908
701.425,-5.617,2.391,18.192,17.152,15.000
701.437,-10.517,2.287,18.509,17.512,15.913
701.448,-4.682,1.468,18.297,17.381,16.529
701.460,6.305,1.107,17.554,16.755,16.798
701.472,24.551,0.658,16.577,15.800,16.704
701.483,-3.752,1.362,15.120,14.321,16.232
701.495,35.067,2.318,13.328,12.454,15.358
701.506,10.364,2.387,11.201,10.340,14.126
701.518,13.505,2.440,8.839,7.990,12.543
701.530,-2.263,2.103,6.348,5.533,10.706
701.541,-1.750,2.210,3.896,3.076,8.673
701.552,10.885,2.440,1.686,0.873,6.646
701.564,26.633,2.997,-0.398,-1.178,4.588
701.574,25.245,2.907,-2.110,-2.839,2.685
701.584,-18.783,2.310,-3.549,-4.215,0.935
701.595,-0.750,2.509,-4.608,-5.288,-0.629
701.605,30.728,3.436,-5.485,-6.190,-2.012
701.615,1.879,2.572,-6.134,-6.737,-3.214
701.626,5.043,2.564,-6.436,-7.032,-4.198
701.637,22.455,3.729,-6.458,-7.109,-4.925
701.649,-1.392,3.994,-6.277,-6.945,-5.428
701.660,14.399,4.381,-5.788,-6.457,-5.635
701.672,41.863,4.383,-5.230,-5.800,-5.595
701.684,50.861,4.601,-4.461,-5.010,-5.343
701.695,50.978,5.012,-3.770,-4.320,-4.939
701.707,36.426,5.082,-3.160,-3.677,-4.440
701.718,10.666,5.023,-2.629,-3.127,-3.900
701.730,8.896,5.604,-2.257,-2.788,-3.398
701.742,6.075,5.899,-2.122,-2.653,-2.988
701.753,18.335,5.972,-2.251,-2.766,-2.716
701.765,24.376,5.975,-2.657,-3.178,-2.628
701.776,31.579,6.411,-3.407,-3.958,-2.771
701.788,60.526,8.010,-4.253,-4.924,-3.147
701.800,46.673,8.233,-5.313,-6.014,-3.714
701.811,24.280,8.084,-6.571,-7.256,-4.488
701.823,7.819,7.266,-8.055,-8.673,-5.447
701.834,-17.800,5.798,-9.664,-10.172,-6.577
701.846,-30.049,4.914,-11.216,-11.669,-7.849
701.858,-19.114,4.722,-12.716,-13.171,-9.197
701.869,18.879,4.320,-14.212,-14.587,-10.588
701.881,43.787,5.297,-15.524,-15.871,-11.968
701.893,47.852,6.454,-16.500,-16.883,-13.252
701.904,11.183,7.106,-17.127,-17.527,-14.362
701.916,-14.776,6.654,-17.436,-17.785,-15.245
701.927,-10.008,5.798,-17.398,-17.680,-15.867
701.939,4.464,5.672,-17.047,-17.309,-16.212
701.951,17.122,5.461,-16.390,-16.613,-16.262
701.962,29.581,5.640,-15.361,-15.570,-16.000
701.974,-8.860,5.534,-14.201,-14.375,-15.470
701.985,-26.253,4.871,-12.958,-13.068,-14.710
701.997,-15.485,3.865,-11.664,-11.702,-13.758
702.009,-17.110,2.570,-10.488,-10.447,-12.718
702.020,-14.518,1.292,-9.293,-9.172,-11.619
702.032,-5.809,0.000,-8.205,-8.020,-10.519
702.044,13.918,-0.244,-7.362,-7.137,-9.473
702.056,21.367,-0.685,-6.815,-6.563,-8.531
702.067,17.078,-0.600,-6.589,-6.301,-7.782
702.079,20.082,-0.061,-6.555,-6.283,-7.248
702.090,17.316,0.187,-6.717,-6.465,-6.915
702.102,-9.065,0.704,-7.052,-6.849,-6.782
702.114,-3.484,1.247,-7.504,-7.322,-6.831
702.125,-2.682,1.146,-7.934,-7.742,-7.004
702.137,2.263,1.270,-8.365,-8.188,-7.268
702.148,18.311,1.434,-8.617,-8.486,-7.560
702.160,39.502,2.358,-8.641,-8.601,-7.828
702.171,19.463,2.360,-8.425,-8.389,-7.969
702.182,-24.128,2.084,-7.861,-7.789,-7.903
702.193,-0.232,3.324,-6.929,-6.918,-7.607
702.203,32.374,3.917,-5.821,-5.876,-7.108
702.214,-31.658,3.237,-4.636,-4.595,-6.384
702.224,42.052,5.528,-3.128,-3.202,-5.454
702.234,28.394,6.176,-1.626,-1.717,-4.351
702.244,-1.793,4.764,-0.155,-0.160,-3.103
702.255,-1.527,4.288,1.274,1.288,-1.801
702.265,7.524,4.189,2.668,2.703,-0.448
702.275,-10.247,3.054,3.709,3.801,0.851
702.286,-31.273,2.453,4.599,4.767,2.052
702.296,43.448,3.444,5.401,5.530,3.137
702.307,25.559,3.715,5.898,6.026,4.132
702.318,27.154,3.765,5.892,6.029,4.857
702.329,8.672,3.228,5.573,5.783,5.302
702.340,-15.492,1.859,4.914,5.266,5.467
702.351,-28.740,0.117,4.041,4.458,5.338
702.362,-25.598,0.394,2.970,3.372,4.938
702.373,9.390,1.515,1.718,2.057,4.273
702.384,-40.814,1.026,0.231,0.616,3.368
702.395,-27.148,1.070,-1.230,-0.822,2.292
702.406,4.221,1.950,-2.579,-2.206,1.121
702.417,-9.479,1.446,-3.889,-3.476,-0.093
702.428,-51.446,-0.054,-5.001,-4.492,-1.280
702.439,-46.450,-0.393,-5.822,-5.306,-2.384
702.450,-15.010,0.713,-6.281,-5.897,-3.357
702.461,-26.116,0.777,-6.526,-6.196,-4.144
702.472,-48.588,-0.317,-6.558,-6.152,-4.722
702.483,-30.635,-0.122,-6.287,-5.914,-5.054
702.494,-0.389,1.019,-5.727,-5.426,-5.156
702.505,-9.126,1.211,-5.007,-4.705,-5.027
702.516,7.173,1.666,-4.091,-3.820,-4.673
702.527,9.671,1.822,-3.061,-2.824,-4.120
702.538,5.968,1.820,-1.999,-1.785,-3.418
702.548,22.779,2.489,-0.907,-0.728,-2.586
702.559,23.872,3.299,0.119,0.262,-1.690
702.570,21.193,3.915,1.077,1.201,-0.765
702.581,23.425,4.456,1.876,1.989,0.138
702.592,19.491,4.405,2.466,2.647,0.984
702.604,14.354,4.264,2.907,3.130,1.742
702.615,19.908,4.598,3.158,3.383,2.373
702.627,49.657,5.419,3.295,3.426,2.836
702.638,46.048,4.789,3.147,3.283,3.139
702.650,20.223,3.823,2.727,2.940,3.246
702.661,18.980,3.894,2.155,2.354,3.158
702.672,1.321,3.626,1.498,1.719,2.906
702.684,-28.412,3.143,0.598,0.864,2.476
702.695,-3.581,3.946,-0.294,-0.068,1.893
702.707,-13.798,3.190,-1.340,-1.056,1.188
702.719,-12.816,2.529,-2.431,-2.081,0.361
702.730,-5.282,2.216,-3.515,-3.154,-0.524
702.742,-0.821,2.460,-4.520,-4.183,-1.480
702.754,-9.793,3.794,-5.311,-5.034,-2.423
702.765,-19.856,4.274,-5.985,-5.725,-3.295
702.777,-21.465,3.901,-6.554,-6.273,-4.081
702.789,-22.825,3.440,-6.922,-6.623,-4.754
702.800,-15.447,3.332,-7.093,-6.803,-5.300
702.812,-25.847,1.935,-7.077,-6.689,-5.676
702.823,-12.046,0.915,-6.841,-6.416,-5.891
702.835,14.937,1.062,-6.407,-6.030,-5.931
702.847,23.694,1.504,-5.952,-5.615,-5.830
702.858,6.760,1.740,-5.430,-5.112,-5.597
702.870,-25.908,1.593,-4.896,-4.570,-5.272
702.881,-38.254,0.157,-4.555,-4.133,-4.903
702.893,-34.849,-1.878,-4.315,-3.762,-4.537
702.905,-28.664,-2.146,-4.238,-3.686,-4.254
702.916,-25.305,-2.438,-4.470,-3.899,-4.105
702.928,-46.116,-3.197,-4.843,-4.170,-4.081
702.939,-12.802,-3.272,-5.388,-4.724,-4.223
702.951,-10.260,-3.357,-6.127,-5.486,-4.531
702.963,6.601,-2.631,-6.977,-6.377,-5.001
702.974,48.898,-0.496,-7.900,-7.445,-5.632
702.986,11.383,0.261,-9.000,-8.627,-6.433
702.997,-27.019,-0.036,-10.195,-9.824,-7.349
703.009,8.724,0.942,-11.335,-11.044,-8.354
703.020,2.755,1.230,-12.529,-12.265,-9.435
703.032,24.840,1.810,-13.712,-13.445,-10.573
703.044,-4.225,1.647,-14.690,-14.396,-11.660
703.056,-32.762,1.041,-15.554,-15.251,-12.676
703.067,-14.162,1.088,-16.123,-15.881,-13.606
703.079,-5.820,1.067,-16.451,-16.217,-14.378
703.090,-17.336,1.083,-16.477,-16.278,-14.942
703.102,-9.394,1.302,-16.220,-16.054,-15.294
703.114,18.986,1.662,-15.738,-15.584,-15.422
703.125,53.285,1.946,-14.949,-14.862,-15.304
703.137,37.713,1.922,-14.035,-13.959,-14.969
703.149,7.324,1.955,-12.980,-12.890,-14.404
703.160,-12.085,1.591,-12.022,-11.914,-13.704
703.172,-23.671,0.912,-11.039,-10.926,-12.914
703.184,-20.029,0.713,-10.245,-10.119,-12.112
703.195,-7.753,0.626,-9.732,-9.601,-11.375
703.207,-6.932,-0.062,-9.380,-9.225,-10.746
703.218,5.547,-0.245,-9.303,-9.141,-10.281
703.230,17.772,-0.180,-9.516,-9.343,-9.982
703.242,30.464,0.311,-9.948,-9.793,-9.901
703.253,35.878,0.766,-10.651,-10.516,-10.043
703.265,36.415,0.709,-11.559,-11.427,-10.404
703.277,39.368,0.542,-12.577,-12.458,-10.958
703.288,2.764,-0.435,-13.621,-13.447,-11.637
703.299,-30.650,-1.903,-14.617,-14.395,-12.418
703.310,-18.758,-2.282,-15.347,-15.169,-13.222
703.321,-24.458,-2.414,-15.863,-15.675,-13.970
703.332,-10.345,-2.592,-15.962,-15.809,-14.574
703.343,-4.187,-1.828,-15.709,-15.648,-14.966
703.353,15.855,-1.127,-15.130,-15.139,-15.080
703.363,11.530,-0.052,-14.173,-14.274,-14.915
703.374,17.633,0.474,-12.947,-13.075,-14.437
703.386,4.740,0.840,-11.317,-11.460,-13.625
703.398,0.962,1.008,-9.542,-9.676,-12.520
703.409,17.089,1.450,-7.660,-7.816,-11.187
703.421,12.217,1.839,-5.670,-5.854,-9.644
703.433,-8.846,1.616,-3.829,-3.990,-8.000
703.444,-20.995,0.422,-2.092,-2.180,-6.298
703.456,-11.190,-1.012,-0.607,-0.597,-4.631
703.467,-9.460,-1.507,0.676,0.765,-3.034
703.479,-4.273,-1.888,1.589,1.770,-1.594
703.491,-12.151,-2.505,2.206,2.426,-0.374
703.502,-32.428,-2.702,2.469,2.701,0.592
703.514,-46.845,-2.739,2.399,2.611,1.259
703.526,-27.182,-2.539,1.952,2.046,1.578
703.537,4.948,-1.723,1.225,1.243,1.572
703.548,30.338,-0.453,0.338,0.287,1.294
703.559,44.510,0.241,-0.796,-0.918,0.741
703.571,48.863,2.007,-2.002,-2.235,-0.046
703.582,23.589,3.534,-3.076,-3.394,-0.938
703.594,7.370,4.088,-4.125,-4.478,-1.886
703.605,-14.311,3.578,-4.955,-5.273,-2.823
703.617,-22.482,2.656,-5.581,-5.842,-3.677
703.628,-13.734,2.437,-5.855,-6.104,-4.378
703.640,4.618,2.283,-5.788,-6.021,-4.881
703.651,2.246,1.689,-5.578,-5.769,-5.187
703.663,0.880,1.181,-4.969,-5.140,-5.241
703.674,5.661,1.175,-4.086,-4.256,-5.024
703.686,-1.189,1.285,-2.995,-3.179,-4.553
703.698,-13.435,1.488,-1.746,-1.967,-3.847
703.709,-12.673,1.556,-0.414,-0.638,-2.962
703.721,2.807,1.593,0.928,0.710,-1.931
703.732,12.211,1.626,2.202,1.983,-0.842
703.743,16.747,1.720,3.336,3.114,0.255
703.754,16.447,1.763,4.280,4.053,1.352
703.765,12.096,1.524,5.032,4.813,2.336
703.776,5.886,1.178,5.588,5.387,3.213
703.787,-9.602,0.735,5.870,5.689,3.930
703.798,-7.071,0.291,5.822,5.678,4.450
703.809,-11.406,0.008,5.493,5.366,4.737
703.820,-12.533,-0.050,4.776,4.656,4.751
703.831,9.745,0.018,3.829,3.706,4.488
703.843,33.237,0.407,2.667,2.531,3.955
703.854,20.263,0.741,1.414,1.256,3.201
703.865,8.720,0.773,0.158,0.005,2.305
703.876,8.520,0.447,-1.075,-1.183,1.315
703.887,3.026,-0.499,-2.325,-2.357,0.261
703.898,-29.522,-2.356,-3.420,-3.348,-0.798
703.909,-7.126,-2.287,-4.272,-4.211,-1.821
703.920,18.173,-1.662,-4.934,-4.922,-2.776
703.931,23.099,-1.316,-5.306,-5.343,-3.599
703.942,-10.566,-1.603,-5.452,-5.480,-4.220
703.953,-18.282,-1.571,-5.352,-5.367,-4.642
703.964,0.453,-0.913,-4.857,-4.915,-4.824
703.975,5.253,-0.739,-4.239,-4.312,-4.771
703.986,-12.701,-1.276,-3.382,-3.415,-4.484
703.997,-12.567,-1.394,-2.352,-2.376,-3.986
704.008,3.101,-0.944,-1.211,-1.265,-3.302
704.019,20.058,-0.425,-0.074,-0.146,-2.474
704.030,17.955,-0.406,0.995,0.936,-1.563
704.041,4.314,-0.861,2.051,2.041,-0.592
704.051,-10.301,-1.577,2.944,2.990,0.384
704.062,-23.571,-2.946,3.687,3.805,1.321
704.073,-10.500,-2.910,4.304,4.414,2.174
704.084,-0.108,-2.458,4.806,4.878,2.912
704.095,-11.151,-1.732,5.052,5.088,3.519
704.106,-0.771,-0.949,4.925,4.928,3.935
704.117,26.621,-0.572,4.640,4.577,4.146
704.128,-0.280,-0.784,4.047,3.969,4.120
704.139,-27.224,-1.447,3.214,3.166,3.859
704.150,-43.719,-1.947,2.296,2.237,3.401
704.161,-44.513,-2.257,1.240,1.159,2.761
704.172,-35.262,-2.155,0.102,0.005,1.956
704.183,-26.301,-1.711,-1.057,-1.182,1.026
704.194,-19.340,-1.050,-2.144,-2.303,0.018
704.205,-11.147,-0.464,-3.099,-3.294,-0.987
704.216,-20.090,-0.490,-3.870,-4.065,-1.923
704.226,-29.894,-1.181,-4.541,-4.689,-2.759
704.237,-6.628,-0.401,-4.892,-5.082,-3.487
704.247,-0.037,0.441,-4.976,-5.205,-4.048
704.258,-11.153,0.608,-4.835,-5.067,-4.419
704.268,16.527,2.099,-4.419,-4.744,-4.593
704.279,8.676,2.509,-3.831,-4.181,-4.558
704.289,-10.181,2.306,-3.146,-3.478,-4.326
704.299,5.080,3.045,-2.206,-2.617,-3.919
704.310,15.822,3.137,-1.283,-1.710,-3.351
704.320,-7.597,2.687,-0.319,-0.701,-2.641
704.331,-32.935,2.223,0.581,0.269,-1.841
704.343,-28.216,2.124,1.532,1.263,-0.950
704.354,-9.924,1.931,2.503,2.256,-0.012
704.365,3.074,1.871,3.283,3.042,0.861
704.377,-26.337,1.318,3.865,3.658,1.721
704.389,-23.638,1.116,4.316,4.110,2.454
704.400,-5.303,1.244,4.589,4.368,3.056
704.411,25.813,2.201,4.635,4.322,3.469
704.422,32.513,2.849,4.300,3.928,3.660
704.433,27.256,3.066,3.665,3.270,3.620
704.445,31.459,2.095,2.711,2.353,3.327
704.456,24.271,1.102,1.608,1.318,2.804
704.467,9.246,0.184,0.285,0.098,2.080
704.478,-6.421,-0.727,-1.160,-1.254,1.163
704.489,-14.577,-1.775,-2.687,-2.708,0.067
704.500,-16.527,-2.668,-4.240,-4.212,-1.179
704.512,-1.700,-2.453,-5.726,-5.709,-2.550
704.523,-8.917,-2.370,-7.214,-7.203,-3.994
704.535,-12.398,-2.152,-8.487,-8.495,-5.397
704.547,-16.086,-1.761,-9.556,-9.567,-6.705
704.558,-2.620,-1.108,-10.318,-10.369,-7.884
704.570,15.365,-0.393,-10.653,-10.752,-8.839
704.581,16.047,-0.136,-10.705,-10.825,-9.552
704.593,-16.306,-0.303,-10.527,-10.624,-10.011
704.605,-23.782,-0.827,-10.065,-10.108,-10.206
704.616,11.846,-0.649,-9.375,-9.422,-10.132
704.628,15.651,0.152,-8.330,-8.436,-9.796
704.639,-3.877,0.313,-7.133,-7.270,-9.199
704.651,16.110,0.613,-5.901,-6.050,-8.413
704.662,44.301,0.826,-4.695,-4.864,-7.490
704.674,42.636,0.875,-3.482,-3.681,-6.504
704.685,30.992,1.298,-2.405,-2.642,-5.479
704.697,5.178,0.933,-1.547,-1.760,-4.481
704.708,9.247,0.551,-0.832,-1.021,-3.535
704.720,26.374,0.309,-0.390,-0.550,-2.710
704.731,22.799,-0.160,-0.080,-0.195,-2.027
704.743,7.257,-0.736,-0.068,-0.099,-1.527
704.754,26.006,-0.844,-0.073,-0.087,-1.163
704.766,27.668,-0.543,-0.226,-0.269,-0.954
704.778,3.535,-0.127,-0.547,-0.611,-0.906
704.789,-12.882,-0.008,-0.962,-1.021,-0.989
704.801,-17.180,-0.276,-1.526,-1.564,-1.201
704.813,-25.122,-0.856,-2.138,-2.148,-1.537
704.824,-27.496,-1.711,-2.815,-2.780,-1.970
704.835,-30.119,-3.561,-3.497,-3.368,-2.433
704.845,-21.119,-3.291,-3.933,-3.877,-2.908
704.855,-25.047,-3.655,-4.394,-4.347,-3.396
704.865,-16.837,-2.700,-4.619,-4.627,-3.837
704.877,-31.793,-1.208,-4.692,-4.778,-4.213
704.889,-14.956,-0.456,-4.553,-4.719,-4.452
704.901,-6.037,-0.317,-4.239,-4.405,-4.516
704.911,11.866,-0.088,-3.825,-3.993,-4.423
704.921,-15.926,-0.654,-3.209,-3.341,-4.194
704.933,-34.691,-0.631,-2.198,-2.350,-3.677
704.943,-20.774,-1.208,-1.312,-1.416,-3.107
704.954,-15.124,-1.014,-0.218,-0.358,-2.337
704.965,-21.565,-1.545,0.923,0.778,-1.445
704.975,-34.195,-2.160,2.023,1.856,-0.471
704.986,-45.860,-2.770,2.992,2.794,0.509
704.998,-48.143,-2.618,3.991,3.767,1.565
705.008,-54.063,-2.876,4.625,4.406,2.410
705.019,-49.422,-2.375,5.113,4.905,3.197
705.030,-37.778,-1.750,5.459,5.260,3.878
705.041,-6.744,-0.950,5.651,5.428,4.424
705.052,-4.857,-1.004,5.652,5.445,4.823
705.063,7.595,-1.021,5.490,5.265,5.068
705.074,8.147,-1.488,5.225,5.014,5.150
705.085,5.483,-2.140,4.836,4.666,5.099
705.096,-3.524,-2.980,4.420,4.322,4.947
705.106,-42.543,-5.141,4.073,4.085,4.737
705.117,-45.654,-5.138,4.075,4.047,4.552
705.128,-17.638,-4.508,4.353,4.259,4.454
705.139,-11.852,-4.853,4.971,4.883,4.532
705.150,-22.877,-5.408,5.981,5.915,4.853
705.161,-1.189,-4.381,7.569,7.413,5.498
705.172,6.843,-3.514,9.523,9.294,6.507
705.183,-6.772,-3.405,11.818,11.577,7.887
705.194,12.295,-2.765,14.471,14.184,9.635
705.205,28.713,-1.736,17.171,16.830,11.661
705.216,28.394,-0.840,19.890,19.503,13.908
705.227,26.534,-0.073,22.470,22.033,16.273
705.238,45.336,0.691,24.778,24.267,18.651
705.250,35.286,0.666,26.707,26.180,20.905
705.260,2.535,-0.140,28.166,27.710,22.969
705.272,-9.831,-0.474,29.103,28.668,24.737
705.283,3.335,-0.594,29.543,29.126,26.137
705.294,22.872,-0.669,29.637,29.212,27.167
705.305,11.911,-0.308,29.168,28.714,27.776
705.316,-19.524,-0.614,28.204,27.779,27.946
705.327,-25.076,-1.257,26.936,26.558,27.703
705.338,-17.273,-1.280,25.480,25.107,27.101
705.349,-2.052,-0.881,23.918,23.513,26.189
705.360,2.451,-0.665,22.294,21.876,25.044
705.371,-6.854,-1.000,20.679,20.283,23.751
705.382,-18.602,-1.467,19.139,18.776,22.380
705.393,-9.084,-1.514,17.821,17.461,21.002
705.404,5.063,-1.051,16.709,16.318,19.688
705.415,24.486,-0.190,15.825,15.395,18.482
705.426,24.165,0.354,15.146,14.733,17.418
705.437,11.155,-0.319,14.615,14.280,16.512
705.448,2.919,-0.880,14.369,14.065,15.798
705.459,1.159,-0.972,14.311,14.011,15.247
705.471,3.888,-0.408,14.486,14.160,14.907
705.482,-0.724,0.055,14.823,14.483,14.759
705.494,9.273,0.889,15.435,15.020,14.821
705.505,3.705,1.268,15.990,15.544,15.037
705.516,-9.444,0.847,16.500,16.085,15.349
705.527,-20.551,-0.086,16.984,16.615,15.744
705.538,-19.695,-1.554,17.048,16.788,16.088
705.549,-1.711,-1.340,16.845,16.570,16.302
705.560,-13.471,-1.761,16.002,15.746,16.255
705.572,8.472,-1.948,14.529,14.325,15.830
705.583,15.515,-0.615,12.518,12.211,14.946
705.595,35.670,1.171,9.931,9.503,13.545
705.607,-12.619,1.074,6.867,6.454,11.675
705.618,-28.064,0.201,3.485,3.122,9.426
705.629,-40.380,-0.889,0.154,-0.151,6.871
705.640,-50.303,-1.314,-3.306,-3.591,4.009
705.651,-34.875,-1.142,-6.723,-7.032,0.844
705.663,-19.450,-0.991,-9.938,-10.240,-2.374
705.675,-29.058,-1.444,-12.982,-13.243,-5.541
705.686,9.329,-1.143,-15.565,-15.822,-8.568
705.698,35.148,-0.164,-17.743,-18.058,-11.379
705.710,30.952,1.009,-19.496,-19.903,-13.910
705.721,38.925,1.358,-20.874,-21.293,-16.137
705.733,-30.064,1.009,-21.933,-22.302,-18.031
705.745,-18.615,0.569,-22.468,-22.809,-19.518
705.756,28.126,1.257,-22.583,-22.939,-20.620
705.768,31.274,1.222,-22.540,-22.905,-21.386
705.780,4.514,1.464,-22.206,-22.589,-21.838
705.791,-16.040,1.143,-21.701,-22.068,-21.986
705.803,-9.961,1.092,-21.126,-21.496,-21.913
705.814,7.993,1.351,-20.548,-20.925,-21.690
705.826,23.770,2.203,-19.919,-20.330,-21.358
705.838,24.698,3.091,-19.223,-19.686,-20.919
705.849,23.901,3.679,-18.577,-19.081,-20.413
705.861,7.077,3.906,-18.045,-18.563,-19.883
705.873,-5.182,3.625,-17.596,-18.110,-19.368
705.884,6.498,3.202,-17.285,-17.725,-18.894
705.896,27.612,3.041,-17.034,-17.409,-18.461
705.907,40.026,2.705,-16.741,-17.106,-18.081
705.919,41.398,2.943,-16.460,-16.860,-17.748
705.930,37.433,2.864,-16.256,-16.666,-17.448
705.942,32.233,3.120,-16.040,-16.450,-17.168
705.953,24.022,3.405,-15.846,-16.254,-16.914
705.965,7.642,3.002,-15.751,-16.118,-16.695
705.976,-7.986,2.786,-15.612,-15.951,-16.496
705.988,-14.311,2.227,-15.555,-15.847,-16.317
706.000,2.078,2.008,-15.464,-15.732,-16.160
706.011,-10.510,1.178,-15.432,-15.641,-16.032
706.023,1.002,0.359,-15.402,-15.558,-15.925
706.034,24.146,0.016,-15.409,-15.528,-15.847
706.046,13.331,-0.538,-15.480,-15.525,-15.792
706.057,12.330,-0.524,-15.634,-15.627,-15.776
706.068,0.327,-0.898,-15.784,-15.703,-15.797
706.080,15.796,-1.056,-16.018,-15.886,-15.859
706.092,34.833,-1.050,-16.139,-15.994,-15.952
706.103,42.156,-1.073,-16.311,-16.182,-16.081
706.115,49.539,-1.039,-16.534,-16.456,-16.248
706.127,42.472,-1.201,-16.616,-16.588,-16.418
706.138,1.827,-1.618,-16.716,-16.674,-16.559
706.150,-23.809,-2.285,-16.819,-16.741,-16.678
706.161,-8.647,-2.761,-16.960,-16.866,-16.807
706.173,29.039,-2.099,-16.993,-16.918,-16.914
706.184,28.185,-1.586,-16.962,-16.904,-16.994
706.196,20.389,-1.135,-16.927,-16.899,-17.046
706.208,19.734,-0.470,-16.728,-16.741,-17.041
706.219,19.258,-0.021,-16.602,-16.651,-16.996
706.231,7.833,0.118,-16.346,-16.407,-16.894
706.242,-4.491,-0.270,-15.966,-16.007,-16.709
706.254,-9.335,-0.569,-15.578,-15.609,-16.453
706.265,-8.510,-1.395,-15.130,-15.086,-16.143
706.277,5.522,-1.402,-14.575,-14.537,-15.769
706.289,4.930,-1.748,-14.059,-14.013,-15.353
706.300,10.331,-1.649,-13.549,-13.511,-14.914
706.312,-0.067,-1.194,-12.954,-12.966,-14.433
706.323,-12.401,-0.700,-12.286,-12.370,-13.916
706.335,-21.906,-0.445,-11.610,-11.721,-13.352
706.346,-1.259,0.483,-10.864,-11.004,-12.761
706.356,27.281,0.863,-10.147,-10.274,-12.168
706.366,-15.660,-0.107,-9.269,-9.318,-11.483
706.378,-23.494,-1.828,-7.921,-7.845,-10.530
706.390,0.622,-2.793,-6.289,-6.134,-9.369
706.401,23.614,-2.509,-4.290,-4.091,-7.972
706.412,19.326,-1.934,-2.139,-1.947,-6.435
706.422,-17.466,-3.020,0.029,0.298,-4.730
706.433,9.350,-2.613,2.555,2.785,-2.717
706.445,7.272,-2.330,5.380,5.579,-0.377
706.456,-3.232,-2.488,8.294,8.495,2.121
706.468,-44.236,-2.919,11.257,11.518,4.786
706.479,-55.754,-3.005,14.302,14.544,7.559
706.491,-41.749,-2.660,17.294,17.508,10.410
706.503,-19.677,-2.384,20.039,20.235,13.263
706.514,-37.152,-2.363,22.609,22.812,16.036
706.526,-37.840,-2.249,24.789,25.043,18.676
706.537,11.401,-1.882,26.615,26.861,21.069
706.549,7.405,-1.855,28.048,28.275,23.194
706.560,-17.995,-2.829,29.019,29.305,25.004
706.571,9.135,-3.809,29.548,29.912,26.485
706.583,-1.153,-4.234,29.718,30.092,27.591
706.594,-41.178,-5.100,29.545,29.920,28.323
706.606,-25.805,-5.296,29.115,29.441,28.700
706.617,3.559,-5.108,28.299,28.613,28.732
706.629,-15.526,-5.322,27.260,27.579,28.441
706.640,-38.432,-5.688,26.155,26.435,27.895
706.652,-40.666,-6.058,24.813,25.080,27.111
706.664,-32.425,-6.442,23.486,23.746,26.153
706.675,-27.942,-6.931,22.036,22.292,25.038
706.687,-4.043,-6.282,20.639,20.829,23.818
706.698,-10.418,-6.577,19.188,19.380,22.532
706.710,-16.691,-6.462,17.791,17.953,21.183
706.722,-30.912,-6.049,16.556,16.671,19.827
706.733,-21.808,-5.251,15.310,15.355,18.506
706.745,-16.103,-4.798,14.058,14.057,17.191
706.756,-30.629,-4.790,12.896,12.827,15.915
706.767,-35.542,-5.239,11.652,11.553,14.652
706.779,-41.996,-5.366,10.280,10.205,13.380
706.790,-13.719,-4.881,8.658,8.562,12.002
706.801,-29.907,-4.798,6.679,6.597,10.435
706.813,-0.693,-4.645,4.445,4.337,8.683
706.824,3.225,-4.625,1.942,1.822,6.745
706.835,-18.590,-5.060,-0.770,-0.877,4.645
706.847,-21.956,-5.823,-3.924,-3.994,2.181
706.858,-9.392,-5.400,-7.150,-7.246,-0.529
706.870,-12.159,-4.971,-10.590,-10.772,-3.472
706.881,1.033,-4.190,-14.058,-14.322,-6.612
706.893,16.506,-3.121,-17.464,-17.771,-9.810
706.904,24.832,-2.327,-20.692,-21.045,-13.044
706.916,29.106,-2.381,-23.643,-24.046,-16.296
706.928,6.816,-2.619,-26.361,-26.800,-19.456
706.939,19.771,-2.517,-28.528,-29.015,-22.350
706.951,3.020,-1.938,-30.138,-30.674,-24.875
706.963,-0.819,-1.087,-31.220,-31.814,-27.040
706.974,23.989,-0.481,-31.527,-32.155,-28.695
706.986,-12.274,0.470,-31.209,-31.907,-29.823
706.997,6.801,0.696,-30.319,-31.051,-30.366
707.009,-12.875,-0.098,-28.936,-29.609,-30.352
707.020,16.792,-0.206,-27.093,-27.738,-29.800
707.032,50.084,-0.036,-24.810,-25.445,-28.744
707.043,10.330,-0.931,-22.185,-22.811,-27.236
707.055,-0.772,-0.426,-19.205,-19.859,-25.282
707.067,26.547,0.433,-16.053,-16.785,-23.019
707.078,5.906,0.073,-12.869,-13.590,-20.460
707.090,-15.214,-0.293,-9.601,-10.315,-17.667
707.101,-22.946,-1.136,-6.390,-7.051,-14.736
707.113,-19.726,-2.259,-3.315,-3.892,-11.731
707.124,-31.610,-3.294,-0.455,-0.966,-8.818
707.134,-18.932,-3.398,2.001,1.529,-6.172
707.144,11.366,-2.808,4.261,3.754,-3.619
707.155,-26.527,-3.477,6.365,5.888,-1.019
707.167,-30.295,-3.651,8.111,7.665,1.461
707.178,-10.492,-3.993,9.539,9.101,3.637
707.190,-35.365,-4.644,10.533,10.108,5.494
707.202,17.587,-3.901,11.166,10.681,6.989
707.213,8.693,-4.571,11.267,10.875,8.099
707.225,-4.321,-4.704,11.192,10.829,8.858
707.236,4.947,-4.487,11.069,10.693,9.341
707.248,-7.053,-3.965,10.966,10.562,9.638
707.259,-10.382,-3.477,11.008,10.578,9.830
707.271,-6.371,-3.259,11.364,10.919,10.042
707.283,-3.721,-2.916,12.027,11.562,10.363
707.294,-10.320,-2.492,12.990,12.514,10.855
707.306,-29.862,-2.172,14.236,13.784,11.566
707.317,-47.914,-2.549,15.645,15.250,12.494
707.329,-46.411,-3.011,17.282,16.880,13.656
707.341,-46.243,-3.979,18.846,18.438,14.940
707.352,-37.894,-4.432,20.391,19.960,16.279
707.364,-5.655,-4.792,21.635,21.223,17.616
707.375,15.066,-5.013,22.562,22.122,18.859
707.387,-13.739,-5.486,22.939,22.521,19.884
707.398,-20.288,-5.322,22.679,22.246,20.565
707.409,14.886,-4.429,21.893,21.403,20.831
707.421,0.356,-4.210,20.392,19.882,20.604
707.432,-14.075,-3.781,18.347,17.825,19.858
707.443,-23.176,-4.042,15.959,15.455,18.653
707.454,-3.518,-3.591,13.275,12.726,16.999
707.465,15.724,-2.703,10.288,9.664,14.916
707.476,-8.643,-3.204,7.287,6.703,12.591
707.486,-25.293,-2.964,4.510,3.904,10.208
707.496,7.689,-2.241,1.875,1.221,7.721
707.506,-25.370,-2.743,-0.443,-1.089,5.229
707.517,-32.593,-3.407,-2.540,-3.156,2.836
707.527,-24.137,-2.988,-4.170,-4.813,0.623
707.537,14.638,-0.716,-5.336,-6.108,-1.341
707.548,25.756,-0.159,-6.186,-7.014,-2.986
707.558,3.866,-0.051,-6.657,-7.487,-4.303
707.568,-2.059,-0.031,-6.824,-7.650,-5.288
707.579,-3.620,-0.027,-6.585,-7.408,-5.969
707.590,25.744,0.310,-6.018,-6.869,-6.293
707.601,38.588,0.635,-5.034,-5.899,-6.269
707.613,26.823,0.427,-3.813,-4.659,-5.884
707.624,-8.253,-0.031,-2.418,-3.221,-5.183
707.636,-25.024,-0.757,-1.040,-1.793,-4.259
707.648,-16.976,-1.678,0.249,-0.443,-3.196
707.659,0.716,-2.247,1.349,0.719,-2.092
707.671,3.059,-2.240,2.164,1.540,-1.034
707.682,-14.988,-1.600,2.609,1.965,-0.130
707.694,-20.290,-1.282,2.455,1.848,0.514
707.705,23.113,-0.027,1.848,1.172,0.813
707.717,15.109,-0.583,0.632,0.048,0.703
707.729,-15.658,-1.285,-1.015,-1.556,0.161
707.740,-13.944,-1.218,-2.982,-3.509,-0.775
707.752,-10.533,-1.064,-5.099,-5.613,-2.076
707.763,-17.326,-0.928,-7.367,-7.893,-3.671
707.775,10.624,-1.235,-9.669,-10.152,-5.483
707.787,28.520,-0.816,-11.795,-12.261,-7.418
707.798,30.114,-0.359,-13.600,-14.084,-9.352
707.810,10.984,-0.357,-15.132,-15.625,-11.192
707.822,-0.403,-0.709,-16.180,-16.662,-12.829
707.833,25.159,-0.380,-16.581,-17.092,-14.156
707.845,21.628,-0.285,-16.369,-16.874,-15.057
707.856,-17.419,-0.843,-15.537,-16.008,-15.468
707.868,-29.846,-0.945,-14.121,-14.566,-15.371
707.880,16.148,-0.379,-12.174,-12.631,-14.732
707.891,40.891,0.340,-9.870,-10.367,-13.625
707.902,20.841,0.886,-7.440,-7.972,-12.176
707.912,4.982,0.607,-5.155,-5.669,-10.499
707.922,-3.189,0.322,-2.850,-3.340,-8.621
707.932,1.795,0.219,-0.537,-1.012,-6.603
707.943,1.758,-0.149,1.584,1.161,-4.514
707.953,-42.619,-1.357,3.378,3.072,-2.446
707.963,2.112,-1.056,4.942,4.618,-0.499
707.974,-4.927,-1.046,6.110,5.788,1.247
707.984,-26.952,-1.195,6.931,6.646,2.743
707.994,0.371,-0.488,7.493,7.183,3.991
708.004,-12.985,-0.551,7.708,7.409,4.939
708.015,-7.518,-0.417,7.522,7.228,5.573
708.025,-32.077,-0.598,7.177,6.907,5.927
708.035,19.795,1.632,6.650,6.299,6.036
708.046,17.284,1.746,5.873,5.529,5.871
708.057,39.096,2.274,4.984,4.611,5.485
708.068,32.244,1.903,3.948,3.632,4.918
708.079,29.323,1.629,2.777,2.498,4.155
708.091,-1.599,1.577,1.687,1.418,3.284
708.102,-9.878,1.542,0.768,0.492,2.383
708.114,15.773,1.825,-0.045,-0.328,1.496
708.126,29.889,1.868,-0.709,-0.976,0.646
708.137,26.572,1.732,-1.284,-1.532,-0.103
708.149,1.468,1.574,-1.532,-1.774,-0.713
708.161,-9.055,1.529,-1.542,-1.799,-1.161
708.172,5.052,1.524,-1.365,-1.590,-1.425
708.184,22.111,1.533,-1.000,-1.200,-1.499
708.196,34.083,1.509,-0.461,-0.658,-1.405
708.207,35.724,1.623,0.335,0.118,-1.116
708.219,36.292,2.444,1.241,0.969,-0.662
708.230,15.751,3.208,2.286,1.980,-0.029
708.242,-19.061,3.084,3.268,2.983,0.726
708.254,-26.143,2.539,4.121,3.861,1.541
708.265,-18.005,1.968,5.017,4.796,2.383
708.277,-7.833,0.320,5.570,5.513,3.199
708.289,-2.888,-0.615,6.007,6.047,3.924
708.300,-2.935,-0.789,6.277,6.333,4.534
708.312,3.707,0.058,6.452,6.445,5.015
708.324,-7.111,0.100,6.296,6.287,5.321
708.335,-9.052,0.172,5.827,5.788,5.404
708.347,21.269,0.445,5.118,5.055,5.260
708.358,16.380,0.841,4.178,4.097,4.886
708.370,11.982,0.107,3.132,3.122,4.310
708.382,20.882,-0.363,1.997,1.996,3.588
708.393,7.503,0.453,0.887,0.856,2.733
708.405,8.768,1.000,-0.218,-0.263,1.804
708.416,-7.861,0.986,-1.253,-1.291,0.838
708.428,-13.912,0.430,-2.178,-2.165,-0.123
708.440,1.279,-1.697,-2.969,-2.845,-1.031
708.451,18.950,-2.632,-3.281,-3.147,-1.805
708.463,29.700,-2.185,-3.334,-3.269,-2.400
708.475,22.430,-0.915,-3.089,-3.143,-2.776
708.486,20.885,0.463,-2.619,-2.736,-2.891
708.497,29.201,0.947,-1.950,-2.108,-2.793
708.508,14.517,0.479,-1.200,-1.325,-2.493
708.518,-25.334,-0.682,-0.419,-0.450,-2.043
708.528,16.605,-0.106,0.571,0.491,-1.447
708.538,41.836,1.388,1.605,1.410,-0.738
708.548,-4.902,0.549,2.456,2.279,0.043
708.559,-26.257,-1.555,3.123,3.057,0.840
708.569,6.000,-0.816,3.748,3.633,1.562
708.579,34.526,0.058,4.303,4.114,2.225
708.589,-16.488,-1.261,4.611,4.501,2.827
708.599,-27.969,-1.143,4.813,4.711,3.316
708.610,21.690,-0.306,4.884,4.736,3.672
708.620,30.876,0.986,4.845,4.617,3.899
708.630,-0.589,-0.370,4.472,4.300,3.981
708.640,-12.302,-0.724,4.002,3.851,3.893
708.651,9.709,-0.362,3.438,3.260,3.661
708.661,-27.351,-0.800,2.597,2.482,3.267
708.671,33.945,1.234,1.885,1.656,2.747
708.681,22.976,1.268,1.042,0.808,2.122
708.692,25.525,1.254,0.143,-0.116,1.406
708.702,14.100,1.163,-0.714,-0.950,0.650
708.712,-16.743,0.523,-1.618,-1.785,-0.116
708.722,-4.926,0.763,-2.378,-2.551,-0.896
708.734,10.498,1.096,-3.083,-3.287,-1.783
708.746,32.796,1.610,-3.631,-3.878,-2.583
708.756,-9.742,0.793,-4.010,-4.228,-3.165
708.768,-2.039,0.410,-4.178,-4.404,-3.703
708.778,3.069,0.355,-4.188,-4.416,-4.030
708.788,-12.376,-0.406,-4.042,-4.198,-4.214
708.799,-29.799,-0.725,-3.749,-3.868,-4.244
708.809,1.231,-0.208,-3.283,-3.430,-4.138
708.819,-2.663,0.305,-2.626,-2.801,-3.878
708.829,12.244,0.697,-1.916,-2.091,-3.484
708.840,28.745,1.866,-1.030,-1.249,-2.938
708.852,29.255,2.045,0.021,-0.183,-2.182
708.863,25.138,2.142,1.161,0.965,-1.296
708.875,14.178,1.724,2.287,2.134,-0.294
708.887,2.126,1.262,3.184,3.068,0.746
708.899,-18.704,-0.066,3.863,3.845,1.666
708.910,-25.269,-0.990,4.327,4.390,2.457
708.922,-26.323,-1.207,4.571,4.681,3.086
708.934,8.315,-0.725,4.620,4.693,3.530
708.945,1.827,-0.471,4.521,4.574,3.777
708.957,-21.013,-0.989,4.220,4.281,3.850
708.969,-3.942,-0.398,3.662,3.665,3.714
708.980,-34.521,-1.361,3.037,3.128,3.410
708.992,-18.437,-1.212,2.330,2.408,2.975
709.004,-4.894,-0.969,1.652,1.699,2.433
709.015,32.396,-0.582,1.088,1.034,1.850
709.027,-3.848,-0.602,0.397,0.331,1.224
709.039,-27.825,-1.001,-0.334,-0.360,0.576
709.050,36.433,4.176,-0.931,-1.194,-0.093
709.062,38.019,5.792,-2.960,-3.280,-1.087
709.073,14.186,9.718,-1.910,-2.330,-1.866
709.085,-50.411,9.847,-1.872,-2.114,-1.923
709.096,-17.394,13.329,-2.256,-2.509,-2.203
709.107,-21.128,13.005,-1.949,-1.860,-2.216
709.118,7.434,13.003,-1.489,-1.226,-1.938
709.129,-15.659,11.247,-1.566,-0.967,-1.575
709.140,2.633,11.541,-2.030,-1.425,-1.516
709.151,-0.139,4.006,-1.885,-0.891,-1.442
709.162,34.740,3.979,-1.883,-1.017,-1.383
709.173,33.351,3.785,-1.886,-0.964,-1.337
709.184,20.634,3.707,-1.949,-1.009,-1.312
709.195,-2.823,0.714,-1.978,-0.832,-1.274
709.205,14.737,2.870,-1.862,-0.859,-1.222
709.216,-20.450,2.203,-1.972,-0.867,-1.185
709.227,-14.818,0.230,-1.977,-0.779,-1.162
709.238,1.100,1.835,-1.812,-0.737,-1.112
709.249,-8.860,1.613,-1.820,-0.749,-1.074
709.260,-5.447,0.386,-1.853,-0.719,-1.060
709.270,3.717,0.981,-1.759,-0.688,-1.034
709.281,-3.691,0.574,-1.752,-0.666,-1.006
709.292,1.073,0.236,-1.751,-0.651,-0.981
709.303,-0.035,0.443,-1.724,-0.650,-0.960
709.314,-1.318,0.079,-1.739,-0.649,-0.951
709.324,0.500,0.133,-1.734,-0.659,-0.947
709.335,-0.937,-0.021,-1.732,-0.656,-0.948
709.346,0.220,-0.029,-1.742,-0.674,-0.950
709.357,-0.764,-0.101,-1.724,-0.661,-0.951
709.368,0.088,-0.110,-1.724,-0.670,-0.945
709.379,-0.655,-0.140,-1.712,-0.666,-0.941
709.389,-0.377,-0.175,-1.695,-0.655,-0.938
709.400,-0.205,-0.161,-1.679,-0.649,-0.926
709.411,-0.331,-0.224,-1.665,-0.640,-0.917
709.422,-0.206,-0.211,-1.633,-0.618,-0.898
709.433,-0.288,-0.237,-1.620,-0.612,-0.881
709.443,-0.039,-0.223,-1.604,-0.606,-0.867
709.454,-0.412,-0.227,-1.612,-0.622,-0.860
709.465,-0.039,-0.222,-1.610,-0.629,-0.858
709.476,-0.373,-0.223,-1.601,-0.628,-0.853
709.487,-0.039,-0.226,-1.625,-0.661,-0.858
709.498,-0.290,-0.236,-1.587,-0.630,-0.856
709.508,-0.457,-0.257,-1.591,-0.641,-0.849
709.519,-0.247,-0.240,-1.553,-0.612,-0.839
709.530,-0.206,-0.238,-1.529,-0.597,-0.821
709.541,-0.247,-0.229,-1.500,-0.576,-0.806
709.552,-0.291,-0.241,-1.488,-0.571,-0.791
709.562,-0.164,-0.249,-1.501,-0.592,-0.792
709.573,-0.288,-0.232,-1.472,-0.572,-0.790
709.584,-0.290,-0.263,-1.478,-0.584,-0.783
709.595,-0.291,-0.268,-1.477,-0.590,-0.787
709.605,0.044,-0.254,-1.443,-0.564,-0.778
709.616,-0.248,-0.244,-1.454,-0.584,-0.772
709.627,-0.122,-0.235,-1.427,-0.565,-0.764
709.638,-0.122,-0.238,-1.430,-0.575,-0.759
709.649,-0.415,-0.242,-1.422,-0.574,-0.757
709.659,-0.457,-0.258,-1.411,-0.569,-0.753
709.670,-0.122,-0.254,-1.387,-0.553,-0.743
709.681,-0.207,-0.260,-1.367,-0.539,-0.737
709.692,-0.289,-0.270,-1.344,-0.523,-0.726
709.702,-0.457,-0.291,-1.339,-0.523,-0.716
709.713,-0.122,-0.286,-1.325,-0.516,-0.707
709.724,-0.206,-0.275,-1.295,-0.494,-0.698
709.734,-0.289,-0.267,-1.304,-0.510,-0.688
709.745,-0.123,-0.262,-1.294,-0.507,-0.681
709.756,-0.416,-0.262,-1.308,-0.528,-0.681
709.767,-0.331,-0.256,-1.304,-0.531,-0.682
709.778,-0.374,-0.263,-1.314,-0.547,-0.683
709.788,-0.206,-0.270,-1.326,-0.565,-0.690
709.799,-0.248,-0.259,-1.330,-0.576,-0.700
709.810,-0.081,-0.246,-1.311,-0.565,-0.704
709.821,-0.666,-0.278,-1.294,-0.552,-0.697
709.832,-0.372,-0.273,-1.268,-0.532,-0.689
709.842,-0.122,-0.272,-1.258,-0.529,-0.679
709.853,-0.123,-0.260,-1.235,-0.513,-0.664
709.864,-0.415,-0.286,-1.239,-0.521,-0.649
709.875,-0.291,-0.275,-1.242,-0.531,-0.645
709.886,-0.376,-0.275,-1.251,-0.546,-0.647
709.896,-0.583,-0.294,-1.258,-0.557,-0.647
709.907,-0.374,-0.282,-1.227,-0.533,-0.640
709.918,-0.291,-0.264,-1.220,-0.533,-0.629
709.929,-0.373,-0.272,-1.221,-0.539,-0.623
709.939,-0.415,-0.263,-1.227,-0.552,-0.620
709.950,-0.206,-0.237,-1.193,-0.525,-0.610
709.961,-0.418,-0.258,-1.188,-0.524,-0.595
709.972,-0.332,-0.260,-1.190,-0.532,-0.596
709.982,-0.331,-0.276,-1.211,-0.557,-0.605
709.993,-0.457,-0.290,-1.198,-0.550,-0.609
710.004,-0.163,-0.277,-1.196,-0.554,-0.613
710.015,-0.080,-0.288,-1.170,-0.533,-0.607
710.025,-0.122,-0.277,-1.171,-0.539,-0.603
710.036,-0.247,-0.264,-1.173,-0.548,-0.603
710.047,-0.205,-0.266,-1.147,-0.527,-0.597
710.058,-0.331,-0.257,-1.113,-0.499,-0.583
710.068,-0.291,-0.271,-1.080,-0.470,-0.565
710.079,-0.414,-0.286,-1.091,-0.485,-0.555
710.090,-0.333,-0.291,-1.103,-0.503,-0.550
710.101,-0.207,-0.269,-1.111,-0.517,-0.556
710.111,-0.080,-0.259,-1.074,-0.485,-0.550
710.122,-0.163,-0.254,-1.083,-0.500,-0.548
710.133,-0.249,-0.2