R
Px,Ix,Dx,Py,Iy,Dy,Pz,Iz,FFrx,FFry,FFdrx,FFdry,satI,satPID,DTermC,GparamC,AparamC,KFQAng,KFQbias,KFRmeas,CPx,CIx,CPy,CIy,CsatI,CsatPID,CFFdrx,CFFdry
175,25,1900,200,25,2100,500,150,0,0,0,0,7,75,10,10.0,32.0,0.000100,0.003000,20,110,1,110,1,50,250,0,0
sysTime,aRawR,aPT1R,aKFRawR,aKFPT10R,aKFPT11R
85.037,-0.332,-0.146,-0.382,-0.383,-0.367
85.048,-0.080,-0.140,-0.377,-0.378,-0.372
85.059,-0.206,-0.135,-0.399,-0.400,-0.383
85.070,-0.123,-0.140,-0.420,-0.421,-0.397
85.080,-0.290,-0.150,-0.396,-0.396,-0.406
85.091,-0.248,-0.136,-0.409,-0.410,-0.410
85.102,-0.122,-0.136,-0.396,-0.397,-0.409
85.113,-0.122,-0.137,-0.360,-0.360,-0.395
85.124,-0.207,-0.125,-0.360,-0.361,-0.382
85.135,-0.122,-0.114,-0.345,-0.347,-0.373
85.146,-0.289,-0.131,-0.333,-0.334,-0.360
85.156,-0.248,-0.138,-0.350,-0.351,-0.354
85.167,0.211,-0.118,-0.347,-0.348,-0.353
85.178,-0.248,-0.137,-0.323,-0.323,-0.342
85.189,0.086,-0.126,-0.283,-0.284,-0.326
85.200,-0.039,-0.118,-0.310,-0.312,-0.321
85.210,-0.206,-0.125,-0.318,-0.319,-0.324
85.221,0.044,-0.129,-0.334,-0.335,-0.329
85.232,-0.123,-0.144,-0.331,-0.331,-0.338
85.243,-0.123,-0.152,-0.307,-0.307,-0.330
85.254,-0.081,-0.157,-0.299,-0.299,-0.321
85.265,-0.164,-0.148,-0.277,-0.277,-0.310
85.275,0.127,-0.136,-0.280,-0.281,-0.304
85.286,-0.165,-0.138,-0.289,-0.289,-0.301
85.297,-0.123,-0.141,-0.288,-0.289,-0.300
85.308,-0.247,-0.154,-0.273,-0.273,-0.301
85.319,-0.122,-0.161,-0.283,-0.283,-0.298
85.330,-0.248,-0.169,-0.304,-0.304,-0.306
85.340,-0.122,-0.171,-0.279,-0.278,-0.309
85.351,-0.165,-0.157,-0.287,-0.286,-0.311
85.362,-0.081,-0.158,-0.281,-0.281,-0.311
85.373,-0.165,-0.162,-0.270,-0.270,-0.308
85.384,-0.457,-0.185,-0.257,-0.255,-0.302
85.395,-0.205,-0.191,-0.275,-0.273,-0.299
85.406,-0.081,-0.191,-0.306,-0.304,-0.305
85.416,-0.248,-0.182,-0.279,-0.277,-0.306
85.427,-0.165,-0.156,-0.310,-0.310,-0.311
85.438,-0.081,-0.158,-0.297,-0.296,-0.319
85.449,0.002,-0.138,-0.288,-0.289,-0.316
85.460,-0.164,-0.136,-0.259,-0.260,-0.306
85.470,0.127,-0.135,-0.236,-0.237,-0.293
85.481,-0.248,-0.141,-0.287,-0.287,-0.299
85.492,-0.164,-0.142,-0.279,-0.279,-0.305
85.503,-0.333,-0.144,-0.259,-0.259,-0.304
85.514,-0.248,-0.136,-0.263,-0.264,-0.299
85.525,-0.081,-0.133,-0.254,-0.255,-0.294
85.536,-0.039,-0.128,-0.244,-0.245,-0.284
85.546,-0.164,-0.133,-0.262,-0.263,-0.285
85.557,-0.248,-0.127,-0.252,-0.253,-0.287
85.568,-0.206,-0.130,-0.263,-0.263,-0.289
85.579,-0.331,-0.130,-0.283,-0.283,-0.297
85.590,-0.123,-0.130,-0.282,-0.283,-0.303
85.601,-0.081,-0.132,-0.311,-0.311,-0.315
85.611,0.002,-0.129,-0.303,-0.304,-0.323
85.622,-0.163,-0.150,-0.292,-0.292,-0.322
85.633,-0.080,-0.147,-0.271,-0.271,-0.319
85.644,-0.039,-0.143,-0.248,-0.248,-0.310
85.655,-0.206,-0.128,-0.233,-0.234,-0.299
85.666,-0.164,-0.135,-0.241,-0.242,-0.290
85.676,-0.123,-0.125,-0.232,-0.233,-0.280
85.687,-0.206,-0.125,-0.228,-0.229,-0.275
85.698,-0.205,-0.139,-0.219,-0.219,-0.273
85.709,-0.206,-0.163,-0.244,-0.244,-0.278
85.720,-0.039,-0.146,-0.222,-0.222,-0.281
85.731,-0.039,-0.145,-0.227,-0.227,-0.282
85.741,-0.039,-0.152,-0.225,-0.225,-0.286
85.752,-0.248,-0.151,-0.252,-0.252,-0.290
85.763,-0.165,-0.148,-0.233,-0.233,-0.292
85.774,-0.207,-0.137,-0.268,-0.269,-0.301
85.785,-0.164,-0.147,-0.291,-0.291,-0.317
85.796,-0.081,-0.144,-0.250,-0.250,-0.316
85.808,-0.039,-0.131,-0.259,-0.260,-0.315
85.819,-0.039,-0.137,-0.236,-0.237,-0.311
85.831,-0.039,-0.135,-0.221,-0.222,-0.301
85.843,0.002,-0.122,-0.226,-0.227,-0.298
85.854,-0.080,-0.131,-0.231,-0.232,-0.293
85.866,-0.332,-0.141,-0.201,-0.201,-0.287
85.877,-0.039,-0.141,-0.179,-0.180,-0.274
85.889,0.002,-0.124,-0.171,-0.172,-0.256
85.900,-0.164,-0.116,-0.143,-0.144,-0.239
85.912,0.002,-0.127,-0.121,-0.121,-0.222
85.923,0.168,-0.152,-0.118,-0.118,-0.204
85.935,0.553,-0.167,-0.124,-0.123,-0.195
85.946,1.596,0.030,-0.113,-0.120,-0.192
85.958,-1.014,-0.297,-0.092,-0.085,-0.178
85.969,-5.517,-0.246,-0.078,-0.073,-0.159
85.981,5.269,-0.122,-0.071,-0.071,-0.149
85.992,0.717,-0.525,-0.062,-0.044,-0.132
86.004,-2.101,-0.273,-0.034,-0.027,-0.118
86.015,-2.608,-0.317,-0.051,-0.043,-0.112
86.027,-4.333,-0.474,-0.049,-0.033,-0.099
86.039,-2.326,-0.195,-0.027,-0.023,-0.090
86.050,4.637,-0.290,-0.037,-0.026,-0.084
86.062,1.932,-0.119,-0.006,-0.001,-0.068
86.073,0.265,-0.066,0.010,0.013,-0.053
86.085,-0.692,-0.200,0.033,0.042,-0.038
86.096,-4.882,-0.356,0.069,0.085,-0.015
86.108,9.385,-0.287,0.104,0.116,0.012
86.119,6.211,-0.496,0.130,0.152,0.045
86.131,-1.303,-0.478,0.234,0.255,0.091
86.142,0.449,-0.304,0.281,0.295,0.145
86.154,3.227,-0.245,0.379,0.389,0.200
86.165,-4.003,-0.084,0.445,0.448,0.265
86.177,5.001,-0.097,0.483,0.487,0.323
86.188,1.659,-0.028,0.543,0.544,0.378
86.200,-4.480,-0.240,0.594,0.603,0.432
86.211,-10.467,-0.064,0.663,0.664,0.489
86.223,11.447,0.045,0.678,0.674,0.536
86.234,8.867,0.092,0.699,0.692,0.569
86.246,-1.669,0.282,0.719,0.702,0.596
86.257,6.749,0.371,0.698,0.677,0.609
86.269,5.770,0.304,0.698,0.679,0.609
86.280,6.529,0.449,0.650,0.623,0.600
86.292,-9.520,0.164,0.640,0.626,0.593
86.304,2.974,0.446,0.619,0.592,0.581
86.315,-13.630,0.220,0.613,0.597,0.571
86.327,-4.401,0.420,0.592,0.567,0.556
86.338,-0.772,0.451,0.572,0.545,0.540
86.350,16.342,0.458,0.588,0.562,0.530
86.361,0.634,0.506,0.600,0.572,0.523
86.373,-0.847,0.186,0.583,0.568,0.523
86.384,-4.467,0.097,0.589,0.578,0.525
86.396,4.808,-0.004,0.575,0.569,0.520
86.407,-11.909,0.097,0.577,0.565,0.519
86.419,6.211,0.313,0.573,0.551,0.511
86.430,-5.077,0.317,0.561,0.537,0.506
86.442,7.749,0.299,0.565,0.540,0.501
86.453,0.347,0.217,0.573,0.551,0.506
86.465,-3.562,0.150,0.603,0.584,0.514
86.476,-0.590,0.226,0.609,0.586,0.524
86.488,-4.883,0.259,0.633,0.609,0.536
86.500,-0.713,0.142,0.612,0.594,0.542
86.511,0.297,0.219,0.594,0.572,0.541
86.523,-5.779,-0.031,0.575,0.566,0.537
86.534,2.081,-0.038,0.585,0.576,0.539
86.546,7.522,0.135,0.618,0.601,0.551
86.557,-6.156,0.178,0.588,0.569,0.555
86.569,-9.340,-0.119,0.613,0.604,0.562
86.580,25.632,0.485,0.622,0.579,0.574
86.592,-0.540,-0.199,0.493,0.487,0.553
86.603,-2.703,-0.748,0.556,0.572,0.541
86.615,-20.139,-0.727,0.534,0.538,0.541
86.626,-4.156,0.224,0.573,0.542,0.540
86.638,-0.437,1.041,0.599,0.540,0.542
86.649,-2.402,1.488,0.596,0.524,0.548
86.661,-3.576,1.999,0.667,0.586,0.557
86.673,1.849,1.900,0.725,0.646,0.588
86.684,-9.681,1.563,0.758,0.702,0.632
86.696,-26.646,1.935,0.786,0.705,0.668
86.707,-18.789,2.872,0.820,0.721,0.698
86.719,-14.991,2.486,0.826,0.756,0.726
86.731,-6.978,2.481,0.897,0.830,0.768
86.742,-6.522,1.189,0.688,0.665,0.763
86.754,-2.908,-0.557,0.530,0.565,0.700
86.765,17.040,-0.977,0.365,0.420,0.604
86.777,33.955,-0.550,0.205,0.220,0.467
86.789,28.184,-0.805,-0.055,-0.027,0.291
86.800,33.794,-0.272,-0.420,-0.409,0.054
86.812,45.416,1.094,-0.755,-0.806,-0.244
86.824,24.954,1.699,-1.061,-1.143,-0.569
86.835,-11.501,0.988,-1.335,-1.385,-0.876
86.847,-3.374,0.975,-1.654,-1.695,-1.179
86.858,-0.913,0.091,-1.935,-1.937,-1.471
86.870,18.671,-0.841,-2.189,-2.161,-1.745
86.882,13.514,-1.575,-2.443,-2.398,-2.016
86.893,-9.131,-2.044,-2.696,-2.636,-2.278
86.905,-36.160,-2.218,-2.986,-2.922,-2.546
86.917,-40.470,-2.118,-3.122,-3.059,-2.774
86.928,-30.653,-1.797,-3.189,-3.130,-2.962
86.940,-18.468,-1.373,-3.138,-3.089,-3.072
86.952,-14.894,-1.298,-3.026,-2.981,-3.109
86.963,-21.906,-1.386,-2.815,-2.764,-3.066
86.975,-32.256,-1.599,-2.597,-2.540,-2.952
86.987,-41.110,-0.755,-2.292,-2.277,-2.778
86.998,-31.629,-0.113,-1.908,-1.919,-2.536
87.010,-16.039,0.201,-1.469,-1.485,-2.232
87.022,-7.422,-0.034,-0.985,-0.991,-1.875
87.033,6.750,-0.256,-0.431,-0.433,-1.454
87.045,16.754,0.114,0.167,0.163,-0.973
87.057,28.106,0.657,0.795,0.776,-0.441
87.068,24.760,0.282,1.402,1.399,0.125
87.080,11.057,-0.072,1.949,1.962,0.704
87.092,2.546,0.000,2.456,2.462,1.278
87.102,14.399,0.576,2.843,2.815,1.723
87.114,-5.802,0.394,3.240,3.204,2.199
87.126,-24.325,0.453,3.551,3.481,2.622
87.138,-22.687,-0.171,3.719,3.650,2.971
87.150,-13.564,-0.989,3.843,3.785,3.245
87.163,2.612,-1.527,3.798,3.761,3.413
87.174,8.579,-1.349,3.637,3.604,3.468
87.186,8.815,-1.567,3.372,3.337,3.423
87.198,13.718,-1.940,3.016,2.981,3.260
87.210,9.917,-2.083,2.536,2.492,2.984
87.223,10.919,-1.701,1.952,1.905,2.617
87.233,-5.577,-1.909,1.459,1.425,2.243
87.245,-10.245,-2.277,0.798,0.777,1.729
87.255,-31.111,-2.555,0.246,0.239,1.259
87.265,15.185,-1.689,-0.313,-0.357,0.765
87.277,1.675,-1.035,-0.960,-1.020,0.142
87.289,12.587,-0.491,-1.625,-1.708,-0.500
87.301,29.872,0.391,-2.247,-2.376,-1.124
87.311,-16.916,-0.885,-2.807,-2.889,-1.661
87.321,-34.240,-2.595,-3.299,-3.329,-2.185
87.331,5.237,-1.771,-3.647,-3.737,-2.686
87.343,-23.627,-2.223,-4.087,-4.184,-3.232
87.355,-11.189,-2.646,-4.408,-4.492,-3.710
87.365,-33.461,-4.888,-4.578,-4.586,-4.033
87.375,-31.687,-4.247,-4.547,-4.578,-4.272
87.385,27.050,-1.469,-4.352,-4.468,-4.407
87.395,3.415,-1.432,-4.118,-4.245,-4.427
87.405,8.937,-1.224,-3.878,-4.020,-4.377
87.415,13.399,-0.350,-3.498,-3.652,-4.228
87.428,9.952,-0.846,-2.980,-3.111,-3.934
87.439,-13.414,-1.293,-2.409,-2.519,-3.558
87.451,-11.164,-1.937,-1.738,-1.805,-3.067
87.461,-47.560,-4.096,-1.190,-1.178,-2.581
87.473,-40.565,-3.608,-0.502,-0.549,-1.991
87.485,7.384,-2.853,0.252,0.160,-1.346
87.495,-44.135,-3.768,0.882,0.820,-0.785
87.505,-0.711,-1.803,1.541,1.404,-0.201
87.515,25.059,-0.696,2.040,1.871,0.373
87.526,15.343,-1.153,2.521,2.360,0.925
87.536,-11.150,-1.676,3.002,2.861,1.458
87.546,-14.419,-2.127,3.430,3.320,1.977
87.556,2.184,-1.839,3.794,3.675,2.452
87.567,-14.242,-2.240,4.091,3.982,2.875
87.577,-1.751,-1.773,4.370,4.237,3.240
87.588,15.301,-1.055,4.626,4.458,3.592
87.599,25.415,-0.599,4.782,4.572,3.886
87.610,18.838,-0.230,4.828,4.596,4.108
87.621,-4.528,-0.718,4.757,4.547,4.236
87.632,-30.776,-1.227,4.550,4.366,4.282
87.643,-21.768,-0.967,4.217,4.035,4.225
87.654,3.285,-0.244,3.767,3.573,4.054
87.665,2.979,0.122,3.271,3.072,3.798
87.676,1.642,0.460,2.772,2.561,3.464
87.687,5.547,0.886,2.193,1.964,3.062
87.699,-12.266,0.913,1.519,1.300,2.569
87.710,11.958,2.056,0.894,0.656,2.035
87.721,-8.945,2.293,0.183,-0.044,1.455
87.733,14.918,3.297,-0.536,-0.791,0.834
87.744,8.511,3.918,-1.103,-1.370,0.214
87.756,13.990,4.098,-1.643,-1.908,-0.372
87.767,24.296,4.219,-2.086,-2.342,-0.923
87.779,37.813,4.218,-2.464,-2.694,-1.439
87.790,50.207,4.362,-2.785,-3.006,-1.893
87.802,46.097,4.116,-2.965,-3.175,-2.264
87.813,56.449,4.364,-3.031,-3.263,-2.556
87.824,11.857,3.180,-3.023,-3.229,-2.736
87.834,-36.036,1.039,-2.964,-3.091,-2.828
87.844,-5.313,1.165,-2.818,-2.961,-2.860
87.854,17.485,2.008,-2.630,-2.787,-2.832
87.864,-9.839,0.953,-2.431,-2.541,-2.743
87.875,2.907,0.994,-2.192,-2.309,-2.611
87.885,8.689,0.744,-1.921,-2.035,-2.435
87.895,-32.296,0.019,-1.635,-1.715,-2.225
87.905,18.885,1.530,-1.334,-1.447,-1.983
87.916,34.996,2.079,-0.960,-1.097,-1.703
87.926,8.135,1.111,-0.610,-0.707,-1.388
87.938,18.805,-0.465,-0.102,-0.172,-0.977
87.950,21.690,-1.014,0.387,0.337,-0.541
87.961,20.345,-0.401,0.926,0.850,-0.078
87.973,22.480,0.327,1.379,1.280,0.399
87.984,22.363,0.652,1.661,1.561,0.820
87.996,26.351,0.435,1.872,1.793,1.187
88.008,23.545,0.275,2.181,2.150,1.508
88.019,15.981,0.088,2.499,2.487,1.843
88.031,4.506,-1.049,2.627,2.651,2.136
88.043,4.728,-0.696,2.881,2.884,2.386
88.054,-1.471,1.103,3.040,2.964,2.606
88.066,-1.756,2.837,3.219,3.081,2.801
88.078,-1.691,2.720,3.260,3.135,2.954
88.089,-8.119,1.216,3.226,3.186,3.076
88.101,-10.774,-0.741,2.966,3.069,3.099
88.113,0.164,-1.935,2.720,2.858,3.030
88.124,22.306,-1.557,2.419,2.507,2.881
88.136,18.210,-0.760,2.128,2.180,2.660
88.148,4.806,-0.880,1.519,1.602,2.334
88.159,2.680,-0.908,0.911,1.019,1.907
88.171,-4.714,-0.616,0.461,0.562,1.460
88.183,-15.100,-0.282,-0.177,-0.094,0.974
88.194,-28.470,-0.477,-0.932,-0.831,0.408
88.204,-43.549,-0.686,-1.516,-1.368,-0.118
88.216,-39.901,-0.857,-2.189,-1.980,-0.744
88.228,-29.140,-0.684,-2.831,-2.627,-1.372
88.240,-23.766,0.140,-3.258,-3.097,-1.965
88.251,-9.124,0.627,-3.617,-3.470,-2.470
88.263,-7.724,0.025,-3.837,-3.673,-2.872
88.275,-10.022,-1.484,-3.931,-3.748,-3.169
88.286,-12.466,-2.140,-3.934,-3.750,-3.376
88.298,-16.980,-2.333,-3.795,-3.605,-3.479
88.310,-6.910,-1.968,-3.673,-3.503,-3.493
88.321,0.703,-1.738,-3.426,-3.284,-3.435
88.333,3.858,-1.666,-3.136,-3.022,-3.312
88.345,-6.317,-1.314,-2.865,-2.789,-3.143
88.356,-19.320,-1.068,-2.404,-2.362,-2.896
88.368,-37.152,-1.659,-1.972,-1.939,-2.578
88.380,-46.518,-2.729,-1.515,-1.490,-2.210
88.391,-41.667,-3.716,-0.922,-0.903,-1.789
88.403,-30.985,-4.442,-0.286,-0.277,-1.303
88.415,-18.807,-4.781,0.345,0.326,-0.780
88.426,-9.663,-4.623,0.852,0.799,-0.265
88.438,-3.198,-3.961,1.329,1.238,0.222
88.450,0.358,-2.710,1.867,1.724,0.708
88.461,1.259,-1.328,2.402,2.213,1.217
88.473,-28.139,-0.697,2.905,2.679,1.738
88.485,-40.862,-1.012,3.340,3.126,2.231
88.495,34.429,1.372,3.700,3.426,2.639
88.506,23.679,1.251,3.872,3.632,3.006
88.516,-36.305,-0.081,4.000,3.832,3.309
88.527,-46.181,-0.576,4.111,4.002,3.577
88.537,18.644,0.785,4.166,4.013,3.790
88.548,23.824,0.815,4.101,3.949,3.926
88.559,16.073,0.314,3.895,3.770,3.979
88.570,-2.224,-0.331,3.477,3.394,3.911
88.582,3.509,-0.400,2.871,2.797,3.703
88.593,19.423,-0.148,2.158,2.069,3.342
88.605,23.544,0.023,1.149,1.061,2.821
88.616,-3.338,-0.423,-0.043,-0.104,2.099
88.627,-13.101,-0.393,-1.454,-1.511,1.178
88.638,6.568,-0.040,-3.055,-3.128,0.078
88.649,1.610,-0.463,-4.784,-4.846,-1.196
88.660,1.220,-0.697,-6.565,-6.618,-2.614
88.671,25.891,0.157,-8.469,-8.563,-4.202
88.682,38.206,0.783,-10.412,-10.551,-5.917
88.693,2.408,0.030,-12.229,-12.348,-7.662
88.705,-10.453,-1.020,-14.051,-14.126,-9.460
88.716,14.969,-1.173,-15.827,-15.876,-11.310
88.727,7.130,-1.699,-17.347,-17.324,-13.002
88.738,-15.835,-2.677,-18.644,-18.593,-14.558
88.750,-1.923,-2.718,-19.682,-19.617,-16.012
88.760,-10.611,-3.321,-20.455,-20.341,-17.257
88.771,-12.764,-3.375,-20.842,-20.765,-18.282
88.782,-9.626,-3.562,-20.951,-20.833,-19.044
88.793,3.835,-3.518,-20.723,-20.603,-19.523
88.804,16.432,-3.626,-20.143,-20.020,-19.716
88.815,16.725,-3.522,-19.255,-19.145,-19.598
88.826,12.343,-4.325,-18.108,-17.995,-19.181
88.837,12.604,-4.548,-16.694,-16.599,-18.501
88.847,-3.119,-5.242,-15.187,-15.097,-17.589
88.859,13.823,-4.282,-13.201,-13.150,-16.255
88.871,19.684,-3.549,-11.140,-11.137,-14.670
88.883,40.345,-3.045,-9.166,-9.189,-12.929
88.894,47.370,-2.869,-7.126,-7.174,-11.099
88.906,34.328,-2.841,-5.149,-5.241,-9.220
88.918,13.778,-2.825,-3.269,-3.390,-7.361
88.930,7.010,-2.984,-1.507,-1.638,-5.505
88.941,4.784,-2.825,0.229,0.080,-3.725
88.953,-9.387,-2.865,1.694,1.549,-2.026
88.964,-25.755,-3.191,2.980,2.836,-0.457
88.976,-37.863,-3.486,4.226,4.070,0.984
88.988,-31.933,-3.547,5.287,5.141,2.316
88.999,-28.135,-3.310,6.052,5.927,3.491
89.011,-21.595,-3.311,6.716,6.594,4.488
89.023,-22.119,-3.895,7.018,6.910,5.267
89.035,-22.339,-5.198,7.109,7.057,5.830
89.046,-25.224,-6.423,7.066,7.083,6.197
89.058,-30.786,-7.172,6.913,6.973,6.395
89.069,-15.610,-6.975,6.780,6.823,6.453
89.081,3.318,-5.732,6.557,6.528,6.407
89.093,13.427,-4.166,6.172,6.059,6.242
89.105,19.198,-2.757,5.831,5.646,5.976
89.116,11.067,-2.506,5.228,5.021,5.603
89.128,5.811,-2.357,4.665,4.442,5.143
89.140,2.625,-2.247,3.987,3.762,4.602
89.151,-3.924,-2.131,3.227,3.013,3.994
89.163,-7.344,-2.220,2.659,2.443,3.378
89.174,-5.051,-2.159,2.134,1.908,2.790
89.186,7.688,-2.156,1.452,1.213,2.189
89.198,27.921,-2.407,0.846,0.599,1.560
89.209,50.223,-2.662,0.292,0.033,0.935
89.221,49.070,-2.840,-0.318,-0.579,0.320
89.233,34.792,-3.164,-0.949,-1.189,-0.303
89.245,10.889,-3.396,-1.496,-1.718,-0.900
89.256,-22.341,-3.535,-1.955,-2.180,-1.453
89.268,-34.672,-4.256,-2.529,-2.760,-1.999
89.280,-28.449,-5.195,-3.034,-3.263,-2.539
89.291,-18.696,-6.005,-3.483,-3.699,-3.057
89.303,8.343,-5.903,-3.857,-4.093,-3.534
89.315,10.988,-4.753,-4.065,-4.375,-3.957
89.326,-7.282,-3.332,-4.039,-4.406,-4.254
89.338,-11.444,-2.286,-3.959,-4.374,-4.433
89.350,0.001,-1.405,-3.763,-4.222,-4.480
89.361,26.793,-0.169,-3.439,-3.922,-4.416
89.373,41.321,0.726,-3.063,-3.533,-4.230
89.385,38.582,2.281,-2.512,-3.009,-3.934
89.397,27.396,3.909,-1.850,-2.397,-3.499
89.409,10.435,4.648,-1.167,-1.742,-2.970
89.420,8.342,4.387,-0.524,-1.076,-2.382
89.432,29.943,4.170,0.154,-0.391,-1.756
89.443,41.396,4.717,0.933,0.369,-1.091
89.455,28.795,5.680,1.682,1.112,-0.379
89.467,5.493,6.137,2.266,1.737,0.321
89.479,-15.028,5.310,2.831,2.353,0.979
89.490,-17.322,3.652,3.317,2.911,1.614
89.502,15.518,3.154,3.831,3.445,2.204
89.514,22.902,2.914,4.262,3.887,2.737
89.525,11.574,2.361,4.589,4.248,3.218
89.537,19.747,1.840,4.833,4.510,3.625
89.549,20.104,1.539,5.027,4.721,3.957
89.560,9.657,0.995,5.092,4.811,4.199
89.572,-2.359,0.537,5.078,4.821,4.361
89.584,-19.663,0.138,4.985,4.745,4.448
89.595,-13.561,-0.003,4.813,4.585,4.447
89.607,-16.163,-1.505,4.320,4.186,4.326
89.619,12.889,-2.728,3.655,3.608,4.030
89.630,27.533,-2.715,2.996,2.945,3.617
89.642,-17.307,-1.494,2.283,2.195,3.080
89.654,-52.775,-0.955,1.591,1.465,2.477
89.665,-36.742,-2.120,0.824,0.732,1.837
89.677,34.032,-2.573,0.096,0.029,1.150
89.689,25.235,-3.240,-0.564,-0.620,0.469
89.701,18.040,-3.199,-1.262,-1.325,-0.215
89.712,22.523,-3.417,-2.004,-2.066,-0.923
89.724,47.166,-3.421,-2.703,-2.774,-1.649
89.735,50.008,-2.407,-3.271,-3.384,-2.337
89.747,25.154,-0.358,-3.711,-3.927,-2.966
89.759,-5.977,0.745,-4.043,-4.314,-3.522
89.771,1.141,1.099,-4.137,-4.423,-3.919
89.782,11.537,1.612,-4.250,-4.553,-4.206
89.794,-1.959,1.195,-4.325,-4.607,-4.423
89.805,2.694,1.295,-4.225,-4.507,-4.545
89.817,24.488,1.650,-4.045,-4.332,-4.560
89.829,30.844,2.443,-3.820,-4.102,-4.484
89.841,20.181,2.661,-3.478,-3.755,-4.313
89.852,17.333,3.090,-2.977,-3.264,-4.044
89.864,5.179,4.021,-2.509,-2.832,-3.693
89.876,-27.305,3.249,-2.007,-2.282,-3.288
89.888,-27.616,2.300,-1.422,-1.640,-2.806
89.899,-31.106,1.376,-0.783,-0.965,-2.237
89.911,-41.954,-0.225,-0.264,-0.378,-1.657
89.923,-27.923,-1.266,0.269,0.225,-1.096
89.934,5.072,-1.309,0.930,0.902,-0.506
89.946,20.605,-0.848,1.606,1.584,0.131
89.958,6.257,-1.046,2.206,2.213,0.764
89.969,2.052,-0.964,2.950,2.954,1.429
89.980,2.113,-0.948,3.498,3.503,2.020
89.990,20.006,-0.584,3.935,3.923,2.592
90.001,34.054,0.189,4.324,4.282,3.092
90.012,35.132,0.218,4.596,4.568,3.554
90.023,27.984,-0.013,4.828,4.834,3.962
90.034,19.169,-0.390,5.001,5.042,4.315
90.045,4.861,-0.673,5.183,5.247,4.620
90.056,0.273,-0.540,5.401,5.459,4.887
90.067,-3.723,-0.474,5.629,5.684,5.143
90.078,-6.374,-0.563,5.928,5.987,5.403
90.089,-2.592,-0.768,6.342,6.408,5.695
90.100,2.382,-0.949,6.915,6.986,6.052
90.111,2.112,-0.828,7.612,7.675,6.495
90.122,8.505,0.182,8.467,8.493,7.064
90.133,16.912,1.077,9.523,9.515,7.755
90.144,21.534,1.819,10.741,10.694,8.591
90.155,22.925,2.257,12.075,12.008,9.572
90.166,21.230,2.250,13.449,13.387,10.671
90.177,16.577,2.051,14.908,14.854,11.883
90.188,9.736,1.836,16.399,16.350,13.186
90.199,17.296,2.268,17.873,17.807,14.534
90.210,10.097,2.362,19.216,19.154,15.902
90.221,-0.863,2.307,20.321,20.271,17.233
90.232,-24.295,1.710,21.235,21.206,18.454
90.243,-49.090,0.715,21.852,21.848,19.521
90.254,-43.410,0.021,22.191,22.210,20.402
90.265,-23.242,0.032,22.271,22.295,21.054
90.276,-0.681,0.611,21.955,21.965,21.431
90.287,35.727,1.117,21.345,21.328,21.534
90.298,41.449,1.104,20.468,20.456,21.349
90.309,17.458,0.874,19.384,19.408,20.909
90.320,17.332,1.582,18.092,18.094,20.218
90.331,29.835,2.036,16.736,16.728,19.333
90.342,51.382,2.653,15.289,15.254,18.266
90.353,59.276,3.145,13.759,13.690,17.054
90.364,50.086,3.366,12.279,12.187,15.743
90.375,37.699,3.287,10.829,10.726,14.386
90.386,9.779,2.579,9.449,9.364,13.036
90.397,12.829,2.425,8.151,8.066,11.700
90.408,22.653,2.707,6.880,6.789,10.405
90.419,40.271,3.242,5.652,5.544,9.087
90.430,50.902,4.041,4.469,4.327,7.814
90.440,51.240,5.090,3.431,3.246,6.638
90.450,-0.637,3.026,2.272,2.167,5.489
90.460,-19.465,2.190,1.257,1.174,4.379
90.472,10.254,2.555,0.174,0.065,3.154
90.484,7.691,2.398,-0.973,-1.069,1.963
90.495,-12.859,2.359,-2.036,-2.123,0.803
90.507,-9.218,3.472,-2.848,-2.982,-0.243
90.519,-22.493,4.329,-3.514,-3.662,-1.158
90.530,-9.493,4.126,-4.187,-4.304,-2.003
90.542,20.739,4.215,-4.694,-4.807,-2.755
90.554,13.090,4.494,-5.015,-5.127,-3.383
90.565,-3.169,4.377,-5.165,-5.259,-3.820
90.577,2.626,4.278,-5.233,-5.317,-4.163
90.588,2.139,3.610,-5.215,-5.269,-4.393
90.599,1.292,2.690,-5.237,-5.249,-4.542
90.610,-10.590,2.148,-5.343,-5.337,-4.661
90.621,14.507,1.958,-5.499,-5.489,-4.778
90.632,35.593,2.189,-5.799,-5.801,-4.939
90.643,32.007,2.451,-6.315,-6.317,-5.190
90.654,18.791,2.685,-7.104,-7.109,-5.603
90.666,25.827,2.925,-8.107,-8.128,-6.175
90.677,22.919,3.098,-9.342,-9.381,-6.940
90.689,-3.765,2.788,-10.767,-10.787,-7.887
90.700,3.243,2.549,-12.473,-12.485,-9.029
90.711,8.590,2.273,-14.327,-14.336,-10.386
90.723,-10.390,2.103,-16.311,-16.299,-11.945
90.735,-19.972,2.135,-18.328,-18.313,-13.661
90.746,-4.274,2.269,-20.233,-20.217,-15.428
90.758,7.110,2.620,-22.079,-22.085,-17.218
90.769,19.307,2.793,-23.761,-23.759,-19.000
90.781,27.168,2.623,-25.320,-25.308,-20.748
90.793,3.107,2.361,-26.512,-26.491,-22.353
90.804,-7.553,2.519,-27.257,-27.247,-23.705
90.815,-10.336,2.542,-27.501,-27.494,-24.747
90.827,-22.626,2.221,-27.414,-27.374,-25.447
90.837,-13.603,2.154,-26.881,-26.841,-25.801
90.849,-8.855,1.388,-25.823,-25.752,-25.720
90.861,-4.132,1.483,-24.321,-24.227,-25.146
90.873,-7.233,1.191,-22.548,-22.437,-24.151
90.884,18.726,0.540,-20.524,-20.389,-22.797
90.896,-0.288,0.115,-18.265,-18.116,-21.129
90.908,-24.546,-0.545,-15.982,-15.807,-19.227
90.919,-28.130,-1.090,-13.763,-13.565,-17.177
90.931,-9.840,-1.504,-11.572,-11.369,-15.080
90.943,2.743,-1.195,-9.417,-9.223,-12.967
90.955,-2.723,-0.577,-7.226,-7.072,-10.812
90.966,-10.190,-0.422,-5.172,-5.027,-8.706
90.978,-13.793,-0.294,-3.198,-3.052,-6.640
90.990,-36.852,-0.896,-1.290,-1.127,-4.618
91.001,-40.943,-2.257,0.436,0.629,-2.689
91.013,-31.156,-3.013,2.067,2.272,-0.846
91.025,-33.568,-3.700,3.524,3.739,0.865
91.037,-41.861,-3.747,4.889,5.038,2.468
91.048,-40.472,-4.594,5.857,6.030,3.789
91.059,-29.668,-4.590,6.607,6.777,4.959
91.070,-23.185,-3.760,7.118,7.261,5.931
91.081,-3.903,-2.551,7.510,7.619,6.727
91.091,26.054,-1.327,7.741,7.799,7.344
91.102,33.286,-1.203,7.937,7.995,7.839
91.113,19.761,-1.542,8.067,8.142,8.214
91.124,-7.416,-2.115,8.221,8.328,8.517
91.135,-16.788,-2.547,8.429,8.555,8.783
91.146,2.615,-1.875,8.818,8.893,9.064
91.157,17.865,-0.881,9.341,9.366,9.400
91.168,12.189,-0.467,9.979,9.986,9.805
91.179,-7.444,-0.595,10.800,10.811,10.331
91.190,-30.513,-0.729,11.671,11.697,10.962
91.201,-30.915,-0.364,12.685,12.706,11.699
91.212,-20.520,0.209,13.847,13.856,12.553
91.224,-14.104,0.550,14.940,14.938,13.496
91.235,-1.394,0.686,16.027,16.017,14.507
91.247,21.740,0.754,17.005,16.995,15.495
91.258,37.531,0.687,17.840,17.835,16.453
91.269,49.260,1.545,18.514,18.464,17.336
91.281,39.727,2.387,18.975,18.877,18.112
91.292,20.412,2.350,19.036,18.941,18.691
91.304,-29.055,1.689,18.773,18.702,19.041
91.315,0.918,1.851,18.249,18.174,19.149
91.327,41.825,2.091,17.406,17.309,18.980
91.338,38.894,2.434,16.255,16.146,18.533
91.349,18.316,1.665,14.862,14.817,17.820
91.360,7.052,1.446,13.364,13.339,16.884
91.370,27.529,1.924,11.902,11.860,15.826
91.380,-11.249,1.131,10.355,10.367,14.640
91.392,27.509,1.605,8.525,8.544,13.064
91.404,37.693,2.082,6.739,6.764,11.405
91.415,10.119,1.639,5.261,5.313,9.993
91.425,-23.003,0.826,3.818,3.918,8.572
91.437,-3.864,0.581,2.273,2.378,6.878
91.447,-3.497,0.612,1.150,1.256,5.560
91.459,-37.334,0.916,-0.106,0.010,4.057
91.469,27.742,3.228,-0.847,-0.814,2.950
91.479,47.622,5.526,-1.554,-1.605,1.948
91.489,21.084,4.892,-2.318,-2.334,1.032
91.499,-14.079,3.832,-2.975,-2.939,0.193
91.509,-9.336,2.428,-3.556,-3.477,-0.569
91.521,27.131,2.231,-3.991,-3.890,-1.345
91.532,11.235,1.913,-4.252,-4.140,-1.886
91.542,-11.882,0.935,-4.410,-4.248,-2.337
91.553,-23.394,0.325,-4.401,-4.213,-2.665
91.564,-33.175,0.139,-4.355,-4.154,-2.887
91.575,-33.105,0.365,-4.198,-3.996,-2.996
91.587,-27.060,0.719,-3.986,-3.791,-3.012
91.598,-28.436,1.016,-3.746,-3.592,-2.960
91.610,-9.991,1.120,-3.739,-3.616,-2.923
91.622,4.651,1.142,-3.953,-3.831,-2.936
91.633,13.384,1.082,-4.413,-4.299,-3.062
91.645,-23.067,0.936,-5.194,-5.034,-3.357
91.657,6.573,1.688,-6.370,-6.226,-3.890
91.668,48.936,2.304,-7.800,-7.696,-4.671
91.680,35.150,2.122,-9.543,-9.423,-5.731
91.691,26.685,2.210,-11.475,-11.329,-7.040
91.703,33.094,2.032,-13.554,-13.367,-8.569
91.715,25.819,1.802,-15.638,-15.444,-10.267
91.726,4.992,1.884,-17.658,-17.467,-12.084
91.738,3.138,2.371,-19.601,-19.419,-13.963
91.750,17.213,2.438,-21.330,-21.139,-15.815
91.761,9.352,1.938,-22.622,-22.408,-17.522
91.773,7.204,1.733,-23.494,-23.273,-19.038
91.784,18.400,2.934,-23.662,-23.517,-20.139
91.796,23.029,3.306,-23.263,-23.150,-20.786
91.808,-10.741,2.492,-22.494,-22.329,-20.953
91.820,7.129,2.270,-21.196,-21.015,-20.629
91.831,10.941,2.554,-19.520,-19.353,-19.835
91.843,31.652,2.582,-17.628,-17.469,-18.680
91.855,45.647,2.880,-15.557,-15.431,-17.194
91.866,18.395,2.664,-13.603,-13.482,-15.538
91.878,-22.394,1.611,-11.673,-11.504,-13.750
91.890,-42.044,0.240,-9.783,-9.569,-11.900
91.901,-49.906,-1.872,-8.064,-7.787,-10.079
91.913,-41.340,-4.230,-6.582,-6.235,-8.368
91.925,-30.697,-5.844,-5.043,-4.639,-6.700
91.937,-15.236,-7.314,-3.574,-3.123,-5.106
91.948,-8.182,-8.299,-2.203,-1.718,-3.593
91.960,-5.557,-8.913,-0.850,-0.350,-2.152
91.972,7.872,-9.371,0.431,0.907,-0.763
91.983,6.928,-8.908,1.674,2.089,0.547
91.995,-20.982,-8.831,2.737,3.140,1.765
92.005,-36.316,-8.910,3.611,4.012,2.764
92.017,-46.002,-8.249,4.467,4.863,3.851
92.029,-28.171,-7.225,5.249,5.618,4.848
92.040,-55.637,-6.668,5.820,6.177,5.715
92.052,-45.614,-5.518,6.239,6.560,6.465
92.063,-32.280,-4.709,6.484,6.774,7.063
92.075,-46.119,-4.957,6.511,6.780,7.487
92.087,-17.117,-3.924,6.467,6.672,7.756
92.098,-26.967,-3.390,6.209,6.387,7.862
92.110,-4.197,-2.421,5.853,5.973,7.816
92.122,-7.068,-2.648,5.453,5.589,7.662
92.133,-34.332,-2.863,4.982,5.110,7.402
92.145,-23.111,-3.493,4.503,4.653,7.075
92.157,-27.920,-4.036,3.973,4.124,6.674
92.168,-10.027,-3.849,3.401,3.531,6.213
92.180,17.316,-3.176,2.912,3.004,5.724
92.191,0.227,-2.952,2.355,2.432,5.213
92.203,-5.996,-2.331,1.925,1.961,4.699
92.215,-1.493,-2.179,1.514,1.537,4.218
92.226,-6.288,-2.060,1.211,1.232,3.768
92.238,5.824,-1.837,1.013,1.014,3.381
92.249,13.576,-1.792,0.873,0.877,3.076
92.259,-22.925,-2.458,0.748,0.790,2.851
92.269,3.675,-1.945,0.791,0.810,2.675
92.279,12.499,-1.625,0.865,0.876,2.565
92.289,33.388,-0.979,0.810,0.817,2.476
92.300,18.503,-0.717,0.753,0.784,2.393
92.312,7.207,-0.790,0.586,0.632,2.278
92.324,12.917,-0.595,0.417,0.439,2.131
92.336,-16.960,-0.986,0.226,0.246,1.960
92.348,-3.986,-0.565,-0.031,-0.007,1.760
92.360,23.237,0.571,-0.354,-0.401,1.522
92.372,6.436,2.206,-0.577,-0.717,1.252
92.383,-12.260,3.293,-0.831,-1.035,0.970
92.395,8.235,3.597,-0.953,-1.177,0.712
92.407,36.655,4.227,-1.044,-1.298,0.498
92.418,34.597,5.140,-1.060,-1.353,0.318
92.430,36.054,5.764,-1.046,-1.354,0.196
92.442,28.297,5.746,-0.884,-1.215,0.164
92.453,-30.921,4.498,-0.920,-1.166,0.168
92.465,-46.408,2.669,-0.910,-1.031,0.192
92.477,-9.309,2.323,-0.849,-0.927,0.235
92.488,23.841,2.257,-0.842,-0.910,0.280
92.500,3.780,1.457,-0.740,-0.796,0.317
92.512,-5.757,1.576,-0.631,-0.701,0.386
92.524,-9.787,1.655,-0.438,-0.513,0.490
92.535,-12.825,0.678,-0.174,-0.203,0.643
92.547,-2.171,-0.356,0.040,0.047,0.827
92.559,-2.612,-0.848,0.299,0.319,1.052
92.571,-46.117,-2.104,0.455,0.511,1.260
92.583,-45.042,-3.792,0.529,0.633,1.425
92.594,-24.052,-4.360,0.617,0.735,1.561
92.606,-8.601,-4.200,0.681,0.791,1.667
92.618,-17.504,-4.287,0.687,0.795,1.717
92.629,-25.190,-3.985,0.765,0.833,1.738
92.641,-31.977,-3.700,0.865,0.913,1.786
92.653,-29.027,-3.460,1.023,1.042,1.853
92.665,-24.074,-4.118,1.101,1.117,1.924
92.676,-2.003,-4.874,1.090,1.116,1.971
92.688,24.011,-4.346,1.104,1.066,1.974
92.700,16.861,-3.037,0.952,0.874,1.923
92.711,4.132,-2.310,0.834,0.747,1.812
92.723,-5.934,-1.902,0.754,0.658,1.722
92.735,-15.571,-1.680,0.605,0.508,1.628
92.746,-22.670,-1.731,0.492,0.400,1.518
92.758,-25.598,-1.655,0.405,0.309,1.412
92.770,-9.842,-1.414,0.176,0.069,1.266
92.781,-4.597,-1.329,0.003,-0.103,1.100
92.793,-19.480,-1.462,-0.110,-0.196,0.960
92.805,-42.991,-1.035,-0.152,-0.256,0.848
92.816,-51.482,-0.364,-0.237,-0.360,0.752
92.828,-49.694,-0.603,-0.367,-0.510,0.647
92.840,-40.660,-2.079,-0.605,-0.707,0.500
92.850,-50.086,-2.860,-0.804,-0.863,0.342
92.861,16.338,-0.545,-0.790,-0.941,0.202
92.871,34.405,0.306,-0.934,-1.108,0.069
92.881,0.913,0.045,-1.067,-1.229,-0.071
92.891,-15.739,-0.407,-1.169,-1.317,-0.202
92.901,26.044,0.899,-1.189,-1.402,-0.317
92.912,29.369,0.818,-1.299,-1.510,-0.433
92.922,-11.655,-0.094,-1.364,-1.538,-0.528
92.932,-0.725,-0.609,-1.332,-1.495,-0.590
92.943,12.083,-0.458,-1.280,-1.451,-0.608
92.953,-5.122,-0.856,-1.179,-1.347,-0.594
92.963,0.506,-1.282,-1.151,-1.295,-0.563
92.973,-8.166,-1.738,-1.099,-1.210,-0.519
92.984,-1.081,-1.623,-1.040,-1.163,-0.477
92.994,-9.429,-2.187,-0.911,-1.003,-0.410
93.004,-23.542,-2.588,-0.658,-0.734,-0.284
93.014,-49.606,-4.111,-0.523,-0.512,-0.124
93.025,-9.558,-3.005,-0.405,-0.417,0.019
93.035,8.758,-2.219,-0.194,-0.243,0.174
93.045,17.749,-1.333,0.006,-0.081,0.334
93.057,17.321,-1.184,0.235,0.132,0.512
93.068,26.170,-1.001,0.454,0.329,0.690
93.078,3.896,-1.304,0.628,0.501,0.849
93.088,-17.115,-3.041,0.807,0.748,1.017
93.098,-45.037,-3.748,1.103,1.049,1.217
93.109,-27.199,-3.503,1.338,1.261,1.422
93.121,-10.193,-4.379,1.506,1.464,1.638
93.132,28.186,-4.783,1.644,1.592,1.808
93.144,22.567,-5.145,1.757,1.700,1.939
93.156,-30.536,-4.585,1.770,1.693,2.026
93.167,-65.778,-5.254,1.658,1.629,2.079
93.179,-56.103,-6.508,1.534,1.540,2.065
93.191,-36.640,-7.471,1.363,1.419,1.994
93.202,-24.307,-7.256,1.178,1.234,1.886
93.214,-28.670,-7.305,0.895,0.944,1.715
93.226,-36.428,-7.806,0.571,0.604,1.487
93.238,-39.829,-9.497,0.188,0.257,1.209
93.249,-37.649,-10.943,-0.142,-0.019,0.913
93.261,-23.137,-11.335,-0.331,-0.180,0.611
93.272,-10.249,-9.654,-0.300,-0.248,0.392
93.284,-7.889,-8.468,-0.537,-0.547,0.177
93.296,-20.235,-7.593,-0.710,-0.770,-0.031
93.307,12.417,-4.783,-0.732,-0.938,-0.224
93.319,2.326,-4.490,-1.046,-1.261,-0.444
93.331,13.985,-5.331,-1.257,-1.432,-0.680
93.342,9.174,-5.648,-1.553,-1.727,-0.926
93.354,-38.866,-5.890,-1.754,-1.915,-1.174
93.366,-52.556,-4.889,-1.749,-1.976,-1.379
93.378,-14.916,-3.712,-1.888,-2.176,-1.563
93.389,26.289,-2.100,-1.986,-2.348,-1.731
93.401,42.809,0.376,-1.921,-2.409,-1.854
93.413,10.948,1.792,-1.847,-2.426,-1.935
93.424,8.433,1.820,-1.686,-2.275,-1.953
93.436,21.333,1.283,-1.477,-2.059,-1.904
93.448,35.375,1.491,-1.264,-1.885,-1.801
93.459,26.251,1.511,-1.039,-1.674,-1.663
93.471,-8.928,0.969,-0.848,-1.448,-1.496
93.483,-17.289,0.293,-0.612,-1.191,-1.307
93.494,-13.603,0.354,-0.382,-0.973,-1.094
93.506,15.237,0.657,-0.210,-0.812,-0.891
93.518,41.955,0.927,0.081,-0.515,-0.663
93.529,39.872,0.759,0.376,-0.192,-0.409
93.541,29.163,1.785,0.743,0.153,-0.129
93.553,19.709,2.169,1.010,0.405,0.162
93.565,9.229,2.038,1.209,0.608,0.434
93.576,14.375,1.773,1.376,0.784,0.677
93.588,8.229,0.239,1.506,0.978,0.897
93.599,-13.267,-1.736,1.603,1.166,1.073
93.610,-4.635,-3.693,1.718,1.361,1.243
93.620,-39.772,-6.053,1.740,1.459,1.363
93.631,-16.486,-4.491,1.913,1.550,1.478
93.641,41.198,-3.216,2.079,1.637,1.583
93.651,27.568,-2.250,2.260,1.739,1.701
93.662,-17.273,-3.347,2.262,1.770,1.790
93.672,-13.731,-3.225,2.339,1.835,1.859
93.682,5.806,-2.221,2.409,1.854,1.921
93.692,31.803,-1.076,2.406,1.811,1.949
93.703,15.732,-1.159,2.226,1.636,1.934
93.713,-30.747,-2.227,2.071,1.521,1.878
93.723,-47.796,-4.191,1.902,1.433,1.793
93.733,-1.785,-3.177,1.717,1.213,1.682
93.744,22.014,-2.080,1.494,0.946,1.523
93.754,26.620,-0.021,1.253,0.653,1.334
93.764,32.804,0.208,0.955,0.342,1.112
93.775,14.339,-0.247,0.630,0.030,0.861
93.786,-4.183,-1.621,0.287,-0.270,0.573
93.798,11.860,-2.475,-0.055,-0.597,0.256
93.808,-22.048,-3.160,-0.370,-0.895,-0.034
93.818,-20.034,-3.634,-0.661,-1.181,-0.345
93.828,-13.026,-3.157,-0.775,-1.311,-0.606
93.838,21.305,-2.439,-0.938,-1.507,-0.836
93.848,10.973,-1.593,-1.050,-1.657,-1.042
93.858,37.699,-1.015,-1.086,-1.724,-1.224
93.869,26.041,-0.090,-1.035,-1.718,-1.347
93.880,-8.481,0.502,-1.045,-1.762,-1.457
93.891,-11.897,0.161,-1.047,-1.745,-1.518
93.901,-7.556,0.147,-0.914,-1.619,-1.541
93.911,3.268,0.609,-0.780,-1.494,-1.518
93.922,28.972,1.756,-0.615,-1.371,-1.460
93.932,-0.752,0.879,-0.530,-1.238,-1.380
93.942,19.993,0.999,-0.448,-1.156,-1.290
93.952,36.845,1.891,-0.391,-1.122,-1.214
93.963,-27.273,0.461,-0.374,-1.055,-1.152
93.973,-32.012,-0.092,-0.297,-0.958,-1.087
93.983,34.293,1.930,-0.163,-0.900,-1.018
93.993,30.411,1.765,-0.121,-0.868,-0.960
94.003,-16.113,0.922,-0.087,-0.807,-0.905
94.013,-3.923,0.700,-0.033,-0.744,-0.855
94.024,-5.433,0.355,0.130,-0.567,-0.787
94.034,-5.279,0.365,0.318,-0.375,-0.691
94.044,26.643,1.572,0.528,-0.208,-0.564
94.055,-13.822,-0.116,0.634,-0.035,-0.421
94.065,-29.617,-0.864,0.768,0.129,-0.280
94.075,-12.218,-0.688,0.952,0.297,-0.142
94.085,17.553,0.512,1.276,0.581,0.033
94.096,32.212,1.027,1.503,0.799,0.241
94.106,1.340,-0.010,1.671,1.017,0.446
94.116,-13.980,-0.694,1.748,1.128,0.632
94.126,10.293,-0.412,1.826,1.200,0.775
94.137,-27.896,-2.280,1.845,1.280,0.891
94.147,-9.588,-1.520,2.052,1.430,1.008
94.157,20.745,-0.559,2.090,1.418,1.109
94.167,13.105,-0.419,2.062,1.379,1.169
94.178,-8.554,-1.106,1.930,1.273,1.184
94.188,1.543,-0.918,1.733,1.069,1.135
94.200,22.321,-0.239,1.494,0.812,1.009
94.210,-2.898,-1.048,1.210,0.567,0.851
94.221,-31.762,-1.696,0.933,0.314,0.665
94.231,-32.328,-2.076,0.697,0.071,0.452
94.241,49.455,0.582,0.514,-0.238,0.218
94.251,31.625,1.267,0.254,-0.539,-0.033
94.261,-33.817,-0.188,-0.097,-0.822,-0.306
94.272,0.336,0.047,-0.419,-1.131,-0.597
94.282,15.905,1.163,-0.663,-1.407,-0.872
94.292,11.198,1.053,-0.852,-1.586,-1.123
94.302,18.054,1.255,-1.048,-1.795,-1.362
94.313,5.185,0.663,-1.276,-1.987,-1.599
94.323,-26.568,0.088,-1.427,-2.109,-1.804
94.333,-20.975,0.051,-1.572,-2.233,-1.985
94.343,-7.859,0.014,-1.626,-2.276,-2.128
94.354,-7.235,0.103,-1.626,-2.289,-2.243
94.364,-5.040,0.200,-1.617,-2.289,-2.324
94.374,-14.559,0.215,-1.569,-2.235,-2.378
94.384,11.443,1.139,-1.393,-2.100,-2.380
94.394,12.186,1.218,-1.135,-1.847,-2.310
94.406,-7.159,0.863,-0.937,-1.625,-2.176
94.416,-5.902,1.117,-0.689,-1.372,-2.021
94.426,16.714,2.261,-0.498,-1.223,-1.863
94.436,10.486,2.072,-0.272,-0.974,-1.680
94.446,9.460,1.933,-0.020,-0.711,-1.472
94.456,22.773,2.140,0.239,-0.456,-1.242
94.467,-16.023,0.554,0.305,-0.304,-1.024
94.477,-47.416,-0.046,0.454,-0.106,-0.830
94.487,11.848,0.718,0.582,-0.005,-0.653
94.497,-44.676,-0.419,0.742,0.218,-0.476
94.508,-11.638,0.129,1.013,0.475,-0.283
94.518,23.492,1.884,1.393,0.769,-0.061
94.528,-15.868,1.518,1.594,0.998,0.171
94.538,29.895,2.116,1.856,1.232,0.402
94.549,24.099,3.264,2.142,1.443,0.623
94.559,13.459,3.411,2.426,1.726,0.858
94.569,30.189,3.828,2.713,2.011,1.100
94.579,39.459,4.562,2.967,2.220,1.341
94.590,13.809,3.745,3.119,2.417,1.558
94.600,3.687,2.783,3.295,2.656,1.773
94.610,-12.076,2.103,3.385,2.794,1.975
94.620,-16.857,0.754,3.306,2.769,2.106
94.630,5.409,1.291,3.271,2.706,2.171
94.640,14.609,1.855,3.155,2.565,2.182
94.651,6.192,1.707,2.818,2.234,2.105
94.661,-5.772,0.883,2.311,1.778,1.907
94.671,-44.798,-0.086,1.826,1.339,1.624
94.681,-2.943,0.449,1.373,0.870,1.283
94.691,37.965,2.840,0.875,0.286,0.902
94.702,-6.942,1.017,0.245,-0.256,0.454
94.712,-35.323,0.098,-0.254,-0.726,-0.007
94.722,-12.862,-0.117,-0.655,-1.130,-0.458
94.732,-11.736,0.036,-1.055,-1.525,-0.900
94.743,10.486,1.021,-1.389,-1.896,-1.319
94.753,-5.586,0.712,-1.743,-2.235,-1.713
94.763,5.533,1.036,-1.967,-2.462,-2.069
94.773,35.105,2.661,-1.995,-2.572,-2.368
94.784,13.682,2.033,-2.118,-2.683,-2.615
94.794,8.609,1.729,-2.268,-2.788,-2.822
94.804,-44.303,-0.360,-2.381,-2.803,-2.979
94.814,-18.081,-0.051,-2.312,-2.759,-3.096
94.825,-1.874,0.462,-2.277,-2.739,-3.163
94.835,1.624,1.023,-2.208,-2.678,-3.178
94.845,20.041,1.886,-2.093,-2.592,-3.170
94.855,-0.079,1.555,-1.943,-2.419,-3.107
94.866,9.753,1.945,-1.723,-2.212,-3.011
94.876,21.554,2.245,-1.463,-1.967,-2.866
94.886,-3.638,1.363,-1.189,-1.655,-2.680
94.896,-16.071,0.598,-0.946,-1.385,-2.467
94.907,3.407,0.965,-0.604,-1.063,-2.229
94.917,5.881,1.301,-0.296,-0.759,-1.961
94.927,-10.245,0.958,0.089,-0.347,-1.661
94.937,2.796,1.269,0.546,0.099,-1.309
94.948,17.524,1.541,0.987,0.526,-0.940
94.958,-3.688,1.119,1.400,0.955,-0.545
94.968,-11.930,0.308,1.738,1.331,-0.161
94.978,10.096,1.042,2.189,1.753,0.236
94.989,10.175,1.104,2.515,2.084,0.627
94.999,-8.920,0.364,2.740,2.359,0.977
95.009,-14.163,0.370,2.994,2.635,1.300
95.019,13.732,1.229,3.215,2.827,1.606
95.029,7.315,0.905,3.276,2.931,1.845
95.040,-17.533,0.285,3.326,3.039,2.040
95.050,-30.412,-0.376,3.345,3.108,2.195
95.060,18.719,0.808,3.329,3.062,2.300
95.070,18.327,1.470,3.265,2.970,2.361
95.081,-12.637,0.301,3.001,2.757,2.339
95.091,-15.290,-0.056,2.896,2.667,2.270
95.101,-10.281,-0.173,2.731,2.496,2.183
95.112,9.451,0.677,2.520,2.257,2.055
95.122,12.948,0.850,2.208,1.938,1.882
95.132,-9.538,0.366,1.814,1.582,1.645
95.142,-34.051,-0.511,1.417,1.245,1.369
95.153,34.195,0.544,1.079,0.853,1.080
95.163,47.974,2.625,0.715,0.392,0.754
95.173,-33.399,-0.168,0.158,-0.031,0.382
95.183,-48.363,-0.921,-0.313,-0.465,-0.021
95.193,-2.891,0.225,-0.701,-0.893,-0.426
95.204,31.544,1.410,-1.128,-1.387,-0.854
95.214,15.176,1.793,-1.429,-1.702,-1.262
95.224,5.215,1.371,-1.693,-1.927,-1.627
95.234,-11.831,0.371,-1.948,-2.133,-1.961
95.245,11.402,0.705,-2.047,-2.249,-2.245
95.255,-9.380,-0.169,-2.238,-2.397,-2.481
95.265,-29.288,-0.701,-2.379,-2.518,-2.679
95.275,-12.968,-0.387,-2.439,-2.616,-2.855
95.286,18.312,0.772,-2.415,-2.659,-2.980
95.296,36.315,1.603,-2.387,-2.653,-3.065
95.306,17.060,1.613,-2.368,-2.630,-3.108
95.316,-30.799,0.314,-2.267,-2.489,-3.110
95.327,-34.129,-1.011,-2.166,-2.347,-3.071
95.337,-4.502,-0.289,-1.983,-2.192,-3.001
95.347,4.575,0.271,-1.784,-2.008,-2.888
95.357,41.758,2.527,-1.477,-1.800,-2.747
95.368,37.946,3.309,-1.206,-1.570,-2.568
95.378,-6.018,1.916,-0.951,-1.281,-2.368
95.388,-2.823,1.780,-0.675,-0.994,-2.136
95.399,-14.274,1.156,-0.482,-0.773,-1.910
95.409,2.931,1.829,-0.148,-0.474,-1.669
95.419,17.079,2.271,0.225,-0.122,-1.398
95.429,-13.212,1.496,0.545,0.237,-1.107
95.441,-7.256,1.345,0.848,0.561,-0.746
95.453,-1.750,1.662,1.149,0.853,-0.422
95.463,13.459,2.221,1.516,1.189,-0.127
95.473,-4.305,1.952,1.746,1.435,0.158
95.484,19.856,2.382,1.946,1.621,0.412
95.495,29.087,2.817,2.189,1.847,0.683
95.507,8.246,2.286,2.271,1.951,0.911
95.518,-3.261,1.560,2.230,1.946,1.078
95.530,-8.304,0.763,2.188,1.942,1.186
95.541,-14.555,0.437,2.018,1.792,1.225
95.553,-17.291,0.523,1.737,1.516,1.173
95.564,-17.279,0.785,1.366,1.135,1.028
95.576,-1.963,0.336,0.749,0.541,0.773
95.588,2.074,-0.090,0.046,-0.135,0.385
95.599,-17.110,-0.476,-0.935,-1.108,-0.166
95.611,-10.402,-0.803,-2.118,-2.269,-0.901
95.622,10.661,-0.767,-3.487,-3.612,-1.807
95.634,18.583,-0.663,-5.097,-5.221,-2.905
95.646,15.369,0.067,-6.810,-6.965,-4.201
95.657,26.120,0.451,-8.691,-8.859,-5.658
95.669,39.961,0.672,-10.622,-10.814,-7.267
95.681,47.625,0.772,-12.685,-12.909,-9.030
95.693,43.388,0.918,-14.783,-15.032,-10.894
95.704,27.313,0.927,-16.759,-17.021,-12.799
95.716,-12.559,0.726,-18.735,-18.973,-14.717
95.728,-47.242,0.635,-20.624,-20.812,-16.636
95.739,-49.038,0.841,-22.354,-22.512,-18.489
95.751,-20.939,1.328,-23.840,-24.032,-20.260
95.763,16.196,1.627,-25.159,-25.356,-21.903
95.774,26.116,1.912,-26.346,-26.538,-23.424
95.786,3.260,1.366,-27.266,-27.427,-24.799
95.798,-13.014,0.562,-27.941,-28.064,-25.952
95.809,-1.382,0.229,-28.321,-28.425,-26.893
95.821,18.267,0.545,-28.408,-28.511,-27.590
95.832,25.094,1.525,-28.078,-28.214,-27.976
95.844,10.434,1.731,-27.587,-27.727,-28.108
95.855,-35.903,1.306,-26.748,-26.877,-27.984
95.867,-32.600,0.664,-25.694,-25.837,-27.594
95.878,-6.771,0.529,-24.490,-24.650,-26.977
95.889,2.361,-0.104,-23.125,-23.217,-26.125
95.900,-3.945,-1.171,-21.603,-21.622,-25.059
95.912,13.336,-1.420,-19.852,-19.858,-23.796
95.923,19.649,-0.882,-17.924,-17.945,-22.354
95.934,18.567,0.011,-15.875,-15.931,-20.734
95.946,16.490,0.355,-13.752,-13.825,-18.964
95.957,-7.386,-0.207,-11.681,-11.725,-17.124
95.968,-33.806,-1.433,-9.497,-9.491,-15.143
95.979,-45.171,-2.438,-7.288,-7.255,-13.059
95.991,-45.823,-3.615,-5.089,-5.017,-10.924
96.002,-42.398,-4.205,-2.968,-2.893,-8.787
96.013,-42.173,-4.378,-0.993,-0.938,-6.705
96.025,-43.831,-4.347,0.790,0.826,-4.699
96.036,3.647,-3.378,2.350,2.344,-2.829
96.048,27.554,-2.283,3.800,3.741,-1.080
96.059,26.702,-0.698,4.932,4.800,0.466
96.070,3.706,-0.598,5.751,5.617,1.792
96.081,16.887,-0.280,6.384,6.239,2.971
96.092,41.550,0.096,6.799,6.625,3.917
96.104,9.145,0.284,6.994,6.814,4.641
96.115,-4.760,-0.008,6.892,6.727,5.134
96.126,12.929,-0.102,6.722,6.574,5.443
96.138,13.460,-0.167,6.358,6.209,5.558
96.149,1.960,-0.075,5.916,5.767,5.483
96.160,-1.170,-0.126,5.475,5.322,5.298
96.171,-2.156,-0.452,5.053,4.913,5.043
96.182,3.217,-0.763,4.535,4.402,4.711
96.193,16.981,-0.725,4.054,3.905,4.324
96.205,21.112,0.350,3.618,3.399,3.900
96.216,12.175,0.409,3.085,2.863,3.437
96.228,35.856,1.414,2.678,2.410,2.970
96.240,35.669,1.466,2.346,2.075,2.544
96.251,22.643,1.058,2.140,1.883,2.181
96.262,22.132,1.680,2.257,1.967,1.937
96.273,29.849,2.342,2.654,2.339,1.863
96.284,15.600,2.632,3.322,2.992,1.989
96.295,-15.993,2.287,4.237,3.947,2.343
96.306,-4.130,2.518,5.515,5.224,2.959
96.317,-15.206,2.067,7.136,6.868,3.859
96.328,-21.724,1.357,9.029,8.790,5.045
96.339,-4.737,1.235,11.148,10.898,6.493
96.350,-10.012,0.410,13.398,13.183,8.195
96.361,-16.926,-0.477,15.672,15.495,10.056
96.372,2.543,-0.423,18.032,17.846,12.060
96.383,10.998,-0.216,20.301,20.106,14.161
96.394,-10.002,-0.629,22.395,22.225,16.301
96.406,-22.387,-1.293,24.428,24.294,18.461
96.417,-9.712,-1.709,26.211,26.090,20.533
96.427,11.555,-1.285,27.599,27.458,22.273
96.439,-14.231,-1.806,28.682,28.562,23.980
96.450,-41.839,-2.488,29.391,29.279,25.425
96.462,-33.748,-3.238,29.513,29.443,26.540
96.473,-31.143,-2.876,29.133,29.034,27.234
96.485,1.777,-2.536,28.249,28.130,27.463
96.496,-2.829,-2.609,27.005,26.878,27.252
96.506,-18.907,-2.685,25.472,25.350,26.646
96.517,-39.338,-3.263,23.734,23.605,25.729
96.529,-28.212,-2.855,21.664,21.465,24.316
96.540,-20.425,-2.126,19.502,19.267,22.608
96.552,-23.753,-1.245,17.250,16.969,20.684
96.562,-33.116,-1.131,15.256,14.958,18.902
96.573,-18.009,-0.654,13.236,12.917,16.989
96.584,-18.674,-0.307,11.259,10.932,14.951
96.596,2.584,1.026,9.284,8.887,12.927
96.607,-15.887,1.041,7.285,6.882,10.908
96.619,-30.196,0.772,5.258,4.857,8.865
96.630,-48.890,-0.344,3.249,2.896,6.873
96.641,-57.490,-0.910,1.222,0.898,4.877
96.653,-48.727,-1.566,-0.875,-1.179,2.878
96.664,-40.183,-1.405,-3.065,-3.366,0.857
96.675,-14.486,-0.648,-5.398,-5.720,-1.239
96.686,1.884,0.247,-7.804,-8.160,-3.421
96.697,-1.689,0.623,-10.299,-10.670,-5.692
96.708,-6.847,0.771,-12.836,-13.223,-8.040
96.719,-13.724,0.707,-15.456,-15.860,-10.473
96.730,-19.279,0.566,-17.963,-18.376,-12.947
96.741,-30.172,0.366,-20.298,-20.694,-15.391
96.752,-35.568,0.486,-22.601,-22.976,-17.811
96.763,-8.327,1.373,-24.766,-25.161,-20.185
96.774,12.292,2.186,-26.578,-26.995,-22.379
96.785,7.063,2.207,-28.101,-28.511,-24.393
96.796,18.239,2.806,-29.252,-29.684,-26.169
96.807,33.522,3.534,-30.052,-30.534,-27.681
96.818,7.843,3.667,-30.451,-30.934,-28.881
96.829,18.697,3.928,-30.509,-31.002,-29.749
96.840,3.027,3.662,-30.269,-30.741,-30.302
96.851,-2.405,3.350,-29.750,-30.199,-30.541
96.862,7.397,3.844,-28.943,-29.409,-30.475
96.873,-6.196,3.680,-27.921,-28.367,-30.126
96.884,-1.950,4.191,-26.643,-27.090,-29.508
96.895,10.581,4.610,-25.240,-25.692,-28.657
96.905,-0.901,4.145,-23.701,-24.116,-27.609
96.916,5.894,3.861,-22.022,-22.406,-26.361
96.927,21.621,3.797,-20.193,-20.569,-24.919
96.938,6.977,2.833,-18.268,-18.595,-23.305
96.949,-1.918,1.891,-16.184,-16.473,-21.548
96.960,8.818,1.484,-14.116,-14.377,-19.682
96.971,4.143,0.743,-11.977,-12.198,-17.724
96.982,-13.178,-0.320,-9.811,-9.996,-15.696
96.993,1.476,-0.373,-7.584,-7.759,-13.605
97.004,28.898,0.244,-5.304,-5.521,-11.460
97.015,10.863,0.421,-3.019,-3.254,-9.261
97.026,2.288,0.781,-0.741,-0.975,-7.056
97.037,38.940,2.208,1.647,1.329,-4.813
97.048,19.522,1.836,4.075,3.761,-2.498
97.059,27.664,1.844,6.614,6.305,-0.127
97.070,24.861,1.715,9.232,8.939,2.328
97.081,-9.482,0.980,11.889,11.633,4.838
97.092,-19.371,0.710,14.631,14.348,7.398
97.103,-34.431,0.093,17.363,17.078,10.019
97.114,-39.861,-0.524,20.018,19.747,12.657
97.125,-0.783,0.094,22.609,22.294,15.285
97.136,10.445,0.363,24.981,24.660,17.834
97.147,-27.834,-0.287,27.193,26.900,20.308
97.158,-41.001,-0.694,29.215,28.951,22.694
97.169,12.700,-0.282,30.940,30.648,24.872
97.180,45.386,1.227,32.353,31.985,26.814
97.191,27.806,1.889,33.457,33.057,28.519
97.202,19.758,1.361,34.164,33.810,29.961
97.213,9.779,0.395,34.730,34.421,31.205
97.225,-6.312,-0.130,35.014,34.729,32.194
97.237,18.009,0.183,35.059,34.763,32.917
97.248,33.140,-0.019,34.813,34.516,33.362
97.260,6.554,-0.498,34.192,33.922,33.501
97.271,-34.133,-1.278,33.413,33.177,33.361
97.281,-28.377,-1.228,32.362,32.134,32.954
97.292,23.991,0.182,31.153,30.862,32.306
97.302,30.824,0.669,29.693,29.404,31.435
97.312,27.229,1.178,28.094,27.781,30.335
97.323,14.585,1.062,26.202,25.883,28.934
97.335,9.179,1.115,24.060,23.735,27.294
97.347,15.651,1.172,21.821,21.495,25.475
97.358,13.463,1.480,19.497,19.156,23.506
97.370,-11.997,1.683,17.085,16.752,21.400
97.382,-30.478,1.377,14.523,14.206,19.153
97.393,-42.889,0.615,11.923,11.610,16.820
97.405,-32.662,-0.297,9.251,8.964,14.380
97.417,-15.465,-0.726,6.470,6.205,11.858
97.428,-9.845,-0.306,3.643,3.365,9.219
97.440,-25.522,-0.023,0.720,0.462,6.543
97.451,-18.483,0.246,-2.246,-2.476,3.778
97.463,-11.671,-0.170,-5.239,-5.454,0.955
97.475,19.954,-0.684,-8.315,-8.487,-1.945
97.486,30.606,-0.757,-11.367,-11.524,-4.906
97.498,14.749,-0.557,-14.402,-14.555,-7.888
97.509,9.919,-0.216,-17.292,-17.447,-10.838
97.521,14.091,0.028,-19.969,-20.113,-13.667
97.532,15.816,0.012,-22.374,-22.528,-16.320
97.543,-5.621,-0.191,-24.605,-24.760,-18.895
97.554,-18.601,-0.074,-26.634,-26.773,-21.406
97.566,-13.329,0.220,-28.321,-28.447,-23.711
97.578,0.856,0.806,-29.554,-29.698,-25.709
97.590,2.199,1.901,-30.297,-30.484,-27.368
97.601,-2.021,2.321,-30.707,-30.911,-28.667
97.613,-9.954,1.939,-30.758,-30.944,-29.595
97.624,-22.220,1.441,-30.549,-30.728,-30.204
97.636,-22.425,0.764,-30.024,-30.180,-30.479
97.647,-5.952,0.505,-29.211,-29.354,-30.436
97.659,9.985,0.468,-28.122,-28.259,-30.088
97.670,15.802,0.284,-26.777,-26.906,-29.455
97.682,6.745,-0.659,-25.152,-25.251,-28.522
97.693,12.161,-1.434,-23.362,-23.431,-27.334
97.705,20.351,-1.542,-21.288,-21.350,-25.886
97.717,10.785,-1.499,-19.099,-19.160,-24.223
97.729,-14.803,-0.251,-16.722,-16.814,-22.346
97.740,-12.089,0.461,-14.286,-14.404,-20.280
97.752,-4.500,0.035,-11.747,-11.852,-18.087
97.764,-6.330,-0.297,-9.163,-9.239,-15.777
97.775,-22.648,-1.473,-6.603,-6.629,-13.391
97.787,6.980,-1.748,-3.920,-3.929,-10.894
97.798,23.262,-1.854,-1.296,-1.294,-8.464
97.809,3.708,-2.728,1.336,1.354,-5.973
97.820,-0.858,-3.193,4.205,4.240,-3.284
97.832,14.311,-2.718,7.000,7.016,-0.542
97.844,27.651,-2.128,9.868,9.890,2.278
97.855,-6.390,-2.333,12.522,12.560,4.987
97.867,1.150,-2.722,15.007,15.066,7.654
97.878,-26.046,-3.789,17.265,17.373,10.209
97.889,-6.020,-2.937,19.254,19.327,12.643
97.901,-21.557,-3.538,20.885,20.992,14.858
97.912,5.726,-2.911,22.066,22.136,16.799
97.924,-18.087,-2.864,22.888,22.936,18.408
97.935,22.109,-2.250,23.166,23.208,19.664
97.946,-2.409,-1.973,22.953,22.980,20.494
97.958,22.299,-1.895,22.493,22.526,20.949
97.969,22.505,-0.843,21.683,21.665,21.032
97.981,-0.343,-0.637,20.596,20.565,20.763
97.993,14.617,-0.003,19.385,19.321,20.223
98.004,-27.223,-0.133,18.039,17.993,19.447
98.015,-31.009,-0.084,16.612,16.572,18.507
98.026,-11.491,-0.217,15.251,15.219,17.431
98.037,-30.321,-0.643,13.906,13.893,16.260
98.048,-37.009,-0.962,12.547,12.552,15.030
98.059,-23.387,-1.574,11.233,11.274,13.784
98.070,-4.198,-1.417,9.971,10.004,12.520
98.081,-24.420,-1.424,8.660,8.716,11.251
98.092,-32.839,-1.498,7.394,7.470,9.979
98.103,-1.508,-1.478,6.166,6.239,8.738
98.114,16.366,-1.416,5.026,5.090,7.509
98.124,4.798,-1.069,3.826,3.868,6.340
98.135,-17.027,-1.039,2.657,2.706,5.142
98.146,-24.780,-1.275,1.478,1.546,3.966
98.157,13.793,-1.326,0.230,0.295,2.779
98.167,27.470,-1.485,-0.974,-0.913,1.586
98.179,11.257,-0.946,-2.112,-2.091,0.324
98.190,-2.488,-0.736,-3.223,-3.214,-0.890
98.203,-17.668,-0.864,-4.251,-4.230,-2.095
98.213,-14.020,-0.704,-5.087,-5.060,-3.042
98.223,-11.107,-0.041,-5.734,-5.718,-3.920
98.233,23.805,1.629,-6.266,-6.313,-4.705
98.244,17.843,1.857,-6.594,-6.640,-5.370
98.254,1.392,1.991,-6.817,-6.865,-5.893
98.264,-11.755,1.768,-6.859,-6.890,-6.270
98.274,-31.844,1.345,-6.720,-6.719,-6.488
98.285,-35.980,0.389,-6.458,-6.406,-6.554
98.295,-37.257,-0.663,-6.081,-5.982,-6.477
98.305,-29.336,-0.515,-5.435,-5.350,-6.243
98.316,-16.042,-0.245,-4.801,-4.738,-5.876
98.326,1.991,-0.160,-4.120,-4.059,-5.424
98.336,24.144,0.228,-3.296,-3.242,-4.869
98.346,33.221,0.466,-2.538,-2.481,-4.237
98.356,16.516,-0.073,-1.870,-1.760,-3.586
98.367,-4.471,-0.461,-1.228,-1.087,-2.933
98.377,-20.827,-1.230,-0.609,-0.432,-2.278
98.387,-31.537,-1.801,0.043,0.245,-1.630
98.397,-3.753,-1.413,0.659,0.839,-0.992
98.408,24.462,-0.495,1.320,1.456,-0.368
98.418,19.023,-0.396,1.905,2.048,0.239
98.428,3.866,-0.085,2.553,2.685,0.855
98.438,-9.767,-0.139,3.217,3.361,1.494
98.448,5.769,-1.123,3.759,3.964,2.129
98.459,-5.233,-1.274,4.245,4.462,2.718
98.469,-21.213,-1.094,4.572,4.779,3.239
98.479,-4.069,-0.726,4.758,4.946,3.674
98.489,29.047,-0.321,4.788,4.966,4.004
98.499,25.275,-0.503,4.681,4.880,4.207
98.510,-6.412,-0.972,4.433,4.662,4.292
98.520,-8.776,-0.926,4.109,4.341,4.260
98.530,9.748,-1.700,3.694,3.971,4.133
98.540,-9.009,-1.866,3.180,3.472,3.898
98.551,-31.719,-2.498,2.569,2.903,3.570
98.561,-43.873,-2.448,1.946,2.301,3.156
98.571,-43.555,-2.083,1.304,1.671,2.694
98.581,-11.170,-2.035,0.668,1.049,2.187
98.592,25.835,-0.885,0.137,0.457,1.661
98.602,26.556,-0.594,-0.428,-0.127,1.115
98.612,8.381,0.185,-1.040,-0.784,0.558
98.622,-19.433,-0.055,-1.680,-1.410,-0.027
98.632,-36.792,-1.693,-2.329,-1.974,-0.610
98.643,-13.569,-1.844,-2.890,-2.525,-1.193
98.653,7.522,-1.524,-3.429,-3.079,-1.762
98.663,10.216,-0.446,-3.889,-3.590,-2.324
98.673,15.998,0.219,-4.322,-4.057,-2.854
98.684,2.260,0.313,-4.641,-4.380,-3.328
98.694,-24.694,-0.666,-4.861,-4.551,-3.721
98.704,-26.378,-0.871,-4.957,-4.642,-4.037
98.714,-9.774,-1.122,-4.959,-4.637,-4.258
98.725,17.360,-0.454,-4.805,-4.518,-4.397
98.735,28.500,-0.137,-4.673,-4.385,-4.450
98.745,13.916,-0.589,-4.447,-4.117,-4.431
98.755,-6.131,-1.012,-4.150,-3.794,-4.325
98.766,-17.961,-1.092,-3.796,-3.435,-4.157
98.776,-7.183,-0.300,-3.256,-2.931,-3.887
98.786,18.145,0.024,-2.800,-2.500,-3.554
98.796,8.083,0.087,-2.247,-1.953,-3.162
98.806,-26.067,-1.088,-1.668,-1.311,-2.689
98.817,-21.088,-2.034,-1.063,-0.653,-2.166
98.827,-3.542,-1.902,-0.361,0.039,-1.580
98.837,14.971,-1.587,0.366,0.760,-0.960
98.847,17.989,-1.534,1.122,1.518,-0.298
98.858,1.276,-2.089,1.818,2.260,0.379
98.868,0.139,-2.197,2.501,2.948,1.055
98.878,28.706,-0.740,3.151,3.520,1.711
98.888,31.010,-0.241,3.675,4.022,2.322
98.899,31.207,0.129,4.116,4.440,2.911
98.909,-5.291,-1.333,4.452,4.847,3.436
98.919,-17.430,-2.042,4.723,5.140,3.891
98.929,-18.672,-3.457,4.849,5.331,4.265
98.940,-8.267,-2.756,4.958,5.395,4.541
98.950,3.937,-2.175,4.969,5.373,4.743
98.960,12.520,-1.224,4.782,5.140,4.832
98.970,-17.191,-2.621,4.414,4.845,4.812
98.981,-34.623,-3.293,4.014,4.466,4.687
98.992,-24.761,-2.935,3.572,3.991,4.411
99.002,-49.175,-3.607,3.043,3.473,4.081
99.014,-14.340,-2.696,2.475,2.861,3.642
99.025,10.530,-1.628,1.845,2.159,3.149
99.036,38.539,-0.020,1.237,1.452,2.568
99.046,38.123,1.186,0.630,0.780,1.966
99.057,28.383,0.857,0.096,0.237,1.384
99.068,17.228,0.541,-0.615,-0.465,0.775
99.079,11.208,0.563,-1.209,-1.051,0.163
99.089,5.830,1.001,-1.719,-1.559,-0.425
99.100,10.563,1.531,-2.242,-2.116,-1.002
99.111,-15.668,1.189,-2.815,-2.672,-1.581
99.122,-38.862,0.406,-3.327,-3.160,-2.142
99.132,-48.232,0.227,-3.794,-3.608,-2.676
99.143,-47.318,0.222,-4.155,-3.972,-3.151
99.154,-21.604,1.357,-4.434,-4.291,-3.568
99.166,-19.570,1.962,-4.582,-4.497,-3.935
99.177,5.923,1.416,-4.666,-4.555,-4.209
99.189,38.767,0.843,-4.763,-4.638,-4.422
99.201,26.500,1.006,-4.751,-4.634,-4.574
99.212,19.586,1.364,-4.640,-4.550,-4.643
99.224,9.883,1.596,-4.486,-4.410,-4.646
99.236,8.302,1.587,-4.254,-4.164,-4.547
99.247,-7.590,1.077,-3.765,-3.641,-4.328
99.259,7.404,0.867,-3.170,-3.034,-3.986
99.270,-34.555,-0.052,-2.667,-2.489,-3.621
99.281,-27.123,-0.831,-2.043,-1.839,-3.149
99.292,-2.842,-1.341,-1.331,-1.117,-2.601
99.303,12.615,-1.260,-0.578,-0.359,-1.998
99.315,38.797,-1.026,0.264,0.485,-1.318
99.326,45.542,-0.249,1.099,1.288,-0.590
99.337,36.179,-0.053,1.923,2.096,0.156
99.348,20.254,-0.283,2.794,2.964,0.930
99.359,-7.199,-0.779,3.583,3.769,1.727
99.371,-17.023,-0.989,4.383,4.584,2.546
99.382,-40.093,-1.171,5.127,5.368,3.383
99.394,-47.213,-1.458,5.718,6.007,4.182
99.406,-58.524,-1.872,6.288,6.628,4.927
99.417,-53.474,-2.291,6.729,7.097,5.599
99.429,-47.214,-2.608,7.109,7.489,6.181
99.440,-23.237,-1.816,7.418,7.788,6.672
99.451,30.134,-0.300,7.536,7.846,7.073
99.463,34.272,1.143,7.552,7.825,7.370
99.474,22.187,2.629,7.435,7.646,7.533
99.486,27.788,3.126,7.155,7.357,7.566
99.497,41.061,3.099,6.767,6.992,7.486
99.509,26.329,2.455,6.203,6.480,7.283
99.520,11.989,1.398,5.484,5.851,6.940
99.531,-15.194,0.202,4.743,5.181,6.485
99.543,-11.578,-0.175,3.966,4.417,5.946
99.554,-7.879,-0.537,3.106,3.570,5.329
99.565,15.583,-0.096,2.232,2.670,4.625
99.576,29.854,0.525,1.338,1.733,3.873
99.586,-24.471,-0.217,0.429,0.853,3.109
99.596,-9.134,-0.043,-0.363,0.048,2.321
99.606,22.347,1.916,-1.065,-0.737,1.528
99.618,14.816,2.313,-1.956,-1.619,0.592
99.628,1.869,1.954,-2.580,-2.227,-0.132
99.640,-7.354,1.465,-3.298,-2.918,-0.972
99.650,13.873,1.711,-3.784,-3.415,-1.600
99.663,15.907,1.990,-4.352,-3.994,-2.305
99.673,-20.256,1.411,-4.670,-4.262,-2.808
99.685,-22.808,0.705,-4.984,-4.514,-3.310
99.697,-10.448,0.376,-5.143,-4.672,-3.699
99.709,3.951,0.668,-5.170,-4.718,-3.967
99.721,6.045,0.880,-5.026,-4.578,-4.121
99.731,39.306,1.320,-4.739,-4.327,-4.130
99.741,-18.747,-0.501,-4.510,-4.040,-4.057
99.753,25.576,-0.655,-4.057,-3.618,-3.868
99.766,21.772,-0.478,-3.519,-3.100,-3.560
99.778,6.392,0.204,-2.787,-2.435,-3.144
99.788,29.746,1.056,-2.098,-1.783,-2.700
99.798,-14.323,0.421,-1.395,-1.052,-2.173
99.810,-20.964,-0.046,-0.593,-0.215,-1.466
99.822,-29.014,-1.034,0.153,0.571,-0.723
99.834,-5.689,-1.818,0.955,1.379,0.027
99.844,-15.726,-2.777,1.616,2.054,0.664
99.855,-20.886,-2.772,2.303,2.689,1.343
99.866,-21.263,-2.889,2.931,3.286,2.011
99.878,-20.521,-3.176,3.529,3.872,2.669
99.889,-23.386,-3.398,4.037,4.378,3.295
99.901,-29.494,-3.634,4.350,4.700,3.825
99.912,-26.821,-3.625,4.666,5.003,4.273
99.923,-24.002,-3.766,4.845,5.161,4.647
99.935,-19.824,-3.600,4.899,5.164,4.918
99.946,-16.497,-3.523,4.838,5.074,5.091
99.958,-9.645,-2.945,4.812,4.995,5.188
99.969,-19.989,-2.506,4.574,4.710,5.190
99.980,-7.349,-1.811,4.298,4.382,5.082
99.992,-5.976,-1.357,3.896,3.936,4.884
100.003,3.644,-0.960,3.351,3.371,4.588
100.014,-1.494,-0.716,2.734,2.745,4.197
100.026,-4.085,-0.234,2.110,2.113,3.738
100.037,13.726,0.720,1.543,1.504,3.223
100.048,10.237,1.056,0.890,0.837,2.675
100.059,4.983,0.955,0.293,0.246,2.103
100.071,-22.426,0.128,-0.263,-0.270,1.539
100.082,-38.664,-0.192,-0.802,-0.781,0.981
100.094,-32.617,0.061,-1.218,-1.214,0.452
100.105,-30.454,0.376,-1.614,-1.676,-0.048
100.116,-38.221,0.075,-2.041,-2.089,-0.514
100.126,-24.026,0.386,-2.334,-2.395,-0.939
100.138,7.540,1.456,-2.509,-2.635,-1.325
100.149,5.797,1.715,-2.664,-2.807,-1.641
100.160,-1.731,1.208,-2.674,-2.798,-1.880
100.172,-6.726,0.454,-2.675,-2.768,-2.040
100.183,29.261,0.771,-2.571,-2.678,-2.141
100.195,38.679,0.548,-2.384,-2.501,-2.167
100.206,36.466,0.309,-2.200,-2.327,-2.140
100.217,1.422,-0.403,-1.925,-2.033,-2.045
100.228,3.629,-0.137,-1.555,-1.681,-1.871
100.239,3.651,0.459,-1.093,-1.253,-1.620
100.250,12.632,0.834,-0.638,-0.819,-1.310
100.260,33.525,2.348,-0.160,-0.400,-0.969
100.270,25.065,1.912,0.205,0.002,-0.603
100.281,-2.883,0.609,0.574,0.425,-0.218
100.291,12.328,0.756,1.000,0.847,0.191
100.303,37.424,1.781,1.389,1.192,0.619
100.315,34.463,3.032,1.774,1.533,1.033
100.326,9.474,3.713,2.177,1.914,1.450
100.338,-3.478,3.418,2.384,2.129,1.822
100.350,-16.984,2.237,2.470,2.274,2.105
100.361,-13.607,0.581,2.387,2.297,2.318
100.373,-17.304,-1.068,2.091,2.088,2.413
100.385,-44.863,-1.970,1.648,1.657,2.343
100.396,-32.856,-3.080,0.833,0.861,2.073
100.408,-33.907,-3.626,-0.143,-0.090,1.598
100.420,-42.315,-3.614,-1.356,-1.320,0.906
100.431,-7.128,-3.016,-2.752,-2.755,0.017
100.443,-13.822,-2.610,-4.271,-4.308,-1.068
100.455,-22.259,-2.362,-5.982,-6.081,-2.372
100.466,-9.443,-2.329,-7.767,-7.883,-3.804
100.478,-12.400,-2.400,-9.547,-9.672,-5.356
100.489,-17.156,-2.309,-11.364,-11.500,-6.994
100.501,-5.746,-2.223,-13.172,-13.313,-8.698
100.513,0.718,-2.340,-14.884,-15.025,-10.413
100.524,-5.609,-1.438,-16.437,-16.606,-12.099
100.536,6.645,-0.800,-17.855,-18.051,-13.713
100.547,23.717,0.193,-19.101,-19.343,-15.240
100.559,9.671,0.332,-20.184,-20.436,-16.664
100.571,4.841,0.403,-21.080,-21.336,-17.936
100.582,17.504,1.052,-21.698,-21.973,-19.036
100.594,19.570,1.703,-22.126,-22.424,-19.948
100.606,11.041,1.447,-22.337,-22.648,-20.662
100.618,6.766,1.055,-22.425,-22.735,-21.202
100.629,34.343,1.474,-22.222,-22.535,-21.541
100.641,24.876,2.079,-21.810,-22.134,-21.654
100.653,5.848,1.794,-21.217,-21.531,-21.559
100.664,7.147,1.365,-20.466,-20.785,-21.291
100.676,30.892,1.258,-19.630,-19.963,-20.854
100.687,24.040,1.900,-18.695,-19.045,-20.272
100.699,0.640,1.702,-17.856,-18.188,-19.593
100.711,-10.326,0.221,-17.005,-17.268,-18.853
100.723,-11.294,-1.881,-16.207,-16.353,-18.060
100.734,-7.316,-3.681,-15.402,-15.483,-17.276
100.746,-4.677,-4.345,-14.524,-14.585,-16.464
100.758,1.444,-4.098,-13.748,-13.826,-15.649
100.769,6.814,-3.781,-12.933,-13.035,-14.843
100.780,33.652,-2.350,-12.167,-12.357,-14.077
100.792,12.899,-1.951,-11.489,-11.712,-13.329
100.804,21.932,-1.539,-10.844,-11.106,-12.606
100.815,29.877,-1.207,-10.245,-10.557,-11.930
100.827,-15.226,-1.044,-9.822,-10.118,-11.323
100.839,-3.727,-0.783,-9.424,-9.726,-10.772
100.850,16.147,-0.301,-8.967,-9.291,-10.257
100.861,31.286,0.090,-8.502,-8.870,-9.792
100.871,-3.527,-0.505,-8.022,-8.375,-9.350
100.883,-5.333,-0.554,-7.383,-7.732,-8.797
100.895,-2.254,0.785,-6.499,-6.928,-8.166
100.906,-2.557,1.632,-5.597,-6.065,-7.453
100.918,-26.437,1.259,-4.571,-5.020,-6.625
100.930,-41.645,0.474,-3.483,-3.907,-5.697
100.941,-50.881,-0.446,-2.484,-2.902,-4.813
100.952,-38.048,-0.199,-1.333,-1.805,-3.816
100.964,-19.582,-0.022,-0.077,-0.595,-2.758
100.976,-19.026,-0.156,1.087,0.576,-1.664
100.987,-28.331,-0.764,2.238,1.749,-0.555
100.999,-22.574,-1.331,3.298,2.825,0.556
101.011,-14.164,-1.650,4.316,3.864,1.631
101.022,-37.852,-1.857,5.273,4.864,2.696
101.034,-45.810,-2.058,6.138,5.770,3.711
101.046,-24.562,-2.111,6.887,6.547,4.666
101.057,-10.123,-1.963,7.597,7.274,5.546
101.068,6.329,-1.501,8.294,7.971,6.348
101.079,6.946,-1.213,8.899,8.563,7.090
101.090,5.134,-1.268,9.518,9.180,7.783
101.101,-1.655,-1.689,10.125,9.814,8.444
101.112,0.522,-2.002,10.718,10.433,9.099
101.123,7.081,-2.242,11.265,10.992,9.734
101.134,6.778,-2.574,11.863,11.598,10.354
101.145,-2.014,-3.131,12.435,12.193,10.965
101.156,-12.012,-3.909,12.975,12.764,11.557
101.167,-31.148,-4.630,13.528,13.344,12.141
101.178,-37.073,-4.901,14.108,13.910,12.720
101.189,-21.554,-4.549,14.590,14.364,13.273
101.200,-4.785,-3.846,15.067,14.812,13.795
101.211,3.259,-3.414,15.463,15.185,14.284
101.222,-8.214,-3.668,15.686,15.417,14.701
101.233,-37.629,-5.170,15.845,15.624,15.054
101.244,-53.189,-6.853,15.864,15.704,15.324
101.255,-48.254,-6.632,15.845,15.657,15.494
101.266,-32.902,-5.716,15.813,15.608,15.606
101.277,-8.213,-4.589,15.727,15.499,15.658
101.288,5.281,-3.976,15.636,15.390,15.657
101.299,-1.425,-4.090,15.476,15.223,15.606
101.310,-16.412,-4.736,15.334,15.101,15.527
101.321,-31.322,-5.910,15.216,15.011,15.434
101.332,-25.365,-6.608,15.095,14.908,15.322
101.343,-20.750,-6.640,15.065,14.871,15.230
101.354,-10.058,-6.014,15.014,14.790,15.140
101.365,-4.256,-5.602,14.963,14.715,15.058
101.376,-9.949,-5.555,14.953,14.698,14.989
101.387,-15.433,-5.692,14.907,14.645,14.939
101.398,-17.907,-5.661,14.977,14.682,14.898
101.409,-11.412,-5.309,15.016,14.676,14.881
101.420,18.804,-4.081,15.158,14.737,14.888
101.431,24.509,-2.847,15.294,14.818,14.928
101.442,21.444,-2.591,15.359,14.888,14.986
101.453,12.937,-2.927,15.397,14.962,15.050
101.464,2.565,-3.585,15.457,15.070,15.124
101.475,-9.059,-4.273,15.550,15.218,15.209
101.486,-11.741,-4.730,15.651,15.360,15.301
101.497,-8.031,-4.856,15.855,15.581,15.429
101.508,0.437,-4.708,16.009,15.724,15.571
101.519,9.243,-4.493,16.225,15.916,15.723
101.530,-13.512,-4.597,16.413,16.096,15.885
101.541,-19.862,-5.076,16.503,16.200,16.036
101.552,-29.005,-5.568,16.688,16.400,16.189
101.563,-37.450,-5.823,16.920,16.639,16.358
101.574,-42.342,-5.733,17.124,16.848,16.543
101.585,-38.858,-5.302,17.340,17.061,16.732
101.596,-20.718,-4.347,17.505,17.199,16.911
101.607,10.930,-2.980,17.664,17.295,17.078
101.618,33.563,-1.436,17.759,17.316,17.213
101.629,30.590,-0.194,17.783,17.280,17.316
101.641,22.691,0.252,17.694,17.178,17.366
101.653,17.126,0.544,17.439,16.920,17.346
101.664,9.796,0.336,17.123,16.628,17.247
101.675,-9.719,-0.212,16.744,16.278,17.070
101.687,-25.039,-0.785,16.285,15.832,16.820
101.698,-44.052,-1.837,15.629,15.217,16.462
101.709,-55.407,-2.361,14.843,14.452,15.989
101.720,-48.002,-1.977,13.970,13.586,15.404
101.731,12.076,-0.915,12.913,12.516,14.718
101.741,15.456,0.237,11.773,11.335,13.887
101.751,4.088,0.235,10.622,10.185,12.954
101.761,9.837,0.459,9.475,9.026,11.967
101.773,16.909,0.255,7.912,7.472,10.651
101.783,-12.805,-0.452,6.633,6.227,9.486
101.794,-15.080,-0.557,5.396,4.999,8.293
101.804,16.799,0.436,4.224,3.776,7.088
101.815,22.449,1.764,2.953,2.455,5.814
101.826,22.744,1.976,1.637,1.143,4.491
101.837,20.353,2.516,0.347,-0.154,3.167
101.849,11.723,2.409,-0.878,-1.361,1.873
101.860,10.467,2.976,-1.924,-2.420,0.634
101.872,-2.174,3.186,-2.837,-3.342,-0.496
101.883,-1.603,3.218,-3.630,-4.129,-1.507
101.894,-4.090,2.980,-4.357,-4.836,-2.479
101.906,5.140,2.945,-4.975,-5.440,-3.347
101.917,7.998,2.346,-5.504,-5.931,-4.108
101.929,21.940,2.212,-5.926,-6.336,-4.774
101.940,26.810,2.391,-6.340,-6.748,-5.348
101.952,28.243,2.636,-6.616,-7.029,-5.841
101.963,20.964,3.233,-6.789,-7.213,-6.252
101.975,21.510,3.534,-6.884,-7.312,-6.561
101.986,5.288,3.701,-6.925,-7.344,-6.791
101.998,-5.534,3.324,-6.898,-7.287,-6.941
102.010,3.717,3.104,-6.799,-7.170,-7.014
102.021,19.958,2.927,-6.704,-7.064,-7.040
102.033,28.807,3.093,-6.491,-6.848,-6.997
102.045,21.995,3.621,-6.322,-6.679,-6.906
102.056,7.768,4.138,-6.085,-6.438,-6.768
102.068,-2.669,3.800,-5.880,-6.198,-6.591
102.080,-5.300,3.398,-5.602,-5.901,-6.383
102.091,6.075,2.840,-5.382,-5.635,-6.153
102.103,15.549,2.419,-5.201,-5.396,-5.920
102.114,10.650,2.108,-5.016,-5.174,-5.695
102.126,-0.695,1.930,-4.888,-5.035,-5.486
102.137,-28.421,1.243,-4.763,-4.895,-5.300
102.149,-37.209,1.278,-4.621,-4.754,-5.135
102.161,-48.773,0.883,-4.703,-4.814,-5.015
102.172,-44.813,0.235,-4.867,-4.939,-4.971
102.184,-27.240,-0.391,-5.049,-5.081,-4.986
102.196,9.086,-0.790,-5.307,-5.337,-5.083
102.208,51.094,-0.148,-5.640,-5.725,-5.260
102.219,33.944,0.332,-6.052,-6.152,-5.499
102.231,13.103,0.460,-6.555,-6.653,-5.811
102.243,-2.076,0.398,-7.073,-7.164,-6.180
102.254,-4.532,0.219,-7.612,-7.692,-6.593
102.266,3.820,0.315,-8.183,-8.250,-7.053
102.277,12.420,0.818,-8.712,-8.787,-7.544
102.289,2.602,1.776,-9.228,-9.361,-8.048
102.301,-25.108,2.663,-9.674,-9.833,-8.548
102.312,-46.526,2.015,-10.145,-10.257,-9.023
102.324,-50.847,1.272,-10.561,-10.647,-9.479
102.336,-41.937,0.761,-10.931,-11.005,-9.917
102.348,-26.706,-0.473,-11.320,-11.360,-10.337
102.359,-5.405,-0.455,-11.665,-11.703,-10.739
102.371,14.671,-1.147,-11.832,-11.814,-11.077
102.383,25.355,-1.320,-11.835,-11.755,-11.319
102.394,15.754,-1.331,-11.541,-11.444,-11.409
102.404,-23.231,-2.169,-11.219,-11.071,-11.350
102.415,-13.285,-2.013,-10.728,-10.592,-11.184
102.426,0.868,-0.954,-9.954,-9.870,-10.863
102.436,36.069,0.211,-9.028,-8.998,-10.386
102.447,41.552,1.191,-7.923,-7.937,-9.734
102.458,45.362,1.692,-6.711,-6.774,-8.932
102.470,4.793,0.940,-5.324,-5.378,-7.871
102.482,-24.025,0.167,-3.873,-3.878,-6.664
102.494,-20.508,-0.555,-2.477,-2.428,-5.361
102.505,-4.154,-0.291,-1.134,-1.088,-4.031
102.517,11.066,-0.099,0.084,0.122,-2.725
102.529,12.303,-0.170,1.174,1.222,-1.487
102.540,12.116,-0.436,2.092,2.170,-0.338
102.552,12.811,-0.633,2.910,3.007,0.711
102.564,19.424,-0.840,3.758,3.849,1.681
102.575,12.359,-0.569,4.543,4.626,2.584
102.587,13.121,-0.162,5.161,5.242,3.412
102.598,4.889,-0.358,5.527,5.628,4.117
102.610,-6.386,-0.939,5.832,5.961,4.684
102.622,-24.705,-1.590,5.854,6.029,5.088
102.634,-27.958,-1.892,5.668,5.874,5.300
102.645,-12.585,-1.956,5.474,5.681,5.353
102.657,1.621,-1.580,5.253,5.439,5.311
102.668,6.967,-0.771,4.935,5.078,5.172
102.680,4.991,0.077,4.665,4.746,4.969
102.692,8.077,0.224,4.276,4.330,4.700
102.703,14.026,0.026,3.787,3.825,4.362
102.715,16.224,-0.223,3.263,3.283,3.952
102.727,5.206,-0.620,2.791,2.804,3.522
102.738,2.612,-0.412,2.110,2.109,3.017
102.750,2.017,-0.419,1.434,1.429,2.435
102.762,5.346,-0.355,0.689,0.676,1.820
102.773,-22.141,-0.535,-0.126,-0.116,1.143
102.785,-38.299,-0.706,-0.897,-0.859,0.417
102.796,-9.970,-0.407,-1.517,-1.464,-0.195
102.807,31.872,0.991,-2.053,-2.055,-0.810
102.817,37.705,1.351,-2.572,-2.606,-1.406
102.828,15.901,0.901,-3.002,-3.022,-1.954
102.839,-6.191,0.081,-3.427,-3.412,-2.458
102.850,-1.253,-0.015,-3.706,-3.679,-2.912
102.861,18.250,0.355,-3.843,-3.836,-3.284
102.872,25.923,0.883,-3.811,-3.834,-3.553
102.883,17.593,0.906,-3.672,-3.694,-3.702
102.894,3.203,0.304,-3.517,-3.501,-3.750
102.905,-2.213,-0.379,-3.219,-3.156,-3.699
102.916,-25.608,-1.483,-2.874,-2.755,-3.547
102.928,-24.673,-2.382,-2.558,-2.409,-3.343
102.939,-12.679,-2.596,-2.074,-1.927,-3.077
102.950,-1.167,-2.406,-1.557,-1.423,-2.734
102.962,15.680,-1.437,-1.036,-0.942,-2.330
102.973,28.515,-0.924,-0.517,-0.437,-1.887
102.984,50.810,0.552,0.014,0.008,-1.420
102.996,51.630,2.067,0.577,0.468,-0.947
103.007,53.180,2.956,1.096,0.914,-0.462
103.018,47.988,3.213,1.416,1.219,-0.017
103.030,40.858,3.346,1.596,1.402,0.353
103.041,26.241,2.489,1.606,1.485,0.631
103.052,0.911,0.870,1.561,1.554,0.836
103.063,7.567,0.424,1.554,1.588,0.990
103.074,-10.486,-1.070,1.443,1.551,1.080
103.085,-32.901,-1.828,1.253,1.412,1.100
103.096,-36.027,-1.934,1.041,1.232,1.057
103.107,-17.323,-1.878,0.809,1.021,0.959
103.118,-11.570,-1.870,0.529,0.736,0.819
103.129,-16.292,-2.121,0.161,0.373,0.605
103.140,-21.801,-2.366,-0.203,0.006,0.347
103.151,-19.757,-2.064,-0.646,-0.455,0.033
103.162,-10.167,-1.720,-1.117,-0.942,-0.326
103.173,4.286,-1.485,-1.671,-1.514,-0.751
103.185,13.909,-1.802,-2.293,-2.122,-1.253
103.196,32.197,-1.266,-2.912,-2.767,-1.799
103.208,44.138,-0.643,-3.535,-3.397,-2.372
103.220,48.396,0.013,-4.117,-3.996,-2.950
103.231,48.486,0.926,-4.594,-4.504,-3.512
103.243,50.852,2.236,-5.061,-5.027,-4.057
103.255,45.293,3.693,-5.538,-5.563,-4.585
103.266,30.662,4.991,-5.992,-6.048,-5.092
103.278,-5.652,5.786,-6.423,-6.467,-5.569
103.290,-41.797,5.682,-6.861,-6.848,-6.012
103.302,-48.318,4.709,-7.184,-7.110,-6.411
103.313,-42.202,3.144,-7.491,-7.364,-6.775
103.325,-17.422,2.508,-7.851,-7.686,-7.128
103.337,5.059,2.154,-7.911,-7.711,-7.411
103.348,20.204,1.844,-7.943,-7.724,-7.628
103.360,-1.946,0.997,-7.885,-7.627,-7.764
103.372,-19.967,0.178,-7.693,-7.397,-7.801
103.383,-26.502,-0.916,-7.409,-7.068,-7.746
103.395,-6.209,-1.079,-7.035,-6.666,-7.595
103.407,14.798,-2.289,-6.596,-6.144,-7.350
103.418,19.549,-2.933,-6.104,-5.626,-7.039
103.430,0.600,-3.178,-5.572,-5.092,-6.652
103.441,-17.213,-3.189,-4.977,-4.505,-6.213
103.453,-16.079,-3.561,-4.426,-3.951,-5.734
103.465,7.716,-3.479,-3.813,-3.347,-5.222
103.476,37.796,-2.547,-3.223,-2.818,-4.699
103.488,20.496,-1.157,-2.697,-2.357,-4.171
103.500,-9.622,-0.117,-2.348,-2.028,-3.685
103.511,-20.916,0.117,-2.074,-1.736,-3.248
103.523,-14.181,-0.322,-1.850,-1.493,-2.866
103.535,15.658,-0.344,-1.740,-1.351,-2.546
103.546,32.708,-0.982,-1.813,-1.364,-2.324
103.558,28.322,-0.979,-1.855,-1.358,-2.176
103.569,-3.842,-1.451,-2.060,-1.526,-2.108
103.581,-17.770,-0.866,-2.175,-1.660,-2.109
103.593,-51.245,-0.790,-2.464,-1.930,-2.177
103.605,-43.991,-1.169,-2.722,-2.166,-2.300
103.616,-11.725,-1.081,-3.002,-2.444,-2.469
103.628,4.733,-1.598,-3.387,-2.816,-2.704
103.640,49.758,-1.236,-3.695,-3.174,-2.979
103.651,53.269,-0.138,-3.969,-3.521,-3.277
103.663,35.289,1.297,-4.152,-3.767,-3.550
103.674,16.945,1.166,-4.480,-4.076,-3.822
103.686,2.422,1.025,-4.749,-4.324,-4.089
103.698,-1.689,1.013,-4.920,-4.498,-4.328
103.709,7.055,1.014,-5.153,-4.726,-4.559
103.721,3.699,0.433,-5.307,-4.849,-4.770
103.733,16.127,0.029,-5.458,-4.984,-4.958
103.744,41.768,0.417,-5.473,-5.019,-5.103
103.756,32.363,0.769,-5.484,-5.046,-5.211
103.767,25.273,1.266,-5.439,-5.022,-5.270
103.779,12.925,1.544,-5.448,-5.028,-5.305
103.790,5.728,1.445,-5.309,-4.882,-5.293
103.802,-2.412,1.022,-5.198,-4.753,-5.242
103.814,-1.091,0.440,-5.025,-4.549,-5.156
103.825,4.749,0.100,-4.754,-4.266,-5.018
103.837,5.327,-0.353,-4.482,-3.978,-4.834
103.849,-0.414,-0.824,-4.154,-3.631,-4.602
103.860,-8.995,-1.614,-3.847,-3.281,-4.345
103.872,-5.400,-1.706,-3.470,-2.899,-4.056
103.884,10.360,-1.656,-3.173,-2.574,-3.757
103.895,31.076,-1.130,-2.769,-2.179,-3.430
103.907,34.251,0.095,-2.355,-1.837,-3.077
103.918,8.262,1.277,-2.017,-1.532,-2.728
103.930,-20.751,1.765,-1.748,-1.263,-2.382
103.941,-28.635,1.065,-1.583,-1.070,-2.083
103.953,-25.932,-0.233,-1.368,-0.814,-1.807
103.964,-5.882,-0.501,-1.311,-0.727,-1.580
103.976,5.087,-1.277,-1.421,-0.768,-1.430
103.988,1.540,-1.486,-1.411,-0.752,-1.332
103.999,-16.468,-1.571,-1.516,-0.850,-1.273
104.011,0.979,-0.899,-1.680,-1.036,-1.282
104.021,9.782,-0.693,-1.850,-1.224,-1.343
104.032,-16.858,-1.214,-2.072,-1.432,-1.451
104.042,-38.928,-2.544,-2.254,-1.554,-1.581
104.052,-14.671,-1.921,-2.420,-1.738,-1.717
104.062,-8.983,-1.660,-2.563,-1.879,-1.859
104.074,-32.109,-1.359,-2.737,-2.076,-2.018
104.084,-29.405,-1.803,-2.839,-2.175,-2.173
104.095,-19.289,-1.377,-2.837,-2.209,-2.284
104.105,14.826,-0.396,-2.814,-2.241,-2.357
104.117,-24.200,-0.248,-2.818,-2.245,-2.429
104.127,-26.274,-1.211,-2.788,-2.166,-2.450
104.138,-5.336,-0.468,-2.694,-2.098,-2.448
104.148,9.031,0.712,-2.601,-2.037,-2.413
104.158,22.414,1.109,-2.461,-1.919,-2.355
104.169,16.585,1.300,-2.322,-1.784,-2.272
104.179,1.284,0.540,-2.149,-1.572,-2.160
104.189,-25.348,-0.030,-1.980,-1.373,-2.023
104.199,-11.956,-0.600,-1.801,-1.168,-1.874
104.210,6.619,0.106,-1.532,-0.937,-1.684
104.220,25.893,0.513,-1.322,-0.742,-1.506
104.230,33.929,1.071,-0.954,-0.419,-1.277
104.240,-27.213,-1.005,-0.771,-0.158,-1.032
104.251,-46.500,-1.835,-0.562,0.087,-0.810
104.261,-9.834,-1.218,-0.281,0.344,-0.571
104.271,44.135,0.635,0.048,0.588,-0.326
104.282,10.909,0.068,0.246,0.826,-0.074
104.292,-43.316,-2.825,0.391,1.060,0.155
104.302,-15.746,-1.616,0.560,1.156,0.361
104.312,30.968,-0.361,0.613,1.177,0.526
104.323,28.826,0.490,0.601,1.145,0.637
104.333,-29.521,-1.459,0.558,1.213,0.737
104.343,-25.627,-1.846,0.521,1.187,0.791
104.353,-1.765,-1.362,0.537,1.169,0.829
104.363,12.766,-0.701,0.484,1.089,0.856
104.374,10.505,-0.666,0.337,0.928,0.817
104.384,-12.819,-1.620,0.116,0.735,0.722
104.394,-21.304,-1.882,-0.078,0.541,0.605
104.404,11.690,-0.676,-0.299,0.255,0.432
104.415,28.016,-0.325,-0.485,0.036,0.242
104.425,1.359,-0.881,-0.777,-0.246,0.033
104.435,-21.352,-1.705,-1.174,-0.612,-0.224
104.445,-1.376,-1.424,-1.421,-0.895,-0.501
104.455,30.393,-0.455,-1.636,-1.198,-0.759
104.466,0.782,-0.764,-2.007,-1.592,-1.055
104.476,-20.339,-1.909,-2.294,-1.847,-1.369
104.486,-8.600,-1.450,-2.401,-2.015,-1.641
104.496,17.224,-0.920,-2.555,-2.222,-1.890
104.507,28.451,0.069,-2.656,-2.392,-2.123
104.517,-1.475,-0.759,-2.803,-2.520,-2.307
104.527,-15.060,-1.778,-2.935,-2.616,-2.480
104.537,-15.198,-1.991,-2.865,-2.557,-2.590
104.548,6.468,-1.418,-2.740,-2.486,-2.650
104.558,14.879,-1.238,-2.663,-2.430,-2.676
104.568,0.440,-1.378,-2.492,-2.266,-2.650
104.578,-7.280,-1.528,-2.345,-2.115,-2.577
104.589,4.429,-1.286,-2.213,-1.998,-2.491
104.599,15.258,-0.598,-1.945,-1.765,-2.372
104.609,-8.681,-1.473,-1.755,-1.537,-2.212
104.621,9.987,-1.339,-1.492,-1.286,-2.012
104.631,-31.410,-2.771,-1.317,-1.065,-1.833
104.641,-27.806,-2.994,-1.043,-0.792,-1.635
104.651,-11.091,-2.149,-0.710,-0.516,-1.405
104.662,51.082,-0.163,-0.300,-0.204,-1.148
104.672,34.350,-0.036,-0.027,0.033,-0.877
104.682,-36.516,-3.013,0.122,0.303,-0.632
104.692,-52.427,-3.576,0.387,0.598,-0.370
104.702,-3.270,-2.544,0.628,0.822,-0.113
104.713,27.483,-1.284,0.920,1.050,0.152
104.723,6.549,-1.477,1.067,1.212,0.395
104.733,1.227,-1.864,1.225,1.385,0.623
104.743,-13.673,-2.287,1.302,1.467,0.807
104.754,-38.867,-3.892,1.357,1.586,0.961
104.764,15.230,-1.979,1.399,1.533,1.068
104.774,37.092,-0.010,1.432,1.488,1.145
104.784,17.875,-0.239,1.334,1.426,1.181
104.795,3.082,-1.046,1.220,1.350,1.177
104.805,-31.593,-2.552,1.077,1.265,1.138
104.815,-43.153,-3.304,0.898,1.092,1.062
104.825,30.173,-0.679,0.954,0.991,0.973
104.835,35.175,1.112,0.964,0.898,0.909
104.845,-9.436,0.048,0.857,0.837,0.828
104.857,-3.522,-0.219,0.769,0.766,0.748
104.870,-27.363,-0.448,0.621,0.632,0.640
104.882,-17.664,-0.434,0.455,0.477,0.523
104.894,-0.089,-0.383,0.253,0.271,0.403
104.906,17.509,-0.064,-0.022,-0.010,0.219
104.916,20.093,-0.102,-0.182,-0.178,0.058
104.926,-38.360,-1.263,-0.438,-0.412,-0.116
104.938,-8.438,-1.860,-0.749,-0.700,-0.383
104.950,2.566,-2.532,-0.972,-0.888,-0.630
104.961,-53.336,-3.982,-1.295,-1.167,-0.841
104.973,-49.669,-5.203,-1.759,-1.578,-1.160
104.983,-60.089,-5.390,-2.102,-1.890,-1.455
104.993,44.230,-3.617,-2.396,-2.220,-1.757
105.005,42.349,-1.516,-2.468,-2.398,-2.074
105.016,36.430,0.215,-2.267,-2.287,-2.233
105.028,28.497,1.777,-2.120,-2.217,-2.281
105.040,17.766,3.114,-1.949,-2.109,-2.262
105.052,-17.606,2.181,-1.903,-2.034,-2.210
105.063,-21.691,1.476,-1.782,-1.897,-2.146
105.075,-22.922,0.908,-1.615,-1.712,-2.040
105.086,-2.062,1.113,-1.326,-1.450,-1.890
105.097,10.125,1.438,-1.351,-1.479,-1.764
105.107,5.528,1.002,-1.176,-1.287,-1.637
105.118,2.726,0.529,-0.975,-1.069,-1.489
105.129,5.204,0.329,-0.625,-0.711,-1.277
105.142,-10.287,0.153,-0.254,-0.345,-0.983
105.154,-20.548,-0.550,0.015,-0.075,-0.702
105.164,14.871,0.146,0.303,0.150,-0.456
105.174,11.608,0.431,0.481,0.305,-0.224
105.184,-14.781,-0.496,0.618,0.485,-0.019
105.195,8.791,0.078,0.756,0.614,0.161
105.205,27.361,0.317,0.887,0.732,0.328
105.215,-32.533,-2.023,0.862,0.819,0.449
105.225,-53.578,-2.614,0.948,0.943,0.570
105.236,-1.967,-1.663,0.923,0.907,0.660
105.246,28.766,-0.514,0.975,0.901,0.725
105.256,19.625,-0.224,1.049,0.967,0.788
105.266,25.379,0.123,1.055,0.964,0.831
105.277,-10.355,-1.287,1.069,1.031,0.877
105.287,-46.723,-2.209,1.099,1.081,0.912
105.297,-7.216,-1.710,1.130,1.068,0.949
105.308,22.315,0.279,1.137,0.990,0.962
105.318,13.749,-0.376,0.968,0.840,0.940
105.328,-0.762,-0.851,0.774,0.661,0.857
105.338,-5.363,-1.477,0.502,0.413,0.722
105.349,-24.943,-2.234,0.290,0.222,0.552
105.359,-13.094,-2.110,0.111,0.004,0.381
105.369,18.055,-0.702,-0.116,-0.279,0.178
105.379,0.864,-0.872,-0.327,-0.488,-0.029
105.390,3.231,-0.764,-0.455,-0.625,-0.208
105.400,30.704,-0.261,-0.577,-0.781,-0.378
105.410,6.550,-0.854,-0.698,-0.885,-0.534
105.420,-50.053,-4.201,-0.869,-0.950,-0.676
105.430,-28.292,-3.217,-0.918,-1.037,-0.807
105.441,0.456,-2.958,-1.037,-1.151,-0.944
105.453,0.792,-2.534,-1.157,-1.289,-1.081
105.464,7.222,-2.237,-1.241,-1.384,-1.219
105.476,21.338,-2.096,-1.260,-1.403,-1.320
105.487,2.549,-3.182,-1.268,-1.358,-1.385
105.499,12.040,-3.642,-1.248,-1.316,-1.437
105.510,5.549,-3.740,-1.198,-1.256,-1.460
105.522,-13.008,-3.771,-1.275,-1.339,-1.481
105.533,-13.616,-3.241,-1.281,-1.361,-1.495
105.545,-32.878,-2.951,-1.431,-1.491,-1.531
105.557,-27.035,-3.057,-1.531,-1.567,-1.586
105.568,-14.432,-3.536,-1.685,-1.710,-1.660
105.580,-5.390,-4.183,-1.929,-1.931,-1.788
105.592,-0.550,-4.923,-2.120,-2.089,-1.936
105.603,7.528,-5.547,-2.441,-2.383,-2.122
105.615,12.460,-5.991,-2.689,-2.611,-2.329
105.627,20.593,-6.018,-3.057,-2.981,-2.576
105.639,25.408,-5.549,-3.492,-3.437,-2.887
105.650,25.589,-4.549,-3.970,-3.958,-3.262
105.662,13.508,-3.343,-4.318,-4.371,-3.647
105.674,-0.233,-2.776,-4.496,-4.585,-3.997
105.685,-12.906,-2.164,-4.749,-4.867,-4.313
105.697,-15.228,-1.477,-5.044,-5.181,-4.616
105.709,-11.278,-0.456,-5.238,-5.405,-4.895
105.720,-0.325,-0.255,-5.496,-5.660,-5.155
105.732,-0.139,-0.274,-5.694,-5.857,-5.405
105.744,-5.966,-0.585,-5.859,-6.009,-5.637
105.755,-12.196,-1.022,-6.064,-6.203,-5.852
105.767,-16.610,-1.520,-6.129,-6.261,-6.032
105.778,-13.939,-1.841,-6.259,-6.389,-6.199
105.790,-10.451,-1.897,-6.201,-6.338,-6.317
105.802,-6.806,-1.814,-6.102,-6.252,-6.374
105.813,-6.765,-1.820,-5.998,-6.151,-6.381
105.825,-9.476,-1.920,-5.847,-6.001,-6.344
105.837,-17.624,-2.435,-5.747,-5.894,-6.279
105.848,-29.325,-2.608,-5.577,-5.725,-6.189
105.860,-32.012,-2.365,-5.384,-5.579,-6.085
105.872,-23.663,-2.037,-5.162,-5.386,-5.956
105.883,-17.788,-2.585,-4.979,-5.170,-5.796
105.895,-9.894,-3.400,-4.789,-4.949,-5.625
105.907,1.036,-3.287,-4.530,-4.694,-5.440
105.918,-10.971,-3.927,-4.278,-4.408,-5.229
105.930,14.653,-3.749,-3.948,-4.105,-4.992
105.941,30.291,-3.132,-3.590,-3.787,-4.734
105.953,5.852,-3.086,-3.235,-3.452,-4.445
105.965,15.451,-2.492,-2.892,-3.135,-4.139
105.976,-1.131,-2.590,-2.582,-2.828,-3.822
105.988,-45.329,-3.155,-2.278,-2.529,-3.509
106.000,-21.125,-3.464,-2.065,-2.355,-3.233
106.012,-5.033,-3.909,-1.798,-2.083,-2.967
106.023,-16.153,-4.183,-1.583,-1.864,-2.724
106.035,15.679,-3.560,-1.413,-1.729,-2.503
106.046,30.683,-3.126,-1.318,-1.672,-2.331
106.058,2.870,-3.087,-1.187,-1.552,-2.184
106.070,49.121,-2.630,-0.987,-1.429,-2.029
106.081,18.754,-1.617,-0.890,-1.366,-1.895
106.093,-15.350,-1.651,-0.839,-1.312,-1.781
106.104,4.418,-1.196,-0.695,-1.181,-1.657
106.115,-19.024,-1.231,-0.583,-1.074,-1.552
106.126,-32.690,-1.226,-0.453,-0.981,-1.445
106.137,-23.627,-1.300,-0.316,-0.861,-1.328
106.148,-13.175,-1.390,-0.153,-0.712,-1.205
106.159,-1.315,-0.664,-0.003,-0.592,-1.081
106.169,35.637,-0.125,0.169,-0.461,-0.966
106.179,15.263,0.172,0.269,-0.399,-0.853
106.190,-1.219,-1.056,0.265,-0.333,-0.764
106.200,-35.982,-2.037,0.278,-0.265,-0.699
106.210,45.747,0.376,0.426,-0.221,-0.630
106.220,-16.342,-1.723,0.310,-0.228,-0.581
106.231,-30.806,-2.505,0.313,-0.163,-0.542
106.241,14.100,-1.192,0.456,-0.096,-0.502
106.251,44.047,0.197,0.677,0.036,-0.424
106.261,16.562,-0.044,0.755,0.126,-0.337
106.272,-2.664,-1.515,0.824,0.271,-0.242
106.284,28.355,-1.212,0.938,0.365,-0.137
106.294,45.393,-0.540,1.022,0.424,-0.051
106.304,17.152,-0.788,1.054,0.471,0.022
106.314,17.442,-1.123,0.967,0.401,0.063
106.324,8.599,-1.348,0.896,0.340,0.072
106.334,15.561,-1.072,0.826,0.245,0.053
106.345,18.540,-1.220,0.658,0.090,-0.003
106.355,5.641,-1.011,0.504,-0.075,-0.095
106.365,10.206,-1.104,0.270,-0.311,-0.228
106.375,-6.178,-0.828,0.001,-0.585,-0.398
106.385,7.344,-0.258,-0.213,-0.830,-0.598
106.396,-12.870,-0.533,-0.490,-1.096,-0.812
106.406,-8.313,-0.215,-0.802,-1.381,-1.052
106.416,3.359,-0.093,-1.064,-1.659,-1.302
106.426,7.291,1.149,-1.240,-1.894,-1.550
106.436,20.474,1.484,-1.499,-2.142,-1.789
106.447,19.551,2.165,-1.680,-2.350,-2.022
106.457,38.899,2.499,-1.791,-2.485,-2.231
106.467,19.892,1.898,-1.942,-2.616,-2.418
106.477,26.424,2.144,-1.934,-2.615,-2.562
106.488,-21.715,0.452,-2.027,-2.638,-2.666
106.498,20.389,0.772,-2.080,-2.701,-2.762
106.508,-0.704,0.192,-2.139,-2.712,-2.834
106.518,-34.208,-0.828,-2.148,-2.667,-2.878
106.529,25.302,0.011,-2.053,-2.612,-2.890
106.539,11.767,-0.582,-1.974,-2.500,-2.861
106.549,-34.274,-2.577,-1.930,-2.370,-2.808
106.559,-2.272,-1.684,-1.684,-2.174,-2.722
106.569,-1.622,-1.478,-1.437,-1.941,-2.584
106.580,20.589,-0.252,-1.122,-1.663,-2.406
106.590,20.789,-0.584,-0.762,-1.304,-2.175
106.600,-13.183,-1.320,-0.405,-0.927,-1.902
106.610,0.992,-1.613,-0.086,-0.591,-1.607
106.620,-33.295,-2.355,0.301,-0.190,-1.290
106.631,-2.442,-1.898,0.731,0.200,-0.942
106.641,4.644,-1.199,1.155,0.592,-0.593
106.651,19.320,-0.906,1.578,0.994,-0.234
106.661,36.252,0.419,2.063,1.393,0.140
106.672,43.864,0.533,2.416,1.720,0.499
106.682,0.105,-0.041,2.645,1.966,0.838
106.692,-9.144,-0.376,2.900,2.242,1.150
106.702,-28.970,-0.929,3.105,2.444,1.435
106.712,-43.532,-2.766,3.130,2.560,1.679
106.723,10.684,-1.394,3.297,2.659,1.873
106.733,6.728,-1.084,3.327,2.682,2.021
106.743,37.062,0.287,3.401,2.666,2.122
106.753,13.031,0.456,3.219,2.492,2.158
106.764,5.140,0.289,3.018,2.298,2.132
106.774,3.616,-0.269,2.718,2.021,2.043
106.784,24.787,-0.287,2.353,1.641,1.875
106.795,-7.590,-0.944,1.976,1.281,1.632
106.806,-34.264,-1.191,1.521,0.859,1.342
106.817,17.487,-0.963,1.020,0.341,1.002
106.828,30.127,-0.539,0.550,-0.130,0.620
106.839,-15.343,-1.061,0.024,-0.629,0.196
106.850,3.530,-0.791,-0.521,-1.193,-0.269
106.862,-17.283,-1.261,-1.173,-1.810,-0.789
106.873,-19.488,-1.017,-1.735,-2.344,-1.319
106.885,36.966,-0.335,-2.254,-2.874,-1.838
106.897,-14.622,-0.321,-2.663,-3.278,-2.341
106.908,3.668,-0.230,-3.032,-3.647,-2.800
106.920,1.601,-0.708,-3.461,-4.035,-3.239
106.931,-8.965,-1.208,-3.748,-4.300,-3.637
106.943,7.825,-1.268,-3.966,-4.501,-3.967
106.954,-47.948,-2.033,-4.174,-4.644,-4.264
106.966,-1.870,-1.492,-4.313,-4.817,-4.525
106.978,12.163,-1.483,-4.414,-4.901,-4.722
106.989,-4.474,-0.617,-4.393,-4.904,-4.864
106.999,2.663,-0.317,-4.413,-4.933,-4.956
107.009,-11.105,-0.915,-4.380,-4.875,-5.001
107.019,-17.702,-1.237,-4.305,-4.776,-5.011
107.030,23.079,-0.730,-4.249,-4.724,-4.984
107.040,2.656,-0.925,-4.231,-4.697,-4.961
107.050,35.177,-0.046,-4.200,-4.718,-4.942
107.060,10.049,-0.322,-4.292,-4.800,-4.955
107.071,30.870,0.771,-4.178,-4.752,-4.956
107.081,11.993,0.590,-4.338,-4.887,-4.981
107.092,-0.379,0.929,-4.353,-4.920,-5.015
107.103,-26.661,0.497,-4.340,-4.852,-5.037
107.113,-13.402,0.355,-4.243,-4.757,-5.020
107.124,-0.110,-0.131,-4.125,-4.609,-4.967
107.135,8.305,-0.503,-4.015,-4.479,-4.885
107.146,14.820,-0.499,-3.954,-4.385,-4.805
107.157,16.969,-0.306,-3.821,-4.264,-4.705
107.168,-11.278,-0.667,-3.738,-4.160,-4.606
107.179,-22.812,-1.380,-3.743,-4.133,-4.536
107.190,-8.029,-1.236,-3.691,-4.087,-4.481
107.201,34.565,-0.754,-3.670,-4.109,-4.426
107.212,17.958,-1.314,-3.730,-4.160,-4.401
107.223,-8.365,-2.191,-3.880,-4.283,-4.418
107.234,-2.153,-2.071,-3.951,-4.356,-4.443
107.245,42.545,-0.082,-3.952,-4.450,-4.473
107.256,54.764,1.850,-3.761,-4.372,-4.473
107.267,35.025,1.500,-3.716,-4.335,-4.443
107.278,15.883,0.993,-3.577,-4.184,-4.389
107.289,24.019,1.055,-3.369,-3.979,-4.290
107.300,17.435,0.757,-3.049,-3.636,-4.121
107.311,-6.740,-0.393,-2.737,-3.278,-3.897
107.321,-20.763,-1.631,-2.365,-2.859,-3.630
107.332,-16.962,-1.685,-1.911,-2.413,-3.305
107.343,-26.900,-2.097,-1.436,-1.922,-2.942
107.353,-20.225,-2.256,-1.009,-1.474,-2.562
107.364,48.458,-0.182,-0.440,-0.999,-2.158
107.374,11.802,-1.343,0.086,-0.453,-1.719
107.385,10.423,-1.407,0.685,0.139,-1.183
107.396,4.139,-1.862,1.096,0.576,-0.696
107.407,-35.021,-3.280,1.549,1.112,-0.229
107.417,-5.900,-1.968,1.945,1.449,0.214
107.427,34.698,-1.071,2.326,1.792,0.649
107.438,-17.506,-2.007,2.456,1.967,1.016
107.448,-33.277,-2.355,2.653,2.129,1.318
107.458,-9.622,-1.942,2.660,2.100,1.546
107.468,8.601,-1.139,2.502,1.916,1.660
107.479,-4.943,-1.752,2.229,1.683,1.678
107.489,-27.157,-2.419,1.969,1.452,1.613
107.499,-20.010,-3.011,1.746,1.225,1.496
107.509,-19.340,-2.941,1.480,0.939,1.322
107.520,-18.831,-2.776,1.169,0.625,1.119
107.530,32.194,-1.441,0.898,0.295,0.880
107.540,-4.389,-1.942,0.591,0.005,0.632
107.550,-7.977,-2.613,0.229,-0.329,0.354
107.561,1.697,-2.606,-0.151,-0.707,0.051
107.571,-41.845,-3.475,-0.481,-1.012,-0.253
107.581,-25.933,-3.498,-0.695,-1.247,-0.560
107.591,17.001,-2.049,-0.838,-1.463,-0.842
107.602,-14.948,-2.198,-0.946,-1.558,-1.070
107.612,35.813,-0.294,-0.962,-1.662,-1.247
107.622,35.105,-0.010,-1.067,-1.812,-1.398
107.632,9.831,-0.309,-1.140,-1.874,-1.523
107.642,-17.504,-1.565,-1.198,-1.868,-1.623
107.653,-43.725,-2.210,-1.125,-1.754,-1.675
107.663,-12.737,-1.818,-1.112,-1.772,-1.716
107.673,47.043,1.315,-0.913,-1.702,-1.712
107.684,20.232,0.641,-0.827,-1.613,-1.688
107.694,-5.197,-0.041,-0.702,-1.470,-1.637
107.704,-2.152,-0.274,-0.590,-1.345,-1.569
107.714,-7.845,-0.432,-0.457,-1.200,-1.485
107.725,7.467,0.096,-0.354,-1.118,-1.404
107.735,40.763,1.071,-0.178,-0.993,-1.310
107.745,9.946,0.472,-0.055,-0.844,-1.208
107.755,-24.770,-1.449,0.073,-0.637,-1.082
107.766,1.161,-0.525,0.393,-0.365,-0.920
107.776,19.527,0.126,0.656,-0.130,-0.724
107.786,20.979,0.400,0.923,0.118,-0.508
107.796,0.421,-0.388,1.085,0.310,-0.294
107.807,-8.504,-0.768,1.152,0.405,-0.106
107.817,-27.228,-1.954,1.241,0.557,0.049
107.828,-32.424,-2.926,1.315,0.693,0.197
107.839,-30.858,-2.522,1.433,0.812,0.330
107.850,-8.843,-1.402,1.500,0.842,0.452
107.862,16.333,0.151,1.553,0.829,0.535
107.873,4.372,1.265,1.595,0.819,0.603
107.885,9.716,2.011,1.531,0.727,0.645
107.896,26.160,2.543,1.432,0.608,0.645
107.907,19.200,2.806,1.263,0.444,0.592
107.918,1.212,2.817,1.006,0.195,0.487
107.930,9.307,2.813,0.694,-0.105,0.325
107.942,23.906,2.611,0.410,-0.369,0.134
107.953,11.848,2.218,0.108,-0.648,-0.085
107.965,0.904,1.817,-0.237,-0.970,-0.341
107.976,14.698,1.660,-0.578,-1.310,-0.622
107.988,21.684,1.391,-0.892,-1.633,-0.916
108.000,-16.553,0.867,-1.317,-2.016,-1.237
108.011,-37.926,0.441,-1.856,-2.508,-1.605
108.023,-42.133,-0.343,-2.247,-2.858,-1.981
108.035,-41.975,-1.467,-2.649,-3.219,-2.349
108.046,-38.605,-2.551,-2.903,-3.434,-2.693
108.058,-20.235,-2.354,-3.129,-3.679,-3.010
108.068,-19.224,-2.831,-3.375,-3.907,-3.285
108.079,-5.254,-2.455,-3.604,-4.152,-3.545
108.089,-15.986,-2.425,-3.638,-4.183,-3.749
108.100,-9.722,-2.238,-3.668,-4.220,-3.917
108.111,7.896,-1.545,-3.571,-4.151,-4.026
108.122,23.387,-1.050,-3.405,-3.997,-4.056
108.133,-8.965,-1.505,-3.238,-3.797,-4.019
108.144,-15.261,-2.395,-3.063,-3.577,-3.933
108.155,-4.569,-2.685,-2.836,-3.330,-3.795
108.166,23.403,-2.593,-2.579,-3.054,-3.615
108.178,27.475,-2.484,-2.255,-2.734,-3.391
108.189,16.099,-2.873,-1.948,-2.417,-3.150
108.200,-3.529,-3.564,-1.593,-2.041,-2.876
108.211,-8.030,-3.646,-1.244,-1.693,-2.575
108.223,-13.696,-3.679,-0.905,-1.354,-2.264
108.234,-29.461,-3.272,-0.493,-0.944,-1.919
108.245,-22.617,-2.598,-0.000,-0.474,-1.530
108.256,-3.916,-1.465,0.465,-0.057,-1.131
108.267,29.555,0.430,0.935,0.328,-0.722
108.278,30.784,1.750,1.385,0.698,-0.332
108.288,10.805,1.334,1.680,0.998,0.027
108.298,-0.249,0.600,1.999,1.359,0.379
108.308,-19.424,-0.327,2.209,1.612,0.708
108.319,-21.644,-0.484,2.333,1.758,0.993
108.329,18.625,0.561,2.350,1.748,1.193
108.339,18.911,0.556,2.321,1.734,1.328
108.349,-7.888,-0.069,2.249,1.711,1.421
108.360,-30.572,-1.350,2.120,1.648,1.468
108.370,-0.659,-0.767,2.036,1.547,1.476
108.380,6.368,-0.619,1.808,1.309,1.422
108.390,6.207,-0.539,1.601,1.099,1.314
108.401,5.907,-0.579,1.469,0.964,1.191
108.411,-9.536,-0.993,1.296,0.812,1.071
108.421,-12.836,-1.138,1.093,0.611,0.929
108.431,22.601,-0.284,0.848,0.294,0.739
108.441,17.546,0.031,0.575,0.002,0.512
108.451,-8.916,-0.569,0.300,-0.233,0.292
108.462,-10.332,-0.608,0.089,-0.440,0.075
108.472,22.360,-0.074,-0.238,-0.796,-0.169
108.482,-14.180,-0.658,-0.592,-1.113,-0.439
108.492,-12.481,-0.719,-0.932,-1.440,-0.729
108.502,10.332,-0.046,-1.185,-1.721,-1.017
108.513,-12.035,-0.374,-1.353,-1.875,-1.282
108.523,4.827,-0.118,-1.525,-2.048,-1.513
108.533,-9.249,-0.260,-1.652,-2.155,-1.717
108.543,2.396,-0.246,-1.709,-2.201,-1.879
108.553,15.636,0.091,-1.715,-2.246,-2.002
108.564,-11.038,0.119,-1.712,-2.239,-2.090
108.574,3.732,0.178,-1.637,-2.214,-2.143
108.584,-26.769,-0.250,-1.669,-2.118,-2.159
108.594,-46.751,-0.372,-1.655,-2.020,-2.138
108.605,-23.745,-0.377,-1.587,-1.954,-2.099
108.615,-48.900,-0.072,-1.495,-1.854,-2.044
108.625,-29.766,-0.025,-1.426,-1.767,-1.979
108.635,-32.644,-7.720,-0.991,-1.353,-1.889
108.646,1.070,2.469,0.989,0.605,-1.289
108.656,15.501,-0.457,1.820,1.430,-0.551
108.667,0.642,6.862,0.414,-0.120,-0.174
108.678,35.036,9.005,-0.081,-0.722,-0.694
108.689,-5.961,6.095,0.151,-0.218,-0.790
108.700,-7.677,6.209,0.838,0.556,-0.562
108.712,-12.305,6.513,1.563,1.267,-0.118
108.723,-13.984,6.803,2.336,2.105,0.486
108.734,4.375,7.033,3.125,2.947,1.191
108.745,-9.812,8.875,3.469,3.295,1.904
108.757,16.112,9.155,1.585,1.470,1.834
108.768,13.050,11.872,1.461,1.317,1.377
108.779,19.374,10.302,2.041,2.088,1.386
108.790,16.067,10.220,2.666,2.838,1.721
108.801,22.863,10.509,3.286,3.588,2.233
108.812,-18.113,3.241,2.995,3.583,2.666
108.823,25.355,5.498,1.803,2.361,2.518
108.834,3.161,-3.608,1.697,2.229,2.077
108.845,-8.602,-7.028,1.598,2.278,1.866
108.856,-48.036,-7.044,1.793,2.445,1.813
108.868,-49.102,-6.783,1.951,2.568,1.847
108.879,-11.251,-6.074,2.224,2.690,1.928
108.890,24.290,-0.913,1.952,2.279,1.945
108.901,24.295,2.878,1.888,2.046,1.776
108.912,-6.699,1.889,1.519,1.884,1.676
108.923,-51.750,-1.070,1.608,2.094,1.592
108.934,-28.632,-2.132,1.745,2.313,1.621
108.945,11.908,-0.449,1.868,2.259,1.686
108.956,0.297,3.232,1.760,2.020,1.647
108.966,-10.679,1.871,1.620,1.937,1.578
108.977,2.415,1.370,1.535,1.874,1.499
108.988,-8.971,-0.486,1.508,1.975,1.470
108.999,8.026,0.341,1.600,2.034,1.490
109.010,-7.145,0.842,1.645,2.055,1.527
109.021,2.601,0.426,1.537,1.988,1.534
109.032,1.303,1.071,1.485,1.907,1.510
109.043,-3.539,0.336,1.368,1.828,1.459
109.053,-5.687,-0.355,1.353,1.860,1.423
109.064,0.771,-0.601,1.399,1.917,1.429
109.075,2.063,0.021,1.469,1.954,1.458
109.086,1.128,0.047,1.449,1.930,1.478
109.097,1.787,0.323,1.455,1.920,1.486
109.107,-0.559,0.198,1.396,1.865,1.473
109.118,-1.234,-0.134,1.327,1.814,1.449
109.129,-0.742,-0.458,1.335,1.838,1.433
109.140,2.621,-0.126,1.364,1.849,1.431
109.151,-0.042,0.023,1.382,1.857,1.442
109.162,0.596,0.106,1.333,1.802,1.435
109.173,-1.532,-0.159,1.301,1.781,1.418
109.184,-0.488,-0.170,1.270,1.748,1.398
109.194,0.199,-0.177,1.307,1.783,1.398
109.205,0.550,-0.010,1.271,1.738,1.394
109.216,-0.507,-0.033,1.284,1.750,1.392
109.227,-0.569,-0.155,1.251,1.721,1.389
109.238,0.002,-0.126,1.254,1.720,1.380
109.248,0.126,-0.097,1.243,1.706,1.381
109.259,0.043,-0.046,1.234,1.693,1.378
109.270,0.087,-0.083,1.208,1.666,1.369
109.281,-0.286,-0.104,1.210,1.668,1.359
109.292,0.170,-0.076,1.211,1.665,1.356
109.303,-0.081,-0.054,1.195,1.646,1.348
109.314,-0.206,-0.059,1.179,1.628,1.337
109.324,-0.292,-0.113,1.178,1.628,1.328
109.335,-0.123,-0.113,1.205,1.654,1.334
109.346,-0.039,-0.095,1.157,1.603,1.334
109.357,-0.081,-0.073,1.160,1.603,1.328
109.367,-0.248,-0.073,1.144,1.585,1.319
109.378,-0.080,-0.088,1.148,1.588,1.314
109.389,0.044,-0.074,1.151,1.588,1.320
109.399,-0.122,-0.077,1.185,1.621,1.329
109.410,-0.206,-0.066,1.172,1.606,1.337
109.421,-0.039,-0.068,1.139,1.570,1.331
109.432,0.085,-0.073,1.129,1.559,1.318
109.442,-0.122,-0.058,1.123,1.550,1.308
109.453,-0.081,-0.051,1.135,1.561,1.305
109.464,-0.288,-0.053,1.116,1.540,1.299
109.474,-0.248,-0.078,1.105,1.529,1.286
109.485,-0.080,-0.074,1.078,1.500,1.273
109.496,-0.165,-0.075,1.072,1.492,1.264
109.507,-0.122,-0.073,1.062,1.479,1.253
109.517,-0.164,-0.083,1.068,1.484,1.246
109.528,-0.080,-0.099,1.066,1.482,1.243
109.539,0.252,-0.081,1.037,1.450,1.238
109.550,0.044,-0.084,0.984,1.395,1.220
109.560,-0.039,-0.078,0.982,1.391,1.199
109.571,0.044,-0.074,0.953,1.361,1.178
109.582,0.128,-0.056,0.940,1.345,1.159
109.592,-0.039,-0.055,0.945,1.348,1.149
109.603,-0.081,-0.065,0.918,1.320,1.137
109.614,-0.249,-0.086,0.890,1.291,1.120
109.625,0.002,-0.085,0.891,1.291,1.108
109.635,0.128,-0.067,0.886,1.283,1.100
109.646,0.002,-0.057,0.861,1.256,1.091
109.657,0.085,-0.069,0.852,1.245,1.083
109.667,-0.123,-0.060,0.849,1.241,1.078
109.678,0.002,-0.072,0.842,1.233,1.073
109.689,-0.039,-0.046,0.821,1.209,1.064
109.700,0.002,-0.053,0.815,1.202,1.054
109.710,-0.206,-0.058,0.819,1.205,1.051
109.721,-0.164,-0.079,0.820,1.205,1.053
109.732,-0.165,-0.103,0.801,1.185,1.051
109.743,-0.123,-0.089,0.784,1.165,1.040
109.753,-0.081,-0.097,0.803,1.183,1.040
109.764,-0.205,-0.085,0.783,1.162,1.035
109.775,-0.039,-0.071,0.779,1.156,1.030
109.785,-0.039,-0.075,0.773,1.148,1.022
109.796,-0.039,-0.062,0.764,1.136,1.016
109.807,-0.246,-0.066,0.747,1.118,1.013
109.817,-0.123,-0.068,0.720,1.090,1.002
109.828,-0.164,-0.057,0.714,1.082