R
Px,Ix,Dx,Py,Iy,Dy,Pz,Iz,FFrx,FFry,FFdrx,FFdry,satI,satPID,DTermC,GparamC,AparamC,KFQAng,KFQbias,KFRmeas,CPx,CIx,CPy,CIy,CsatI,CsatPID,CFFdrx,CFFdry
175,25,1900,200,25,2100,500,150,0,0,0,0,7,75,10,10.0,32.0,0.000100,0.003000,20,0,0,0,0,10,75,0,0
sysTime,GRawX,GPT1X,GPT2X,aRawR,aPT1R,aPT2R,aKFRawR,aKFPT10R,aKFPT20R,aKFPT11R,aKFPT21R,aKFPT22R
185.199,3.797,-0.027,0.180,1.051,0.754,0.745,0.468,0.466,0.466,0.445,0.444,0.444
185.209,-2.794,-0.292,0.070,0.759,0.759,0.747,0.449,0.448,0.447,0.442,0.441,0.444
185.220,4.896,0.655,0.045,0.711,0.741,0.747,0.456,0.455,0.454,0.439,0.438,0.442
185.231,5.140,1.251,0.376,0.715,0.734,0.746,0.477,0.476,0.475,0.447,0.446,0.443
185.241,-1.573,0.930,0.618,0.671,0.749,0.746,0.480,0.479,0.478,0.456,0.456,0.447
185.252,-1.451,-0.561,0.373,0.587,0.751,0.747,0.460,0.459,0.458,0.458,0.457,0.452
185.263,-2.061,-1.123,-0.128,0.628,0.733,0.746,0.432,0.432,0.431,0.447,0.446,0.452
185.273,-4.381,-0.460,-0.270,0.798,0.738,0.745,0.443,0.442,0.442,0.439,0.438,0.448
185.284,5.750,-0.502,-0.590,0.921,0.742,0.744,0.413,0.413,0.412,0.426,0.425,0.441
185.295,3.309,1.371,-0.043,0.837,0.731,0.742,0.456,0.455,0.455,0.430,0.430,0.436
185.306,4.896,1.041,0.298,0.713,0.733,0.741,0.456,0.456,0.455,0.439,0.439,0.436
185.316,-0.475,0.506,0.494,0.710,0.731,0.740,0.450,0.450,0.449,0.447,0.446,0.440
185.327,1.478,0.979,0.691,0.628,0.724,0.738,0.479,0.480,0.479,0.456,0.456,0.445
185.338,1.111,1.173,0.860,0.796,0.724,0.736,0.502,0.502,0.501,0.467,0.467,0.452
185.348,3.309,0.759,0.853,0.712,0.731,0.735,0.506,0.505,0.505,0.476,0.476,0.460
185.359,-2.061,-0.129,0.602,0.836,0.720,0.733,0.490,0.490,0.490,0.478,0.478,0.467
185.370,2.210,0.110,0.331,0.506,0.727,0.733,0.491,0.491,0.491,0.475,0.475,0.470
185.380,-0.230,-0.142,0.152,0.586,0.730,0.733,0.477,0.477,0.477,0.472,0.472,0.471
185.391,1.356,-0.082,0.075,0.668,0.718,0.731,0.488,0.488,0.488,0.471,0.471,0.471
185.402,0.989,-0.405,-0.089,0.461,0.715,0.730,0.479,0.479,0.479,0.467,0.467,0.469
185.412,-2.306,-0.892,-0.297,0.962,0.745,0.731,0.475,0.474,0.474,0.460,0.460,0.466
185.423,-4.991,-0.390,-0.301,0.756,0.737,0.732,0.484,0.483,0.483,0.455,0.454,0.461
185.434,-0.597,0.126,-0.091,0.796,0.749,0.734,0.504,0.503,0.503,0.456,0.455,0.458
185.444,-0.108,-0.090,0.002,0.883,0.737,0.735,0.502,0.502,0.502,0.456,0.456,0.456
185.455,1.844,-0.692,-0.256,0.714,0.723,0.733,0.480,0.480,0.479,0.449,0.448,0.454
185.466,2.576,0.615,-0.078,0.673,0.735,0.733,0.518,0.517,0.517,0.449,0.449,0.450
185.476,-0.230,0.480,0.123,0.840,0.740,0.734,0.520,0.519,0.519,0.453,0.453,0.450
185.487,-0.475,0.242,0.198,0.629,0.720,0.733,0.503,0.504,0.503,0.454,0.454,0.450
185.498,-3.038,0.498,0.367,0.588,0.711,0.731,0.525,0.526,0.526,0.460,0.460,0.452
185.509,-0.230,0.660,0.514,0.671,0.706,0.728,0.542,0.543,0.543,0.467,0.467,0.455
185.519,-1.573,0.493,0.567,1.002,0.733,0.727,0.545,0.545,0.545,0.472,0.472,0.460
185.530,-0.597,0.140,0.550,0.546,0.715,0.727,0.557,0.558,0.558,0.478,0.478,0.465
185.541,-0.841,0.222,0.484,0.713,0.722,0.726,0.568,0.568,0.568,0.481,0.481,0.469
185.551,-2.428,0.330,0.463,0.422,0.687,0.723,0.580,0.581,0.582,0.484,0.484,0.473
185.562,1.111,0.335,0.441,0.670,0.696,0.718,0.586,0.587,0.587,0.487,0.488,0.477
185.573,2.332,0.746,0.458,0.587,0.684,0.714,0.596,0.598,0.598,0.490,0.491,0.480
185.583,6.361,1.619,0.694,0.668,0.700,0.712,0.626,0.627,0.627,0.500,0.500,0.484
185.594,1.600,0.147,0.590,0.546,0.708,0.712,0.592,0.592,0.593,0.505,0.505,0.490
185.605,2.943,-0.240,0.122,0.462,0.705,0.712,0.554,0.554,0.555,0.496,0.496,0.492
185.615,0.501,-0.280,-0.105,0.460,0.688,0.710,0.541,0.543,0.543,0.489,0.490,0.490
185.626,6.727,0.149,-0.194,0.924,0.697,0.707,0.538,0.539,0.540,0.483,0.484,0.487
185.637,-4.381,-0.928,-0.223,0.878,0.709,0.706,0.531,0.532,0.533,0.482,0.483,0.484
185.648,-2.306,-0.220,-0.196,0.922,0.722,0.707,0.557,0.557,0.558,0.479,0.479,0.480
185.658,4.652,0.558,-0.099,0.630,0.714,0.709,0.561,0.561,0.562,0.476,0.477,0.477
185.669,-0.108,0.457,0.112,0.877,0.719,0.710,0.564,0.564,0.565,0.480,0.481,0.476
185.680,-1.085,0.164,0.197,0.673,0.717,0.711,0.564,0.564,0.565,0.483,0.484,0.476
185.690,-1.817,0.311,0.226,0.713,0.738,0.714,0.561,0.560,0.560,0.484,0.484,0.477
185.701,-1.085,0.937,0.400,0.673,0.756,0.720,0.572,0.571,0.571,0.488,0.488,0.478
185.712,-0.719,1.348,0.787,0.798,0.756,0.725,0.594,0.593,0.593,0.501,0.501,0.483
185.722,-7.189,0.211,0.847,0.880,0.770,0.730,0.581,0.579,0.579,0.511,0.511,0.491
185.733,1.722,1.225,0.869,0.629,0.745,0.734,0.608,0.607,0.607,0.518,0.517,0.499
185.744,1.844,1.742,1.025,0.546,0.745,0.736,0.612,0.611,0.610,0.528,0.527,0.507
185.754,4.530,1.552,1.150,0.795,0.745,0.737,0.609,0.608,0.608,0.541,0.540,0.517
185.765,1.478,2.070,1.436,0.880,0.755,0.739,0.638,0.637,0.636,0.559,0.558,0.529
185.776,-1.451,1.651,1.663,0.885,0.750,0.740,0.664,0.663,0.662,0.580,0.580,0.545
185.787,4.041,1.161,1.473,0.713,0.748,0.742,0.667,0.666,0.665,0.592,0.592,0.560
185.797,-1.451,0.869,1.304,0.543,0.744,0.743,0.671,0.670,0.669,0.602,0.601,0.573
185.808,3.065,1.033,1.255,0.713,0.740,0.743,0.697,0.696,0.695,0.613,0.612,0.585
185.819,-1.695,1.344,1.357,0.926,0.738,0.742,0.715,0.714,0.714,0.626,0.625,0.597
185.829,-7.799,0.024,1.111,0.711,0.733,0.741,0.688,0.688,0.687,0.633,0.632,0.609
185.840,7.948,0.547,0.756,0.880,0.744,0.741,0.694,0.693,0.693,0.632,0.631,0.617
185.851,-3.038,1.261,0.981,0.630,0.736,0.741,0.738,0.738,0.737,0.644,0.643,0.624
185.861,-0.352,0.227,0.882,0.837,0.732,0.740,0.738,0.738,0.737,0.652,0.651,0.632
185.872,2.576,-0.094,0.469,0.755,0.733,0.739,0.725,0.725,0.724,0.648,0.648,0.638
185.883,-1.695,-0.124,0.280,0.758,0.731,0.737,0.728,0.728,0.727,0.646,0.646,0.639
185.893,8.436,1.633,0.495,0.626,0.735,0.737,0.774,0.773,0.773,0.651,0.651,0.641
185.904,-4.137,1.442,0.872,0.717,0.727,0.735,0.773,0.773,0.772,0.664,0.664,0.646
185.915,6.361,1.459,1.071,0.714,0.734,0.735,0.793,0.792,0.792,0.678,0.677,0.654
185.926,-7.189,0.564,1.098,0.715,0.733,0.735,0.784,0.784,0.783,0.688,0.688,0.664
185.936,2.698,0.693,0.898,0.755,0.748,0.736,0.785,0.784,0.783,0.690,0.690,0.672
185.948,6.483,1.718,1.023,1.009,0.746,0.737,0.826,0.825,0.824,0.701,0.700,0.680
185.959,3.431,1.797,1.232,0.544,0.739,0.737,0.840,0.839,0.839,0.717,0.716,0.690
185.970,3.187,1.401,1.266,0.672,0.751,0.739,0.832,0.831,0.830,0.729,0.729,0.701
185.982,1.111,1.866,1.414,0.798,0.748,0.740,0.861,0.860,0.859,0.745,0.745,0.713
185.993,-0.475,1.292,1.509,0.965,0.756,0.741,0.877,0.876,0.875,0.763,0.763,0.727
186.004,-3.282,1.074,1.465,0.588,0.759,0.743,0.883,0.882,0.881,0.775,0.775,0.741
186.015,2.332,0.981,1.293,0.588,0.743,0.744,0.880,0.879,0.878,0.782,0.782,0.753
186.027,-7.433,0.105,1.062,0.883,0.737,0.743,0.856,0.856,0.855,0.786,0.785,0.764
186.038,-0.352,0.232,0.791,0.672,0.750,0.743,0.873,0.872,0.871,0.786,0.785,0.771
186.049,4.407,0.110,0.533,0.671,0.755,0.745,0.866,0.865,0.864,0.783,0.782,0.775
186.061,6.117,0.683,0.443,1.188,0.776,0.747,0.879,0.877,0.876,0.783,0.782,0.777
186.072,-2.916,-0.206,0.344,1.043,0.822,0.754,0.862,0.858,0.857,0.783,0.782,0.779
186.083,-3.526,0.280,0.307,1.504,0.804,0.760,0.865,0.861,0.860,0.781,0.779,0.779
186.094,-2.428,-0.834,0.017,1.619,0.877,0.769,0.818,0.811,0.809,0.772,0.770,0.777
186.106,4.530,-0.377,-0.205,1.200,0.851,0.780,0.815,0.809,0.806,0.761,0.759,0.773
186.117,4.896,0.681,-0.020,0.593,0.836,0.786,0.849,0.844,0.841,0.762,0.759,0.769
186.128,-1.451,1.114,0.371,0.811,0.791,0.789,0.880,0.877,0.874,0.773,0.770,0.768
186.140,-5.724,0.547,0.617,4.229,0.906,0.795,0.896,0.888,0.884,0.784,0.781,0.771
186.151,-3.038,0.328,0.536,-0.038,0.860,0.807,0.875,0.869,0.866,0.785,0.781,0.775
186.162,4.163,0.431,0.444,1.855,0.888,0.814,0.880,0.873,0.869,0.786,0.782,0.777
186.173,-4.137,0.135,0.405,1.811,0.932,0.828,0.876,0.867,0.862,0.787,0.783,0.779
186.185,-1.695,0.568,0.460,-0.916,0.927,0.843,0.905,0.896,0.891,0.792,0.787,0.782
186.196,-2.672,-0.369,0.386,-2.321,0.833,0.849,0.893,0.888,0.882,0.795,0.789,0.784
186.207,-3.648,-1.455,-0.037,0.607,0.780,0.845,0.853,0.850,0.845,0.783,0.778,0.784
186.218,1.234,-0.987,-0.389,0.088,0.745,0.833,0.850,0.849,0.844,0.767,0.762,0.778
186.230,4.285,0.273,-0.302,-4.745,0.630,0.820,0.874,0.878,0.874,0.760,0.756,0.772
186.241,0.013,-0.176,-0.198,-2.867,0.628,0.797,0.850,0.854,0.851,0.757,0.753,0.766
186.252,-1.451,0.160,-0.076,0.691,0.611,0.774,0.855,0.859,0.857,0.754,0.752,0.761
186.264,-7.189,-1.244,-0.265,4.552,0.739,0.766,0.821,0.819,0.817,0.746,0.744,0.757
186.275,7.826,0.080,-0.379,1.740,0.780,0.766,0.843,0.838,0.837,0.734,0.732,0.750
186.286,5.384,1.420,0.021,-1.671,0.612,0.757,0.876,0.879,0.878,0.739,0.738,0.745
186.297,-1.085,1.110,0.389,-4.205,0.582,0.741,0.873,0.878,0.878,0.749,0.748,0.744
186.309,4.285,0.949,0.531,-8.520,0.225,0.693,0.857,0.879,0.881,0.753,0.755,0.747
186.320,-0.597,0.567,0.501,-1.366,0.207,0.632,0.827,0.848,0.853,0.751,0.756,0.749
186.331,-0.841,-0.207,0.326,4.479,0.471,0.601,0.809,0.816,0.822,0.746,0.752,0.749
186.343,-2.428,-0.019,0.225,13.659,0.968,0.623,0.838,0.820,0.825,0.743,0.748,0.749
186.354,1.478,0.846,0.315,3.625,1.084,0.677,0.866,0.842,0.845,0.746,0.749,0.748
186.365,-1.085,0.881,0.494,5.868,1.018,0.712,0.867,0.847,0.847,0.754,0.755,0.749
186.376,1.234,0.364,0.476,-2.994,0.900,0.739,0.849,0.833,0.832,0.758,0.757,0.751
186.388,3.309,-0.106,0.257,3.496,0.991,0.760,0.826,0.806,0.805,0.754,0.752,0.752
186.399,-3.038,-0.275,0.120,4.416,1.025,0.790,0.815,0.794,0.791,0.750,0.747,0.751
186.410,2.821,0.665,0.208,2.799,1.051,0.818,0.851,0.829,0.824,0.752,0.748,0.750
186.422,2.088,0.770,0.312,-1.060,0.934,0.839,0.838,0.821,0.815,0.756,0.750,0.751
186.433,-1.939,0.931,0.544,5.169,1.154,0.859,0.868,0.840,0.833,0.766,0.759,0.753
186.444,0.013,0.451,0.550,7.484,1.278,0.905,0.864,0.829,0.820,0.772,0.764,0.757
186.454,2.088,0.858,0.559,-2.187,1.107,0.943,0.861,0.834,0.824,0.777,0.767,0.761
186.466,2.943,0.968,0.642,2.077,1.016,0.949,0.855,0.832,0.821,0.784,0.773,0.766
186.477,-3.648,-0.090,0.537,2.885,0.930,0.948,0.821,0.802,0.791,0.787,0.776,0.771
186.488,6.971,0.688,0.474,2.204,1.025,0.955,0.855,0.831,0.820,0.789,0.778,0.775
186.499,-0.108,0.443,0.501,0.334,0.976,0.958,0.842,0.821,0.810,0.793,0.781,0.778
186.510,3.187,1.150,0.573,-0.882,0.888,0.952,0.850,0.833,0.822,0.797,0.786,0.782
186.520,1.600,1.440,0.800,2.488,0.850,0.942,0.859,0.844,0.834,0.807,0.797,0.787
186.531,5.506,1.994,1.128,4.237,0.997,0.938,0.908,0.885,0.875,0.825,0.815,0.796
186.542,-0.230,2.388,1.546,3.310,1.077,0.952,0.957,0.931,0.920,0.851,0.840,0.809
186.553,1.966,1.739,1.551,-2.948,0.984,0.963,0.928,0.906,0.894,0.865,0.854,0.824
186.564,-2.916,1.158,1.509,1.501,1.070,0.973,0.932,0.906,0.894,0.880,0.868,0.838
186.575,-6.090,-0.633,1.061,0.002,0.997,0.978,0.891,0.868,0.856,0.882,0.870,0.851
186.586,4.774,0.003,0.660,-0.930,0.949,0.977,0.909,0.889,0.877,0.878,0.865,0.858
186.596,0.989,0.686,0.580,6.948,0.785,0.949,0.918,0.906,0.895,0.877,0.867,0.862
186.607,-3.648,-0.109,0.421,5.715,1.095,0.954,0.894,0.866,0.855,0.876,0.865,0.865
186.618,1.111,-0.690,0.156,-2.731,0.924,0.959,0.888,0.868,0.857,0.872,0.861,0.866
186.629,0.623,0.039,0.036,0.373,1.004,0.968,0.899,0.874,0.862,0.866,0.855,0.865
186.640,-2.916,-0.576,-0.087,0.889,1.186,0.987,0.888,0.853,0.840,0.862,0.850,0.862
186.651,8.924,0.552,-0.095,-3.869,1.205,1.010,0.907,0.871,0.857,0.858,0.845,0.859
186.662,1.600,1.163,0.287,7.101,0.955,0.993,0.932,0.907,0.894,0.868,0.855,0.858
186.673,-2.306,0.742,0.518,4.670,0.948,0.983,0.937,0.912,0.900,0.877,0.865,0.861
186.684,0.623,1.010,0.616,4.794,0.832,0.971,0.941,0.921,0.910,0.883,0.871,0.865
186.694,14.418,2.099,0.964,6.002,0.440,0.911,0.973,0.973,0.965,0.896,0.887,0.872
186.705,-4.991,1.185,1.106,17.465,0.465,0.811,0.943,0.938,0.936,0.902,0.899,0.880
186.716,-8.898,0.338,1.029,1.801,0.645,0.754,0.930,0.913,0.913,0.905,0.905,0.888
186.727,-3.526,0.412,0.932,-9.934,0.816,0.769,0.965,0.937,0.937,0.910,0.910,0.895
186.738,-5.480,-0.614,0.660,-8.136,0.796,0.820,0.969,0.940,0.936,0.914,0.910,0.901
186.749,8.558,0.134,0.374,9.804,0.426,0.772,0.973,0.963,0.962,0.906,0.905,0.903
186.760,7.826,0.597,0.455,3.808,0.366,0.702,1.001,0.993,0.996,0.906,0.909,0.904
186.771,-3.770,-0.052,0.311,2.388,0.604,0.678,0.970,0.950,0.954,0.900,0.904,0.903
186.782,-7.799,-1.521,-0.125,-2.517,0.864,0.689,0.916,0.883,0.887,0.885,0.888,0.900
186.792,4.163,-0.841,-0.313,-6.830,0.588,0.724,0.949,0.928,0.929,0.877,0.879,0.894
186.803,8.802,-0.101,-0.404,19.490,0.445,0.676,0.955,0.937,0.942,0.864,0.868,0.885
186.814,-2.306,-0.517,-0.506,-6.280,0.572,0.644,0.926,0.898,0.904,0.850,0.856,0.876
186.825,0.623,-0.985,-0.671,-6.935,0.566,0.671,0.907,0.876,0.881,0.838,0.842,0.865
186.836,-2.672,-0.818,-0.533,4.686,0.492,0.644,0.925,0.897,0.903,0.830,0.836,0.855
186.847,-6.456,-1.129,-0.574,10.273,0.657,0.621,0.911,0.875,0.882,0.817,0.824,0.845
186.858,6.361,-1.095,-0.762,0.672,0.769,0.620,0.919,0.877,0.885,0.802,0.810,0.833
186.869,-2.184,-0.351,-0.681,-10.515,0.687,0.670,0.926,0.887,0.892,0.794,0.799,0.821
186.880,-2.428,-1.136,-0.783,15.468,0.673,0.643,0.893,0.852,0.858,0.780,0.785,0.809
186.891,2.943,-0.407,-0.745,-3.362,0.590,0.634,0.898,0.858,0.865,0.767,0.773,0.797
186.901,-3.160,-1.088,-0.861,-3.023,0.717,0.656,0.850,0.805,0.810,0.752,0.757,0.784
186.912,-4.625,-0.442,-0.644,2.710,0.566,0.659,0.874,0.838,0.843,0.747,0.752,0.772
186.923,-0.597,-0.552,-0.566,7.923,0.731,0.635,0.873,0.831,0.837,0.738,0.744,0.762
186.934,-3.282,-1.489,-0.849,-9.835,0.647,0.657,0.807,0.770,0.775,0.720,0.725,0.751
186.945,-5.357,0.581,-0.431,6.669,0.734,0.666,0.880,0.837,0.841,0.719,0.724,0.740
186.956,6.727,0.716,-0.226,3.797,0.666,0.648,0.872,0.831,0.836,0.717,0.723,0.733
186.967,3.187,1.905,0.285,1.613,0.837,0.662,0.923,0.871,0.876,0.728,0.733,0.729
186.978,-3.526,0.938,0.586,-5.437,0.757,0.695,0.883,0.837,0.840,0.740,0.742,0.731
186.989,-6.212,0.636,0.733,13.758,0.845,0.691,0.900,0.850,0.853,0.748,0.752,0.735
187.000,5.872,0.788,0.647,-6.107,0.678,0.693,0.903,0.858,0.861,0.751,0.754,0.739
187.011,-6.822,1.883,1.071,1.325,0.762,0.709,0.955,0.903,0.906,0.768,0.770,0.746
187.022,-3.770,0.814,1.259,3.882,0.747,0.706,0.967,0.916,0.918,0.786,0.788,0.756
187.033,-5.846,2.425,1.547,2.507,0.916,0.717,1.014,0.956,0.957,0.801,0.803,0.767
187.044,2.454,2.069,1.771,-2.698,0.869,0.752,1.028,0.971,0.971,0.825,0.825,0.783
187.055,-1.695,2.140,1.880,12.055,0.904,0.748,1.045,0.985,0.985,0.844,0.844,0.800
187.066,0.013,2.421,2.098,-5.589,0.858,0.769,1.089,1.029,1.028,0.870,0.869,0.819
187.077,-2.061,0.366,1.652,-1.214,0.806,0.782,1.020,0.962,0.960,0.877,0.875,0.836
187.089,-7.189,0.052,1.252,1.220,0.828,0.787,1.020,0.962,0.960,0.879,0.877,0.849
187.100,5.750,-0.176,0.801,0.301,0.783,0.778,1.008,0.952,0.950,0.873,0.872,0.857
187.111,-2.428,-0.039,0.534,0.551,0.846,0.799,1.006,0.947,0.944,0.870,0.867,0.860
187.122,-1.451,-0.960,0.203,-1.650,0.836,0.800,0.986,0.926,0.923,0.863,0.860,0.861
187.133,4.530,0.418,0.024,5.473,0.905,0.803,0.980,0.922,0.919,0.852,0.849,0.858
187.143,9.290,2.673,0.597,-17.913,0.468,0.808,1.016,0.993,0.990,0.866,0.862,0.858
187.155,21.498,6.973,2.166,-2.055,0.230,0.729,1.171,1.166,1.167,0.914,0.915,0.869
187.166,9.779,8.978,4.136,22.275,0.968,0.730,1.327,1.290,1.291,0.998,0.999,0.900
187.177,-20.861,1.134,3.997,-2.946,0.729,0.755,1.133,1.101,1.100,1.046,1.045,0.945
187.188,6.361,0.935,2.897,-30.485,0.005,0.696,1.061,1.076,1.079,1.043,1.046,0.978
187.200,-0.230,0.265,2.257,-5.951,-0.307,0.571,0.987,1.059,1.069,1.040,1.050,1.001
187.211,14.418,0.865,1.443,10.961,0.169,0.501,0.961,1.017,1.030,1.023,1.037,1.014
187.223,-16.466,-5.884,-0.408,37.956,1.863,0.580,0.772,0.737,0.746,0.978,0.987,1.014
187.234,-11.827,-3.470,-1.442,30.922,2.371,0.767,0.837,0.778,0.777,0.937,0.937,0.997
187.245,-9.874,-1.248,-1.521,11.661,2.712,1.009,0.864,0.811,0.797,0.922,0.909,0.975
187.257,0.623,-2.023,-1.728,13.778,2.480,1.164,0.793,0.764,0.743,0.906,0.884,0.955
187.268,-17.199,-4.946,-2.440,26.461,2.560,1.336,0.683,0.641,0.610,0.872,0.841,0.930
187.279,-4.259,-0.831,-2.388,25.767,2.338,1.436,0.735,0.697,0.661,0.843,0.807,0.901
187.291,0.257,-0.911,-1.970,-22.458,0.591,1.438,0.656,0.692,0.655,0.833,0.797,0.877
187.302,-4.015,-4.505,-2.566,-14.994,-0.206,1.245,0.475,0.533,0.507,0.785,0.759,0.852
187.314,3.431,-5.941,-3.606,-6.825,-0.568,1.007,0.337,0.417,0.404,0.709,0.696,0.816
187.325,-15.245,-5.095,-4.073,-0.580,-0.270,0.855,0.281,0.367,0.362,0.640,0.634,0.769
187.336,-22.204,-8.337,-5.038,10.062,0.373,0.785,0.088,0.175,0.174,0.556,0.554,0.715
187.348,-29.650,-12.849,-6.954,5.822,1.183,0.808,-0.133,-0.075,-0.077,0.436,0.433,0.645
187.359,-13.536,-12.052,-8.602,-17.272,1.025,0.886,-0.247,-0.181,-0.187,0.299,0.293,0.553
187.370,-16.344,-11.853,-9.494,-14.313,0.241,0.840,-0.345,-0.269,-0.274,0.171,0.166,0.450
187.382,-4.381,-11.009,-10.045,-18.307,-0.090,0.763,-0.424,-0.344,-0.344,0.043,0.042,0.338
187.393,-8.165,-9.941,-10.082,-17.338,-1.464,0.547,-0.534,-0.408,-0.396,-0.080,-0.069,0.224
187.405,-8.165,-8.441,-9.700,-12.423,-1.857,0.270,-0.619,-0.478,-0.452,-0.197,-0.171,0.110
187.416,2.454,-6.085,-8.898,-21.875,-3.385,-0.107,-0.719,-0.519,-0.473,-0.303,-0.257,0.001
187.427,1.600,-2.509,-7.183,-14.766,-3.671,-0.539,-0.693,-0.479,-0.410,-0.375,-0.305,-0.096
187.439,8.436,0.821,-5.013,-18.491,-4.443,-0.981,-0.675,-0.423,-0.329,-0.414,-0.320,-0.173
187.450,16.737,6.914,-1.756,-12.886,-4.328,-1.396,-0.473,-0.219,-0.102,-0.395,-0.278,-0.221
187.461,21.376,10.927,1.842,-9.583,-4.036,-1.732,-0.271,-0.033,0.100,-0.323,-0.188,-0.232
187.473,14.540,9.540,4.323,19.055,-2.835,-1.928,-0.145,0.002,0.147,-0.238,-0.093,-0.210
187.484,24.183,9.172,5.764,13.781,-1.536,-1.954,0.015,0.074,0.221,-0.152,-0.006,-0.167
187.496,12.342,10.368,7.161,7.756,-0.832,-1.839,0.199,0.216,0.355,-0.048,0.091,-0.108
187.507,19.056,12.166,8.497,13.282,0.472,-1.630,0.412,0.395,0.521,0.075,0.202,-0.034
187.518,2.576,10.525,9.319,9.374,0.813,-1.358,0.501,0.483,0.594,0.204,0.315,0.054
187.530,-2.550,9.149,9.514,4.342,0.809,-1.106,0.592,0.574,0.670,0.320,0.415,0.148
187.541,6.239,9.040,9.418,-4.894,0.527,-0.899,0.691,0.685,0.769,0.423,0.507,0.243
187.552,6.361,6.312,8.685,-15.199,0.205,-0.753,0.675,0.690,0.765,0.504,0.579,0.335
187.564,20.643,8.344,8.430,-16.333,-0.048,-0.671,0.820,0.853,0.923,0.586,0.655,0.422
187.575,20.399,7.014,7.978,-19.925,0.017,-0.575,0.881,0.890,0.954,0.662,0.725,0.504
187.587,17.591,4.809,7.032,21.119,1.441,-0.437,0.977,0.879,0.934,0.719,0.773,0.578
187.598,7.337,2.613,5.769,10.140,2.149,-0.152,1.005,0.861,0.898,0.764,0.801,0.641
187.609,14.784,0.946,4.195,29.127,4.295,0.238,1.055,0.834,0.847,0.792,0.805,0.689
187.621,-9.874,-3.778,2.121,17.257,4.732,0.740,0.922,0.696,0.678,0.797,0.779,0.720
187.632,-6.456,-4.576,0.071,28.122,5.846,1.256,0.912,0.638,0.588,0.777,0.727,0.730
187.644,1.356,-0.835,-0.593,23.665,5.717,1.760,1.028,0.726,0.645,0.780,0.699,0.728
187.655,1.234,-0.308,-0.649,1.421,5.425,2.169,1.022,0.742,0.634,0.801,0.694,0.726
187.666,-6.578,-1.431,-0.766,-4.404,4.834,2.476,0.965,0.723,0.596,0.819,0.692,0.727
187.677,-10.973,-2.309,-1.043,-9.188,3.700,2.650,0.895,0.708,0.571,0.822,0.685,0.727
187.689,-0.230,-1.688,-1.319,-11.420,2.736,2.695,0.842,0.711,0.572,0.812,0.673,0.724
187.700,1.966,-3.091,-1.909,-16.979,1.630,2.624,0.690,0.624,0.490,0.783,0.649,0.716
187.712,-10.362,-3.383,-2.200,-21.500,1.224,2.505,0.638,0.603,0.477,0.754,0.628,0.702
187.723,16.371,-0.280,-2.072,-8.778,1.409,2.395,0.683,0.642,0.524,0.731,0.612,0.686
187.734,-8.287,-2.685,-1.979,11.845,1.880,2.314,0.635,0.568,0.455,0.718,0.605,0.673
187.746,17.469,-1.601,-2.274,4.833,1.929,2.284,0.627,0.552,0.441,0.691,0.581,0.657
187.757,-4.503,-3.523,-2.433,-25.225,0.935,2.198,0.513,0.496,0.392,0.668,0.563,0.640
187.768,-6.456,-6.089,-3.229,-34.479,0.304,2.036,0.410,0.412,0.318,0.616,0.522,0.617
187.780,-15.123,-8.268,-4.405,39.411,1.945,1.902,0.388,0.284,0.199,0.538,0.454,0.580
187.791,-15.856,-8.153,-5.576,61.531,3.629,2.015,0.331,0.175,0.084,0.458,0.366,0.529
187.803,0.135,-6.496,-6.211,24.617,4.525,2.308,0.356,0.140,0.029,0.398,0.287,0.471
187.814,-12.072,-7.381,-6.354,-16.017,3.325,2.449,0.265,0.100,-0.019,0.347,0.228,0.411
187.825,-14.147,-6.435,-6.241,-11.396,2.126,2.444,0.206,0.101,-0.017,0.292,0.174,0.352
187.837,-0.719,-3.068,-5.528,1.204,2.006,2.400,0.256,0.152,0.036,0.251,0.136,0.297
187.848,-3.038,-4.944,-5.222,12.899,2.057,2.361,0.163,0.052,-0.060,0.213,0.101,0.250
187.859,-4.991,-4.388,-4.978,-10.805,1.553,2.310,0.111,0.037,-0.071,0.173,0.064,0.205
187.871,14.295,-1.188,-4.132,-43.716,-0.526,2.108,0.146,0.118,0.023,0.144,0.049,0.166
187.883,11.976,-2.346,-3.643,-14.392,-0.974,1.778,0.079,0.039,-0.033,0.106,0.032,0.131
187.895,-8.898,-3.051,-3.357,-2.506,-0.135,1.578,0.028,-0.035,-0.096,0.067,0.007,0.097
187.905,-11.461,-2.547,-3.015,9.499,-0.004,1.435,0.057,-0.008,-0.059,0.045,-0.005,0.071
187.916,-20.983,-4.822,-3.193,40.229,1.353,1.391,0.012,-0.112,-0.160,0.011,-0.036,0.044
187.926,12.220,-3.067,-3.321,-49.394,-0.157,1.338,0.016,-0.067,-0.112,-0.024,-0.069,0.015
187.937,8.070,-2.876,-3.316,30.783,-0.388,1.151,-0.042,-0.103,-0.135,-0.065,-0.097,-0.014
187.947,9.413,-3.091,-3.435,8.424,0.956,1.132,-0.035,-0.176,-0.207,-0.102,-0.133,-0.045
187.957,-15.490,-4.299,-3.486,-3.848,0.547,1.086,-0.117,-0.248,-0.276,-0.137,-0.165,-0.076
187.968,-4.747,-3.993,-3.544,-24.860,0.008,1.021,-0.132,-0.245,-0.269,-0.174,-0.197,-0.109
187.978,-1.329,-6.131,-4.180,24.598,0.343,0.931,-0.281,-0.403,-0.421,-0.236,-0.254,-0.145
187.989,12.098,-5.856,-4.915,-17.916,0.477,0.914,-0.398,-0.524,-0.541,-0.309,-0.326,-0.189
188.001,-0.352,-4.223,-4.949,-2.784,0.586,0.870,-0.489,-0.565,-0.579,-0.371,-0.385,-0.245
188.011,-30.871,-7.329,-5.111,32.857,1.368,0.872,-0.630,-0.691,-0.705,-0.420,-0.434,-0.292
188.022,1.600,-8.328,-5.966,-21.615,1.153,0.948,-0.762,-0.812,-0.831,-0.498,-0.516,-0.346
188.032,15.150,-5.868,-6.288,-25.622,0.108,0.884,-0.797,-0.819,-0.833,-0.574,-0.589,-0.406
188.043,-14.879,-6.156,-6.099,32.935,0.587,0.810,-0.807,-0.856,-0.867,-0.628,-0.638,-0.464
188.053,-7.311,-6.201,-6.102,20.895,1.358,0.846,-0.823,-0.907,-0.919,-0.682,-0.694,-0.522
188.063,-4.991,-6.605,-6.194,-18.579,0.340,0.851,-0.926,-0.969,-0.981,-0.741,-0.753,-0.579
188.074,-9.752,-5.879,-6.110,3.486,-0.366,0.731,-0.974,-1.001,-1.006,-0.802,-0.808,-0.637
188.084,-4.259,-3.697,-5.541,-16.096,-0.585,0.657,-0.906,-0.936,-0.936,-0.841,-0.842,-0.692
188.095,5.018,-3.675,-5.168,30.871,-0.847,0.483,-0.952,-0.987,-0.977,-0.888,-0.877,-0.742
188.105,-5.235,-3.068,-4.736,-8.946,-0.135,0.487,-0.971,-1.025,-1.015,-0.920,-0.910,-0.788
188.115,0.745,-2.577,-4.188,-25.716,-0.985,0.376,-0.965,-1.009,-0.992,-0.944,-0.928,-0.827
188.126,-13.658,-3.099,-3.543,-17.534,-1.769,0.181,-1.013,-1.024,-0.996,-0.972,-0.943,-0.863
188.138,-0.597,-1.434,-2.848,-14.993,-1.849,-0.087,-0.932,-0.969,-0.924,-0.998,-0.953,-0.893
188.149,-15.856,-3.903,-2.674,11.003,-0.374,-0.181,-0.907,-1.035,-0.984,-1.020,-0.970,-0.919
188.161,-13.781,-4.684,-3.039,8.649,0.086,-0.156,-0.950,-1.072,-1.023,-1.056,-1.007,-0.947
188.172,20.765,-3.339,-3.587,-27.012,-0.660,-0.179,-1.051,-1.087,-1.037,-1.106,-1.056,-0.981
188.183,-1.451,-0.870,-2.928,-8.275,-2.032,-0.392,-1.078,-1.041,-0.979,-1.135,-1.072,-1.015
188.195,-23.424,-3.911,-2.706,-1.633,-2.290,-0.658,-1.178,-1.144,-1.066,-1.168,-1.091,-1.044
188.206,-0.963,-1.716,-2.735,18.473,-2.046,-0.903,-1.181,-1.157,-1.066,-1.219,-1.128,-1.077
188.218,12.098,1.425,-1.787,12.072,-1.058,-0.970,-1.065,-1.049,-0.954,-1.221,-1.127,-1.103
188.229,7.948,2.280,-0.711,4.461,-0.705,-0.948,-1.008,-1.007,-0.914,-1.202,-1.109,-1.117
188.240,6.971,2.821,0.253,14.290,0.528,-0.829,-0.917,-0.977,-0.891,-1.170,-1.084,-1.119
188.252,14.540,5.128,1.543,23.909,1.310,-0.594,-0.759,-0.861,-0.787,-1.110,-1.037,-1.107
188.263,-4.381,2.453,2.162,30.535,3.831,-0.130,-0.695,-0.860,-0.812,-1.038,-0.990,-1.080
188.274,-7.799,0.365,1.948,19.239,4.564,0.456,-0.688,-0.848,-0.831,-0.978,-0.961,-1.048
188.285,7.948,0.573,1.413,-7.025,4.410,1.018,-0.659,-0.806,-0.819,-0.934,-0.947,-1.017
188.297,0.501,0.330,1.150,-23.180,3.476,1.415,-0.621,-0.744,-0.778,-0.888,-0.922,-0.986
188.308,20.277,5.453,1.879,-17.374,2.655,1.626,-0.462,-0.539,-0.584,-0.827,-0.872,-0.953
188.319,17.225,4.549,2.536,-6.771,1.819,1.673,-0.488,-0.519,-0.566,-0.760,-0.807,-0.908
188.331,8.680,4.701,3.303,14.086,1.941,1.680,-0.371,-0.410,-0.458,-0.683,-0.731,-0.856
188.342,9.168,9.446,5.004,12.267,2.186,1.752,-0.074,-0.131,-0.183,-0.568,-0.619,-0.789
188.354,34.071,9.832,6.175,7.553,3.272,1.925,0.061,-0.031,-0.091,-0.443,-0.504,-0.706
188.365,1.966,7.330,6.968,4.469,3.141,2.094,0.124,0.046,-0.023,-0.313,-0.383,-0.610
188.376,12.342,10.089,7.817,14.629,2.927,2.188,0.318,0.268,0.193,-0.184,-0.259,-0.507
188.388,19.301,7.351,7.630,5.829,2.970,2.295,0.324,0.281,0.201,-0.074,-0.154,-0.399
188.399,12.953,10.183,8.306,-6.053,2.476,2.349,0.564,0.547,0.464,0.057,-0.025,-0.289
188.410,25.404,11.480,8.982,-10.471,2.170,2.334,0.704,0.698,0.616,0.191,0.109,-0.170
188.422,9.535,10.179,9.647,-1.890,2.104,2.311,0.842,0.824,0.744,0.334,0.254,-0.045
188.433,4.530,11.355,10.206,27.754,3.249,2.348,1.063,1.011,0.929,0.478,0.397,0.083
188.445,12.709,12.050,10.733,21.632,3.447,2.483,1.232,1.193,1.104,0.636,0.546,0.220
188.456,11.854,13.460,11.368,-3.532,3.172,2.611,1.359,1.344,1.248,0.796,0.699,0.362
188.467,22.474,15.536,12.555,-7.672,2.493,2.618,1.551,1.602,1.506,0.980,0.884,0.515
188.479,12.586,13.216,12.904,4.825,2.010,2.547,1.606,1.696,1.604,1.148,1.056,0.677
188.490,12.953,15.440,13.579,25.495,2.052,2.464,1.843,1.918,1.831,1.318,1.232,0.839
188.502,-1.939,11.495,13.315,3.310,2.327,2.456,1.887,1.945,1.859,1.476,1.390,1.006
188.513,3.431,8.506,12.096,-36.668,1.504,2.422,1.877,1.970,1.887,1.592,1.509,1.160
188.524,21.498,9.502,11.027,-24.437,-0.770,2.134,1.913,2.079,2.014,1.679,1.613,1.299
188.536,5.750,8.844,10.477,13.491,-0.561,1.773,1.990,2.142,2.099,1.764,1.721,1.426
188.547,-11.461,5.889,9.299,29.643,1.445,1.640,2.018,2.091,2.057,1.832,1.797,1.537
188.558,-10.362,1.501,7.260,15.187,2.881,1.740,1.990,2.009,1.969,1.874,1.834,1.629
188.570,6.849,1.421,5.452,-36.943,2.291,1.877,1.989,2.040,1.992,1.901,1.852,1.702
188.581,-1.329,1.078,4.224,-3.287,1.519,1.846,1.951,2.044,1.998,1.916,1.870,1.759
188.593,-9.142,0.934,3.330,40.058,2.718,1.857,2.002,2.058,2.012,1.932,1.886,1.802
188.605,-15.368,-0.209,2.566,26.814,4.655,2.124,2.092,2.073,2.010,1.962,1.899,1.838
188.616,-0.352,-0.304,1.563,-5.934,4.528,2.448,2.048,2.053,1.971,1.976,1.893,1.865
188.628,-5.480,-2.002,0.629,-31.908,2.778,2.573,1.865,2.006,1.916,1.974,1.885,1.883
188.640,7.948,-1.097,-0.171,-5.545,1.958,2.525,1.775,1.999,1.913,1.953,1.866,1.889
188.651,-3.038,-4.809,-1.375,19.130,2.035,2.445,1.630,1.848,1.767,1.912,1.831,1.886
188.663,0.257,-2.259,-1.825,25.630,2.173,2.397,1.704,1.898,1.820,1.878,1.800,1.870
188.674,-19.274,-6.559,-2.756,10.279,2.190,2.374,1.541,1.732,1.656,1.831,1.756,1.849
188.686,-6.090,-1.419,-2.679,-15.745,1.669,2.339,1.631,1.846,1.773,1.795,1.722,1.819
188.698,8.558,-1.148,-2.493,-25.521,0.800,2.205,1.557,1.819,1.754,1.767,1.702,1.792
188.710,8.070,1.543,-1.505,-2.129,0.114,1.952,1.589,1.888,1.839,1.757,1.709,1.770
188.722,12.586,3.176,-0.334,-26.397,-0.034,1.750,1.627,1.950,1.914,1.770,1.735,1.760
188.732,4.163,3.716,0.642,36.128,0.651,1.598,1.706,1.991,1.966,1.795,1.769,1.762
188.742,-7.555,2.172,1.181,30.216,2.071,1.609,1.717,1.967,1.941,1.824,1.798,1.771
188.752,-11.949,-1.862,0.767,45.766,3.189,1.706,1.681,1.858,1.826,1.831,1.799,1.781
188.764,-14.757,-4.848,-0.504,-32.555,3.367,1.947,1.548,1.770,1.723,1.812,1.765,1.784
188.774,-14.879,-5.763,-1.668,-9.069,2.810,2.043,1.447,1.705,1.652,1.769,1.716,1.774
188.787,6.239,-2.671,-2.457,-30.871,0.697,1.977,1.353,1.704,1.656,1.709,1.660,1.748
188.797,11.488,-3.608,-2.885,-31.237,-0.511,1.800,1.199,1.599,1.562,1.658,1.620,1.722
188.809,4.774,-5.337,-3.635,9.957,-0.507,1.497,1.068,1.473,1.455,1.578,1.560,1.681
188.819,-26.720,-8.897,-4.594,38.865,1.215,1.406,0.938,1.285,1.273,1.500,1.488,1.638
188.830,-21.105,-11.649,-6.085,10.908,1.077,1.390,0.746,1.104,1.093,1.395,1.384,1.582
188.840,-10.729,-10.172,-7.079,7.917,1.156,1.350,0.728,1.083,1.074,1.290,1.281,1.512
188.850,-0.841,-8.575,-7.565,26.033,1.994,1.383,0.706,1.058,1.048,1.201,1.191,1.438
188.861,-6.578,-9.593,-8.307,24.551,2.857,1.506,0.571,0.898,0.880,1.096,1.078,1.345
188.873,-17.565,-11.572,-9.175,-9.203,2.881,1.689,0.398,0.728,0.698,0.986,0.957,1.246
188.885,2.576,-11.112,-9.997,-32.558,1.540,1.731,0.163,0.602,0.570,0.857,0.825,1.137
188.896,-8.653,-9.897,-10.018,-19.763,0.371,1.610,0.010,0.540,0.516,0.739,0.715,1.026
188.908,2.943,-6.632,-9.380,7.833,0.364,1.457,0.006,0.529,0.515,0.639,0.625,0.917
188.920,-18.541,-7.255,-8.504,14.916,0.509,1.329,-0.087,0.424,0.419,0.559,0.554,0.819
188.931,11.366,-4.076,-7.656,-1.676,0.545,1.256,-0.090,0.433,0.432,0.489,0.488,0.729
188.943,-1.573,-1.982,-5.944,-23.174,-0.123,1.150,-0.052,0.479,0.485,0.460,0.466,0.655
188.955,14.418,1.289,-4.126,-3.551,-0.805,0.927,-0.030,0.544,0.564,0.443,0.463,0.599
188.966,9.168,3.196,-1.954,39.182,0.350,0.779,0.119,0.634,0.664,0.467,0.496,0.567
188.978,4.896,4.549,-0.188,26.735,2.041,0.832,0.202,0.663,0.689,0.508,0.534,0.557
188.989,-20.617,2.528,1.145,-23.255,1.626,0.990,0.171,0.679,0.694,0.570,0.586,0.568
189.001,17.103,5.548,2.171,-23.028,0.713,0.996,0.265,0.824,0.839,0.622,0.637,0.590
189.013,2.454,6.156,3.482,3.690,0.077,0.863,0.321,0.915,0.939,0.688,0.712,0.626
189.024,8.558,6.199,4.213,-25.904,-0.334,0.767,0.342,0.970,1.000,0.750,0.780,0.673
189.036,-2.428,2.678,4.036,-34.788,-0.749,0.666,0.257,0.899,0.935,0.791,0.827,0.723
189.048,14.662,5.144,4.181,-7.442,-0.856,0.481,0.337,1.000,1.048,0.825,0.873,0.768
189.059,0.135,5.513,4.578,42.180,0.598,0.388,0.471,1.061,1.114,0.878,0.931,0.816
189.071,-18.541,3.669,4.659,29.866,3.472,0.641,0.541,1.065,1.102,0.946,0.984,0.868
189.083,7.581,4.920,4.590,-16.579,3.618,1.036,0.627,1.164,1.177,1.020,1.033,0.921
189.094,8.436,4.010,4.298,-27.599,1.723,1.237,0.540,1.176,1.177,1.077,1.078,0.975
189.106,-10.240,2.689,4.107,7.173,0.444,1.151,0.459,1.219,1.225,1.121,1.127,1.027
189.118,3.187,3.969,4.042,31.055,1.509,1.101,0.615,1.321,1.330,1.163,1.172,1.075
189.129,13.807,5.895,4.470,-18.514,2.634,1.270,0.806,1.458,1.457,1.234,1.233,1.125
189.141,20.277,4.912,4.515,-41.888,2.272,1.456,0.805,1.481,1.468,1.303,1.290,1.180
189.153,2.332,3.135,4.361,5.074,1.600,1.478,0.774,1.495,1.480,1.356,1.341,1.235
189.164,-4.503,3.102,4.278,49.228,2.208,1.480,0.906,1.602,1.587,1.409,1.394,1.289
189.176,-7.799,2.768,4.080,37.559,5.121,1.749,1.053,1.662,1.631,1.471,1.439,1.341
189.188,1.600,2.083,3.417,1.120,6.255,2.268,1.075,1.669,1.605,1.530,1.466,1.390
189.200,-1.695,0.518,2.672,-4.231,5.356,2.681,1.019,1.670,1.580,1.579,1.489,1.435
189.211,-15.612,-1.825,1.665,36.263,4.998,2.898,0.946,1.639,1.536,1.600,1.498,1.471
189.223,-18.419,-2.536,0.567,39.405,6.205,3.166,0.977,1.633,1.514,1.609,1.490,1.496
189.235,-3.282,0.559,0.360,13.939,7.077,3.605,1.080,1.751,1.606,1.643,1.498,1.516
189.246,-4.137,0.814,0.616,-21.159,5.256,3.915,1.055,1.812,1.649,1.692,1.530,1.540
189.258,9.535,1.819,0.756,-12.723,2.863,3.899,0.926,1.859,1.698,1.721,1.560,1.567
189.270,-4.137,1.647,1.083,24.217,1.785,3.638,0.880,1.874,1.730,1.742,1.598,1.595
189.281,-3.038,0.324,0.826,22.518,2.309,3.424,0.853,1.823,1.693,1.748,1.618,1.622
189.293,-4.015,-2.198,0.078,-24.241,2.108,3.324,0.758,1.738,1.615,1.741,1.618,1.642
189.305,1.600,-2.695,-0.767,-50.822,-0.290,3.064,0.577,1.699,1.593,1.709,1.603,1.650
189.316,7.215,-2.097,-1.374,-10.778,-2.306,2.514,0.405,1.660,1.590,1.652,1.581,1.647
189.328,-0.963,-2.730,-1.724,28.527,-1.968,1.935,0.384,1.602,1.570,1.593,1.561,1.634
189.340,4.652,-2.117,-1.904,-10.945,-0.960,1.589,0.411,1.585,1.574,1.547,1.537,1.614
189.352,15.150,-0.288,-1.746,-60.404,-1.691,1.319,0.379,1.580,1.587,1.509,1.517,1.591
189.363,11.854,0.193,-1.147,-31.193,-3.485,0.879,0.276,1.590,1.626,1.481,1.518,1.572
189.375,-2.428,0.185,-0.596,24.143,-3.494,0.332,0.250,1.559,1.631,1.445,1.517,1.555
189.387,-2.428,0.417,-0.212,46.825,-1.376,0.016,0.371,1.552,1.645,1.422,1.515,1.541
189.398,6.971,2.163,0.500,-4.290,0.382,0.024,0.500,1.630,1.722,1.434,1.526,1.531
189.410,17.347,5.998,1.806,-51.512,0.131,0.100,0.579,1.765,1.852,1.476,1.562,1.534
189.422,11.122,7.385,3.352,-0.046,-0.202,0.050,0.648,1.846,1.935,1.536,1.625,1.553
189.433,-5.357,5.068,4.110,44.762,0.139,-0.029,0.651,1.805,1.899,1.586,1.680,1.585
189.445,1.478,4.962,4.307,36.771,2.087,0.122,0.774,1.839,1.923,1.638,1.722,1.623
189.457,9.290,6.392,4.722,-3.012,2.720,0.450,0.880,1.924,1.988,1.710,1.773,1.665
189.468,13.685,7.496,5.281,-42.622,1.714,0.693,0.912,2.008,2.056,1.790,1.838,1.715
189.480,-0.352,7.170,6.016,-40.547,0.169,0.707,0.943,2.071,2.118,1.869,1.916,1.774
189.492,16.371,6.006,5.976,-9.583,-2.100,0.400,0.918,2.094,2.160,1.913,1.979,1.835
189.503,-4.137,4.153,5.702,13.023,-2.095,0.047,0.918,2.087,2.174,1.941,2.028,1.890
189.515,1.234,5.458,5.699,18.530,-0.326,-0.098,1.076,2.188,2.284,1.981,2.077,1.941
189.527,19.667,5.802,5.502,15.369,1.880,0.046,1.193,2.218,2.305,2.031,2.118,1.990
189.538,-1.085,4.285,5.460,-57.407,0.142,0.189,1.147,2.248,2.326,2.090,2.168,2.042
189.550,8.070,3.249,4.855,-49.557,-2.231,0.029,1.039,2.248,2.336,2.109,2.197,2.087
189.562,-5.968,4.377,4.935,-38.048,-4.395,-0.404,1.003,2.323,2.437,2.121,2.236,2.126
189.573,14.295,6.251,5.028,-1.140,-4.958,-0.923,1.036,2.369,2.516,2.124,2.271,2.160
189.585,-8.287,4.360,5.018,31.043,-4.369,-1.412,1.035,2.296,2.472,2.125,2.302,2.192
189.597,-24.157,1.650,4.647,38.078,-2.740,-1.692,1.085,2.250,2.443,2.127,2.320,2.219
189.607,-7.799,1.265,3.866,15.612,-1.327,-1.679,1.089,2.216,2.407,2.118,2.310,2.238
189.617,4.285,1.649,3.361,18.384,-0.367,-1.603,1.189,2.262,2.448,2.121,2.307,2.252
189.627,-18.175,-0.493,2.709,-24.702,-0.870,-1.488,1.113,2.203,2.382,2.116,2.295,2.261
189.637,3.553,-0.682,1.822,-45.574,-2.190,-1.485,1.033,2.158,2.336,2.085,2.264,2.260
189.650,-23.302,-1.916,1.186,-23.967,-3.855,-1.721,0.960,2.130,2.322,2.042,2.234,2.248
189.660,16.615,-1.531,0.280,-42.965,-5.455,-2.020,0.839,2.053,2.263,1.973,2.184,2.229
189.670,7.581,-0.336,0.036,-4.415,-5.838,-2.387,0.824,2.049,2.282,1.917,2.149,2.202
189.681,-4.991,-0.578,-0.100,1.769,-5.470,-2.680,0.785,1.975,2.225,1.864,2.114,2.173
189.693,4.530,-0.444,-0.328,-9.695,-5.154,-2.955,0.742,1.896,2.162,1.796,2.062,2.129
189.703,-9.874,-1.084,-0.450,-34.783,-5.651,-3.178,0.636,1.805,2.084,1.742,2.022,2.092
189.716,0.013,-2.031,-0.626,-43.433,-6.330,-3.453,0.585,1.758,2.054,1.675,1.971,2.043
189.726,5.872,-2.740,-1.161,-49.802,-7.573,-3.798,0.429,1.660,1.977,1.592,1.909,1.998
189.737,-10.973,-3.464,-1.601,32.890,-7.066,-4.166,0.359,1.556,1.896,1.503,1.843,1.946
189.747,-24.889,-7.207,-2.605,48.565,-4.755,-4.317,0.260,1.348,1.697,1.403,1.752,1.886
189.757,-5.846,-8.746,-4.196,30.586,-2.790,-4.210,0.100,1.130,1.471,1.280,1.621,1.811
189.768,2.943,-7.423,-5.159,-22.577,-2.568,-4.066,0.038,1.063,1.393,1.170,1.501,1.724
189.778,-13.170,-10.552,-6.333,-32.752,-3.581,-4.002,-0.292,0.824,1.150,1.043,1.369,1.629
189.788,-23.546,-10.683,-7.243,-7.639,-3.888,-4.002,-0.415,0.707,1.031,0.908,1.233,1.522
189.798,-11.583,-11.140,-8.226,-1.132,-3.739,-3.993,-0.569,0.530,0.853,0.761,1.084,1.407
189.809,22.474,-7.697,-8.507,-2.027,-3.610,-3.956,-0.559,0.525,0.846,0.632,0.953,1.285
189.819,10.145,-6.320,-8.243,25.451,-2.566,-3.880,-0.562,0.440,0.755,0.528,0.842,1.165
189.829,-19.396,-5.031,-7.347,19.063,-1.389,-3.689,-0.512,0.434,0.735,0.463,0.764,1.056
189.842,-19.518,-4.703,-6.422,26.338,-0.337,-3.395,-0.537,0.355,0.636,0.388,0.669,0.932
189.853,6.361,-2.968,-5.396,20.931,1.542,-2.884,-0.449,0.375,0.622,0.350,0.597,0.829
189.865,2.576,-1.136,-4.139,6.429,1.893,-2.320,-0.404,0.439,0.648,0.341,0.551,0.743
189.877,0.623,1.854,-2.474,-16.183,1.697,-1.800,-0.330,0.543,0.719,0.360,0.536,0.680
189.888,2.576,4.776,-0.382,-31.533,0.980,-1.395,-0.244,0.672,0.821,0.409,0.558,0.643
189.900,10.389,6.887,1.804,-38.841,-1.081,-1.256,-0.190,0.814,0.954,0.474,0.614,0.634
189.912,10.511,6.050,3.084,-41.090,-3.633,-1.431,-0.255,0.829,0.979,0.514,0.665,0.644
189.923,14.418,6.172,3.790,-45.340,-5.552,-1.794,-0.295,0.825,0.997,0.532,0.703,0.662
189.935,1.966,5.768,4.474,-45.337,-8.406,-2.456,-0.341,0.832,1.043,0.537,0.748,0.684
189.947,-1.695,5.282,5.036,-40.982,-10.489,-3.314,-0.365,0.841,1.104,0.527,0.790,0.708
189.958,-2.794,4.804,5.162,-27.201,-11.783,-4.276,-0.405,0.817,1.138,0.493,0.814,0.727
189.970,4.774,4.952,5.147,-13.214,-12.158,-5.219,-0.417,0.795,1.172,0.448,0.825,0.738
189.982,-1.451,4.173,5.084,2.095,-11.545,-6.015,-0.408,0.749,1.174,0.404,0.828,0.742
189.993,24.183,2.467,4.098,10.775,-10.391,-6.587,-0.446,0.615,1.074,0.334,0.793,0.734
190.005,12.220,2.861,3.445,14.760,-9.145,-6.938,-0.396,0.531,1.010,0.271,0.750,0.712
190.017,7.948,5.385,3.943,9.695,-7.960,-7.101,-0.231,0.589,1.077,0.250,0.737,0.688
190.028,10.877,6.009,4.431,16.779,-6.604,-7.107,-0.150,0.580,1.066,0.245,0.731,0.668
190.040,9.657,6.628,4.869,29.805,-4.976,-6.957,-0.091,0.559,1.033,0.253,0.727,0.655
190.051,-17.443,4.549,5.342,20.545,-3.847,-6.635,-0.049,0.554,1.005,0.288,0.738,0.651
190.063,-9.386,3.936,5.293,32.034,-3.516,-6.350,0.009,0.597,1.027,0.308,0.738,0.651
190.075,2.332,5.764,5.209,40.461,-0.685,-5.797,0.190,0.661,1.054,0.340,0.733,0.652
190.086,-12.804,2.341,4.701,40.648,1.078,-5.122,0.182,0.584,0.932,0.374,0.723,0.656
190.098,-4.015,0.188,3.585,24.567,2.847,-4.270,0.237,0.559,0.853,0.399,0.692,0.656
190.110,-3.160,-0.095,2.462,-10.526,2.837,-3.387,0.267,0.569,0.806,0.415,0.652,0.649
190.121,5.384,0.891,1.903,-41.107,2.199,-2.635,0.322,0.622,0.810,0.436,0.624,0.639
190.134,-4.625,1.423,1.759,-46.032,0.442,-2.113,0.330,0.661,0.815,0.456,0.611,0.631
190.144,22.108,2.834,1.811,-36.413,-1.266,-2.025,0.324,0.718,0.867,0.461,0.609,0.627
190.155,9.657,4.774,2.508,4.178,-1.522,-2.003,0.433,0.847,0.993,0.489,0.636,0.628
190.165,8.436,4.422,2.986,0.741,-1.460,-1.962,0.462,0.866,1.010,0.518,0.661,0.635
190.176,10.633,4.601,3.333,-2.995,-1.464,-1.924,0.495,0.898,1.038,0.545,0.685,0.647
190.186,12.953,2.684,3.131,23.702,-1.052,-1.877,0.458,0.820,0.957,0.555,0.691,0.659
190.197,16.005,3.165,2.947,-2.148,-0.852,-1.778,0.476,0.821,0.951,0.564,0.694,0.669
190.207,18.568,4.516,3.168,-12.739,-1.181,-1.719,0.540,0.894,1.020,0.587,0.713,0.680
190.218,6.117,5.552,3.770,31.194,-0.714,-1.686,0.668,0.992,1.114,0.627,0.750,0.696
190.228,1.722,5.885,4.257,27.171,0.630,-1.529,0.763,1.026,1.138,0.674,0.786,0.717
190.238,-4.625,3.866,4.328,21.407,1.545,-1.271,0.751,1.000,1.095,0.720,0.815,0.743
190.249,-12.926,1.507,3.853,16.759,2.326,-0.994,0.718,0.939,1.015,0.747,0.824,0.767
190.259,-31.725,-1.852,2.879,0.933,2.746,-0.677,0.646,0.838,0.893,0.754,0.810,0.786
190.270,1.722,-1.704,1.719,-40.119,-0.102,-0.530,0.559,0.823,0.869,0.731,0.776,0.794
190.280,22.963,-0.627,1.022,-47.953,-2.148,-0.626,0.531,0.878,0.930,0.702,0.754,0.793
190.291,1.356,-1.560,0.388,6.491,-1.217,-0.717,0.507,0.803,0.860,0.667,0.724,0.784
190.301,-10.118,-4.783,-0.748,22.745,0.397,-0.657,0.381,0.618,0.671,0.614,0.667,0.766
190.311,-2.794,-4.945,-1.810,11.683,0.924,-0.522,0.350,0.551,0.595,0.557,0.601,0.736
190.322,-27.697,-6.590,-2.661,5.637,0.935,-0.395,0.275,0.466,0.501,0.501,0.537,0.699
190.332,-22.204,-8.144,-3.760,27.208,1.634,-0.251,0.234,0.363,0.388,0.427,0.453,0.652
190.343,-17.321,-9.036,-5.061,16.273,2.533,-0.032,0.098,0.204,0.214,0.336,0.347,0.592
190.353,-13.781,-9.095,-6.119,-14.816,1.960,0.168,-0.052,0.073,0.070,0.241,0.239,0.523
190.364,-8.043,-7.665,-6.470,-36.800,-0.194,0.201,-0.112,0.075,0.071,0.158,0.154,0.448
190.374,9.413,-8.309,-7.057,-24.928,-1.841,0.060,-0.351,-0.058,-0.054,0.052,0.056,0.368
190.385,5.384,-6.299,-7.075,34.421,-0.604,-0.059,-0.325,-0.083,-0.071,-0.038,-0.026,0.285
190.395,-21.349,-6.235,-6.705,28.791,0.785,-0.016,-0.327,-0.130,-0.121,-0.101,-0.092,0.204
190.406,19.301,-4.715,-6.515,9.757,1.421,0.101,-0.309,-0.149,-0.148,-0.162,-0.161,0.127
190.416,1.600,-2.694,-5.660,-4.747,1.156,0.204,-0.275,-0.097,-0.102,-0.192,-0.198,0.060
190.428,16.981,-1.905,-4.857,17.649,1.218,0.296,-0.298,-0.139,-0.151,-0.229,-0.241,-0.009
190.440,23.573,0.576,-3.834,27.278,2.235,0.477,-0.270,-0.158,-0.182,-0.246,-0.270,-0.065
190.451,11.122,-0.673,-3.128,27.119,3.938,0.798,-0.322,-0.247,-0.293,-0.244,-0.289,-0.107
190.463,-3.770,-2.890,-2.919,29.723,5.094,1.266,-0.390,-0.346,-0.422,-0.239,-0.315,-0.140
190.475,-12.682,-5.474,-3.365,16.054,5.834,1.794,-0.467,-0.425,-0.535,-0.244,-0.354,-0.169
190.486,-25.011,-8.470,-4.390,-2.926,5.842,2.301,-0.613,-0.525,-0.668,-0.272,-0.414,-0.203
190.498,-6.090,-6.912,-5.334,-6.573,5.233,2.678,-0.676,-0.532,-0.698,-0.319,-0.486,-0.245
190.510,-3.038,-1.948,-4.635,-26.370,4.133,2.935,-0.591,-0.384,-0.566,-0.327,-0.509,-0.286
190.521,-4.747,-0.314,-3.226,-39.004,1.364,2.882,-0.606,-0.287,-0.465,-0.313,-0.491,-0.313
190.533,10.267,-0.712,-2.515,-42.808,-1.377,2.545,-0.705,-0.288,-0.444,-0.324,-0.479,-0.328
190.545,-3.893,-1.278,-2.216,-33.870,-4.309,1.882,-0.882,-0.362,-0.475,-0.370,-0.483,-0.342
190.556,3.797,2.158,-0.934,-20.623,-6.644,0.973,-0.827,-0.246,-0.301,-0.400,-0.455,-0.353
190.568,15.760,4.617,0.429,-4.136,-6.656,0.036,-0.722,-0.188,-0.183,-0.422,-0.418,-0.357
190.580,-2.550,2.915,1.387,13.570,-5.838,-0.739,-0.712,-0.241,-0.187,-0.435,-0.382,-0.353
190.591,5.506,2.336,1.832,25.069,-4.548,-1.258,-0.653,-0.234,-0.147,-0.444,-0.357,-0.346
190.603,6.849,4.054,2.388,35.979,-3.111,-1.525,-0.526,-0.187,-0.084,-0.438,-0.335,-0.337
190.615,9.046,3.059,2.628,3.272,-2.049,-1.589,-0.523,-0.214,-0.107,-0.421,-0.314,-0.325
190.626,-0.841,1.532,2.339,-7.891,-1.700,-1.589,-0.584,-0.284,-0.177,-0.418,-0.312,-0.314
190.638,-8.409,4.976,3.015,-18.061,-2.493,-1.645,-0.505,-0.175,-0.066,-0.395,-0.286,-0.302
190.649,-4.137,4.039,3.462,-18.778,-3.534,-1.809,-0.557,-0.196,-0.077,-0.373,-0.254,-0.283
190.661,-14.147,2.045,3.335,-15.876,-4.397,-2.087,-0.649,-0.262,-0.127,-0.374,-0.238,-0.264
190.673,6.605,4.839,3.671,-19.266,-4.817,-2.395,-0.557,-0.152,0.001,-0.368,-0.214,-0.248
190.684,17.469,7.332,4.526,-30.353,-4.711,-2.665,-0.473,-0.062,0.107,-0.340,-0.170,-0.227
190.696,18.202,4.546,4.648,-46.913,-4.649,-2.876,-0.541,-0.109,0.073,-0.318,-0.135,-0.201
190.708,13.929,4.043,4.343,-43.389,-5.117,-3.102,-0.618,-0.147,0.049,-0.320,-0.123,-0.179
190.718,-8.898,3.863,4.326,28.856,-4.181,-3.251,-0.551,-0.151,0.054,-0.312,-0.106,-0.160
190.728,0.379,1.963,3.819,14.473,-2.957,-3.249,-0.599,-0.228,-0.023,-0.311,-0.106,-0.144
190.739,-0.841,0.508,2.951,-1.759,-2.475,-3.176,-0.691,-0.344,-0.145,-0.330,-0.130,-0.135
190.749,14.418,0.981,2.300,-12.496,-2.502,-3.108,-0.704,-0.356,-0.162,-0.347,-0.152,-0.135
190.761,-5.602,1.149,1.819,8.042,-2.368,-3.057,-0.730,-0.398,-0.208,-0.367,-0.177,-0.143
190.771,-15.734,-0.852,1.416,-19.196,-2.796,-2.999,-0.799,-0.469,-0.284,-0.382,-0.197,-0.151
190.782,-0.597,-2.293,0.645,-28.009,-3.802,-3.040,-0.873,-0.525,-0.338,-0.422,-0.234,-0.165
190.792,10.755,-5.124,-0.772,13.841,-3.783,-3.152,-1.010,-0.695,-0.501,-0.498,-0.304,-0.191
190.804,-1.817,-5.854,-2.622,-30.376,-3.022,-3.094,-1.065,-0.883,-0.694,-0.608,-0.419,-0.247
190.815,-12.316,-7.015,-3.409,51.537,-2.359,-3.116,-1.048,-0.924,-0.734,-0.684,-0.494,-0.302
190.827,5.018,-7.935,-4.860,-8.144,-0.909,-2.858,-1.077,-1.058,-0.886,-0.791,-0.619,-0.384
190.839,-7.677,-7.556,-5.633,-13.314,-0.543,-2.569,-1.095,-1.124,-0.972,-0.881,-0.729,-0.472
190.851,-20.495,-9.839,-6.527,-17.927,-0.461,-2.296,-1.225,-1.270,-1.137,-0.980,-0.846,-0.568
190.862,2.698,-10.046,-7.663,-18.404,-0.904,-2.105,-1.341,-1.368,-1.248,-1.099,-0.979,-0.672
190.874,-16.222,-11.077,-8.582,-3.614,-1.159,-1.999,-1.517,-1.528,-1.416,-1.229,-1.118,-0.786
190.885,-15.734,-9.165,-8.736,4.396,-1.318,-1.915,-1.586,-1.578,-1.473,-1.346,-1.241,-0.904
190.897,17.591,-1.334,-7.203,16.398,-1.055,-1.816,-1.390,-1.405,-1.307,-1.408,-1.310,-1.015
190.909,-0.108,1.376,-4.468,17.566,-0.205,-1.679,-1.218,-1.264,-1.176,-1.395,-1.306,-1.096
190.921,14.051,3.022,-2.341,12.234,0.516,-1.470,-1.098,-1.169,-1.096,-1.364,-1.290,-1.146
190.932,8.680,3.802,-0.498,5.322,0.617,-1.229,-1.005,-1.083,-1.026,-1.315,-1.258,-1.171
190.944,3.553,4.547,1.098,6.987,0.514,-1.037,-0.921,-1.001,-0.957,-1.258,-1.214,-1.175
190.956,6.727,8.171,3.076,17.954,0.670,-0.859,-0.715,-0.825,-0.793,-1.174,-1.142,-1.158
190.967,4.285,10.787,5.367,23.899,1.292,-0.659,-0.499,-0.655,-0.637,-1.053,-1.035,-1.114
190.979,19.667,13.963,7.875,26.445,2.554,-0.365,-0.196,-0.412,-0.414,-0.888,-0.890,-1.039
190.991,14.051,12.368,9.447,31.680,4.130,0.067,-0.012,-0.297,-0.328,-0.710,-0.741,-0.938
191.002,-9.020,7.947,9.708,39.059,6.009,0.655,0.124,-0.238,-0.308,-0.545,-0.614,-0.822
191.014,-16.832,4.447,8.659,41.324,7.853,1.402,0.209,-0.219,-0.338,-0.414,-0.533,-0.708
191.026,2.943,5.690,7.601,40.598,8.289,2.189,0.318,-0.110,-0.279,-0.297,-0.466,-0.604
191.037,8.192,5.224,6.749,45.873,8.709,2.922,0.374,-0.057,-0.273,-0.180,-0.396,-0.504
191.049,3.431,4.772,6.193,53.357,9.155,3.629,0.461,0.022,-0.238,-0.057,-0.318,-0.408
191.060,-8.653,4.018,5.769,55.647,10.610,4.342,0.622,0.135,-0.170,0.070,-0.235,-0.312
191.072,9.779,6.115,5.434,45.345,10.582,5.059,0.743,0.264,-0.086,0.194,-0.156,-0.217
191.083,-4.381,3.787,5.009,40.912,10.953,5.751,0.816,0.283,-0.110,0.321,-0.072,-0.120
191.093,6.849,5.369,4.892,-23.944,8.467,6.204,0.890,0.434,0.012,0.435,0.014,-0.028
191.103,4.285,5.083,4.918,-20.928,6.255,6.276,0.914,0.520,0.096,0.533,0.109,0.065
191.114,22.597,5.049,4.845,4.100,5.557,6.186,0.989,0.635,0.219,0.621,0.205,0.159
191.124,-7.799,1.073,4.173,34.851,6.231,6.164,1.031,0.616,0.203,0.694,0.281,0.250
191.135,14.540,3.293,3.487,27.029,6.845,6.219,1.149,0.711,0.296,0.754,0.339,0.331
191.146,-15.490,-2.910,2.082,22.376,7.169,6.317,1.006,0.571,0.151,0.797,0.378,0.404
191.158,-34.655,-7.148,-0.027,27.139,6.784,6.379,0.848,0.478,0.056,0.795,0.373,0.457
191.169,-25.011,-8.056,-2.353,23.189,6.920,6.451,0.767,0.405,-0.018,0.756,0.332,0.483
191.181,-24.523,-11.886,-5.201,33.657,6.515,6.449,0.498,0.158,-0.263,0.669,0.246,0.480
191.192,-40.393,-15.127,-7.931,18.703,5.799,6.425,0.242,-0.068,-0.487,0.553,0.134,0.445
191.204,-37.219,-14.390,-9.725,27.212,4.890,6.230,0.106,-0.160,-0.565,0.425,0.020,0.383
191.215,-22.204,-10.060,-10.037,33.013,4.726,6.011,0.107,-0.126,-0.516,0.324,-0.065,0.309
191.226,-9.264,-7.514,-9.485,-0.647,2.025,5.626,-0.023,-0.146,-0.511,0.241,-0.123,0.236
191.238,-11.949,-6.692,-8.546,10.592,1.161,5.089,-0.099,-0.178,-0.508,0.169,-0.160,0.169
191.248,20.765,-2.535,-7.297,-30.884,-0.255,4.657,0.006,-0.025,-0.327,0.131,-0.170,0.113
191.258,11.488,-0.381,-5.895,-9.303,-0.977,4.140,-0.010,-0.023,-0.293,0.099,-0.170,0.065
191.269,4.652,1.566,-4.150,7.547,-0.891,3.672,0.067,0.047,-0.192,0.098,-0.140,0.033
191.279,19.056,3.628,-2.500,9.715,-0.642,3.287,0.164,0.113,-0.100,0.112,-0.101,0.015
191.290,-8.165,4.530,-0.658,4.722,-0.557,2.945,0.254,0.197,0.006,0.154,-0.036,0.014
191.300,-15.490,1.084,0.053,-13.385,-0.941,2.625,0.153,0.089,-0.081,0.171,0.000,0.025
191.311,-10.485,0.244,0.514,-20.257,-2.423,2.112,0.144,0.138,0.001,0.176,0.038,0.044
191.323,-4.015,0.440,0.359,-25.034,-4.266,1.449,0.028,0.103,0.008,0.143,0.047,0.057
191.335,-2.061,1.775,0.636,-25.897,-6.176,0.627,-0.072,0.092,0.048,0.105,0.061,0.064
191.346,9.046,3.235,1.144,-25.628,-6.635,-0.236,-0.110,0.083,0.093,0.070,0.080,0.069
191.358,-4.259,3.186,1.981,-18.498,-7.029,-1.055,-0.125,0.101,0.162,0.054,0.115,0.077
191.370,-5.480,4.143,3.012,-15.686,-7.997,-1.877,-0.076,0.187,0.299,0.048,0.160,0.090
191.381,-8.653,2.048,3.198,-15.422,-8.211,-2.641,-0.061,0.176,0.335,0.027,0.186,0.104
191.393,-1.207,3.800,3.344,-14.791,-8.227,-3.327,0.031,0.220,0.420,-0.003,0.197,0.111
191.405,15.638,7.568,4.232,-17.249,-8.436,-3.944,0.167,0.330,0.568,-0.009,0.228,0.119
191.416,16.005,10.911,5.955,-20.689,-8.395,-4.484,0.297,0.438,0.707,0.022,0.292,0.137
191.428,24.428,9.874,7.170,-33.871,-7.805,-4.888,0.335,0.453,0.746,0.069,0.363,0.170
191.440,28.334,8.989,7.508,-26.792,-6.934,-5.146,0.384,0.429,0.737,0.102,0.411,0.208
191.451,6.971,8.260,7.904,-25.718,-6.024,-5.256,0.475,0.453,0.767,0.150,0.464,0.250
191.463,8.436,10.839,8.762,-30.206,-5.387,-5.259,0.670,0.612,0.925,0.219,0.532,0.297
191.475,24.183,11.842,9.558,-32.727,-5.151,-5.225,0.823,0.735,1.044,0.303,0.612,0.354
191.486,24.306,12.064,10.015,-30.907,-5.122,-5.200,0.867,0.768,1.074,0.378,0.684,0.416
191.498,-7.921,8.496,9.928,-14.625,-5.061,-5.201,0.825,0.714,1.019,0.443,0.747,0.481
191.510,-29.650,3.583,8.911,7.207,-4.876,-5.207,0.774,0.637,0.940,0.475,0.778,0.540
191.521,-7.799,1.749,6.937,20.976,-4.471,-5.184,0.796,0.597,0.898,0.460,0.761,0.580
191.533,3.187,0.905,4.770,28.928,-3.415,-5.063,0.753,0.493,0.784,0.417,0.708,0.593
191.545,-12.804,-0.944,3.074,30.955,-2.086,-4.794,0.687,0.374,0.648,0.377,0.650,0.586
191.556,-15.123,-2.387,1.680,10.361,-1.289,-4.406,0.633,0.305,0.553,0.340,0.588,0.565
191.568,-0.352,0.011,0.993,7.325,-0.780,-4.008,0.702,0.352,0.574,0.312,0.534,0.534
191.579,7.093,0.934,0.648,-7.217,-0.376,-3.583,0.683,0.313,0.508,0.293,0.488,0.501
191.591,-11.339,-1.354,0.481,-23.081,-0.208,-3.175,0.645,0.271,0.438,0.288,0.456,0.471
191.603,3.187,-2.004,-0.284,-12.651,-0.258,-2.826,0.601,0.225,0.369,0.257,0.401,0.437
191.614,-10.729,0.441,-0.237,9.421,-0.078,-2.525,0.624,0.231,0.356,0.235,0.360,0.400
191.626,15.028,3.327,0.388,25.060,1.109,-2.166,0.717,0.271,0.373,0.242,0.343,0.370
191.638,7.703,3.551,1.282,33.049,3.086,-1.650,0.804,0.297,0.365,0.286,0.353,0.355
191.649,-9.020,1.648,1.651,35.172,5.244,-0.942,0.833,0.280,0.301,0.340,0.362,0.352
191.661,0.257,0.094,1.199,34.838,6.565,-0.098,0.830,0.244,0.212,0.382,0.350,0.354
191.673,-9.996,-1.604,0.523,30.835,7.810,0.782,0.813,0.222,0.135,0.421,0.334,0.357
191.684,-16.954,-3.051,-0.425,24.207,8.185,1.647,0.730,0.180,0.040,0.445,0.304,0.357
191.696,-17.077,-4.419,-1.533,15.463,8.059,2.426,0.619,0.128,-0.058,0.452,0.265,0.351
191.707,-18.053,-6.403,-2.811,6.882,7.316,3.052,0.477,0.044,-0.180,0.439,0.214,0.337
191.719,-10.973,-7.798,-4.333,10.285,6.629,3.504,0.325,-0.062,-0.314,0.395,0.144,0.311
191.731,-29.040,-11.558,-6.207,14.209,6.203,3.832,0.076,-0.280,-0.550,0.317,0.046,0.267
191.742,-19.884,-14.004,-8.355,14.658,5.994,4.088,-0.156,-0.477,-0.762,0.206,-0.078,0.204
191.754,-23.302,-15.447,-10.305,19.124,5.913,4.300,-0.368,-0.636,-0.933,0.078,-0.218,0.119
191.766,-28.307,-16.555,-11.976,25.425,6.057,4.501,-0.576,-0.797,-1.106,-0.060,-0.369,0.016
191.778,-23.546,-15.793,-13.078,34.755,6.431,4.721,-0.714,-0.910,-1.231,-0.197,-0.518,-0.100
191.789,-15.368,-17.028,-14.353,41.690,6.834,4.964,-0.934,-1.122,-1.457,-0.347,-0.682,-0.229
191.801,-22.448,-18.263,-15.420,39.649,7.135,5.218,-1.108,-1.307,-1.657,-0.498,-0.847,-0.366
191.813,-28.307,-18.849,-16.317,38.103,7.302,5.462,-1.263,-1.478,-1.842,-0.653,-1.017,-0.512
191.824,-17.443,-19.386,-17.217,27.940,7.311,5.687,-1.420,-1.640,-2.017,-0.814,-1.191,-0.665
191.836,-1.939,-14.643,-17.007,13.354,7.596,5.920,-1.428,-1.657,-2.047,-0.952,-1.342,-0.821
191.848,-4.747,-11.272,-15.634,3.693,7.051,6.088,-1.473,-1.663,-2.062,-1.043,-1.442,-0.962
191.859,-2.550,-10.160,-14.164,-5.608,5.945,6.128,-1.562,-1.692,-2.091,-1.116,-1.516,-1.086
191.871,-6.212,-8.208,-12.538,-6.538,4.477,5.980,-1.635,-1.700,-2.089,-1.180,-1.569,-1.189
191.883,-13.781,-7.280,-11.073,-8.555,3.065,5.697,-1.760,-1.764,-2.134,-1.241,-1.610,-1.274
191.894,-31.115,-9.889,-10.319,14.782,2.568,5.308,-1.947,-1.939,-2.283,-1.315,-1.659,-1.346
191.905,-15.734,-7.461,-9.482,20.855,2.681,4.989,-1.942,-1.947,-2.270,-1.380,-1.704,-1.413
191.917,-18.297,-7.985,-8.906,33.210,2.692,4.668,-2.029,-2.042,-2.344,-1.444,-1.746,-1.474
191.929,-6.334,-6.396,-8.259,43.537,2.767,4.397,-2.005,-2.045,-2.330,-1.498,-1.782,-1.530
191.940,10.999,-0.360,-6.368,11.317,2.679,4.218,-1.837,-1.871,-2.144,-1.500,-1.773,-1.572
191.951,12.098,2.766,-3.913,2.924,1.990,3.963,-1.758,-1.755,-2.011,-1.464,-1.720,-1.590
191.963,14.540,6.642,-1.060,-8.905,1.069,3.658,-1.624,-1.588,-1.824,-1.392,-1.629,-1.579
191.974,27.602,10.315,2.040,-8.149,0.632,3.306,-1.423,-1.368,-1.581,-1.283,-1.496,-1.537
191.986,11.976,10.584,4.641,-11.230,0.366,2.971,-1.333,-1.256,-1.449,-1.156,-1.348,-1.464
191.997,15.394,12.290,6.944,-1.981,0.446,2.657,-1.136,-1.067,-1.239,-1.014,-1.187,-1.367
192.008,31.020,14.771,9.087,-8.372,0.355,2.403,-0.898,-0.831,-0.988,-0.851,-1.008,-1.248
192.020,33.217,18.033,11.437,-0.843,0.332,2.148,-0.618,-0.557,-0.697,-0.662,-0.803,-1.108
192.031,1.722,17.372,13.650,4.223,0.438,1.934,-0.379,-0.322,-0.449,-0.445,-0.572,-0.942
192.043,-8.409,14.178,14.330,6.803,0.825,1.779,-0.244,-0.200,-0.318,-0.255,-0.373,-0.764
192.054,6.239,9.318,13.034,1.169,0.728,1.661,-0.308,-0.255,-0.365,-0.128,-0.237,-0.590
192.065,1.600,6.140,11.064,0.205,0.152,1.507,-0.365,-0.272,-0.372,-0.045,-0.145,-0.441
192.077,-17.077,5.863,9.657,28.611,0.248,1.288,-0.295,-0.196,-0.283,0.025,-0.061,-0.313
192.088,-27.575,0.850,7.643,34.125,1.575,1.260,-0.333,-0.294,-0.379,0.073,-0.011,-0.206
192.100,2.332,-1.686,4.752,30.551,1.765,1.299,-0.448,-0.423,-0.509,0.065,-0.020,-0.128
192.111,2.698,-2.569,2.473,29.114,2.672,1.427,-0.444,-0.479,-0.572,0.053,-0.040,-0.080
192.122,2.332,-1.173,1.351,31.648,2.717,1.574,-0.325,-0.373,-0.475,0.061,-0.040,-0.049
192.134,2.210,-1.319,0.531,12.260,3.418,1.780,-0.250,-0.352,-0.466,0.072,-0.041,-0.028
192.145,-3.038,-0.788,0.120,-8.821,2.994,1.969,-0.214,-0.304,-0.429,0.087,-0.036,-0.012
192.157,-21.349,-2.214,-0.357,4.938,2.200,2.020,-0.298,-0.340,-0.467,0.089,-0.037,-0.000
192.168,-1.085,-1.411,-0.988,28.004,2.059,1.996,-0.349,-0.384,-0.509,0.069,-0.055,0.003
192.179,13.807,0.848,-0.856,15.020,2.922,2.086,-0.313,-0.387,-0.517,0.072,-0.057,0.004
192.191,28.212,5.502,0.538,5.688,2.740,2.183,-0.126,-0.186,-0.321,0.129,-0.005,0.017
192.202,-6.334,6.745,2.756,23.061,3.552,2.293,0.138,0.034,-0.106,0.238,0.098,0.053
192.213,10.267,8.271,4.247,-28.054,2.995,2.468,0.211,0.149,-0.001,0.344,0.193,0.109
192.225,30.775,8.093,5.152,-42.872,0.942,2.394,0.146,0.206,0.060,0.435,0.289,0.179
192.236,1.356,8.507,6.365,-24.171,0.247,2.154,0.213,0.331,0.200,0.534,0.404,0.259
192.248,21.254,9.508,7.236,-16.333,-0.758,1.851,0.263,0.456,0.345,0.627,0.517,0.347
192.259,10.511,8.268,7.710,1.321,-0.919,1.514,0.343,0.558,0.469,0.720,0.630,0.443
192.271,-8.898,5.633,7.315,17.578,-0.557,1.238,0.364,0.578,0.506,0.785,0.713,0.533
192.282,-27.331,1.503,5.965,0.863,-0.570,1.041,0.228,0.444,0.385,0.809,0.750,0.610
192.293,-20.495,-3.500,3.603,-14.692,-1.301,0.812,0.024,0.280,0.235,0.783,0.738,0.664
192.305,-23.424,-5.667,1.048,1.724,-2.036,0.498,-0.127,0.155,0.130,0.712,0.687,0.687
192.316,-11.095,-7.941,-1.725,38.639,-1.603,0.189,-0.304,-0.062,-0.067,0.600,0.595,0.676
192.327,4.407,-8.293,-3.800,34.735,-0.819,0.027,-0.377,-0.179,-0.174,0.490,0.495,0.636
192.339,7.948,-8.047,-5.410,38.336,0.007,-0.038,-0.440,-0.292,-0.282,0.380,0.390,0.576
192.350,-20.495,-7.795,-5.997,41.721,2.470,0.140,-0.364,-0.318,-0.320,0.307,0.305,0.505
192.362,-17.931,-9.292,-6.746,8.182,3.626,0.503,-0.387,-0.416,-0.442,0.236,0.211,0.430
192.373,-2.916,-8.570,-7.565,-13.134,3.060,0.833,-0.477,-0.504,-0.551,0.152,0.105,0.348
192.384,-30.261,-8.209,-7.656,-5.760,2.478,1.032,-0.580,-0.577,-0.637,0.077,0.017,0.263
192.396,-21.349,-9.506,-8.139,37.136,2.393,1.135,-0.739,-0.736,-0.803,-0.016,-0.082,0.176
192.407,-18.419,-9.771,-8.508,39.063,3.440,1.343,-0.774,-0.834,-0.913,-0.100,-0.180,0.089
192.418,6.361,-7.166,-8.555,38.007,4.333,1.640,-0.747,-0.875,-0.974,-0.171,-0.269,0.004
192.429,4.774,-6.223,-8.025,35.223,4.989,1.979,-0.724,-0.899,-1.019,-0.210,-0.331,-0.073
192.440,19.056,-4.036,-7.227,35.208,4.464,2.230,-0.697,-0.870,-1.007,-0.240,-0.376,-0.143
192.452,11.488,-1.328,-5.678,27.919,4.966,2.503,-0.537,-0.757,-0.912,-0.229,-0.384,-0.197
192.463,0.135,-0.251,-3.919,-6.038,5.037,2.785,-0.444,-0.654,-0.827,-0.189,-0.362,-0.230
192.475,15.760,2.337,-2.209,-32.289,4.023,2.981,-0.408,-0.529,-0.715,-0.139,-0.325,-0.241
192.486,8.924,3.253,-0.560,2.129,4.049,3.066,-0.331,-0.445,-0.635,-0.077,-0.268,-0.232
192.497,-9.874,1.922,0.543,33.459,5.778,3.271,-0.261,-0.398,-0.602,-0.004,-0.208,-0.206
192.509,15.272,4.855,1.471,34.911,5.894,3.544,-0.071,-0.240,-0.462,0.076,-0.145,-0.167
192.520,-8.776,1.484,1.833,6.842,5.367,3.752,-0.138,-0.263,-0.499,0.154,-0.081,-0.118
192.532,3.065,3.146,2.061,12.515,4.962,3.872,-0.074,-0.160,-0.404,0.217,-0.025,-0.066
192.544,-1.329,1.808,2.096,34.426,5.407,4.013,-0.010,-0.140,-0.393,0.283,0.030,-0.012
192.555,-0.108,1.624,1.983,-1.466,4.651,4.107,0.047,-0.074,-0.333,0.341,0.083,0.042
192.567,-9.020,-0.151,1.613,-4.607,3.653,4.088,-0.014,-0.078,-0.334,0.381,0.125,0.094
192.578,2.454,-1.543,0.631,-20.280,2.691,4.002,-0.114,-0.108,-0.356,0.389,0.141,0.137
192.590,-7.311,-4.383,-0.681,-7.919,2.139,3.833,-0.228,-0.204,-0.438,0.368,0.134,0.166
192.602,-1.207,-4.831,-1.961,10.180,2.701,3.700,-0.213,-0.246,-0.469,0.332,0.108,0.177
192.613,-6.212,-4.843,-2.775,9.202,2.594,3.600,-0.210,-0.259,-0.473,0.299,0.085,0.176
192.625,6.483,-1.485,-2.807,21.734,2.901,3.507,-0.164,-0.204,-0.411,0.278,0.072,0.168
192.637,12.220,2.386,-1.641,-0.997,2.373,3.435,-0.051,-0.069,-0.270,0.303,0.103,0.167
192.648,17.958,4.292,-0.057,-34.810,1.126,3.257,0.011,0.035,-0.150,0.351,0.165,0.183
192.660,-6.822,3.446,1.248,-1.161,0.847,3.008,0.003,0.061,-0.105,0.403,0.236,0.214
192.672,-4.381,2.068,1.693,14.884,1.612,2.863,0.050,0.069,-0.085,0.445,0.290,0.253
192.683,-3.648,2.678,2.019,-0.409,1.434,2.724,0.100,0.130,-0.013,0.485,0.340,0.294
192.695,1.356,2.400,2.172,16.226,1.842,2.627,0.135,0.163,0.026,0.525,0.388,0.337
192.707,6.361,3.799,2.574,-21.611,0.393,2.481,0.162,0.266,0.140,0.570,0.445,0.382
192.718,6.971,5.642,3.384,-13.850,-0.413,2.197,0.237,0.379,0.275,0.622,0.517,0.432
192.730,8.802,8.113,4.670,4.604,0.070,1.952,0.405,0.519,0.432,0.699,0.612,0.492
192.742,2.454,7.084,5.533,1.763,0.009,1.757,0.456,0.563,0.490,0.781,0.708,0.563
192.753,4.774,5.851,5.746,11.501,0.234,1.572,0.479,0.595,0.535,0.849,0.789,0.637
192.765,-0.963,3.788,5.243,7.971,0.510,1.469,0.447,0.576,0.523,0.898,0.846,0.708
192.776,7.826,3.384,4.585,-36.478,-1.273,1.250,0.369,0.578,0.541,0.924,0.887,0.770
192.788,0.135,3.224,4.271,7.838,-1.094,0.927,0.408,0.604,0.588,0.946,0.931,0.824
192.800,-2.916,2.316,3.735,25.527,0.048,0.792,0.448,0.592,0.586,0.967,0.961,0.870
192.811,-5.846,0.791,3.056,5.468,0.070,0.712,0.441,0.582,0.581,0.983,0.982,0.910
192.823,-6.944,1.288,2.469,11.784,0.300,0.646,0.451,0.584,0.588,0.987,0.991,0.939
192.834,15.516,5.643,2.993,-19.157,-0.424,0.573,0.559,0.746,0.755,1.022,1.031,0.968
192.846,14.784,6.375,4.050,-42.725,-1.662,0.380,0.629,0.860,0.881,1.081,1.102,1.006
192.858,14.540,8.944,5.401,-7.325,-1.935,0.098,0.745,0.995,1.034,1.149,1.188,1.055
192.869,1.600,5.126,5.574,32.073,0.352,0.043,0.722,0.912,0.954,1.209,1.251,1.113
192.881,1.234,6.348,5.742,24.624,2.021,0.234,0.858,1.016,1.047,1.281,1.312,1.171
192.893,5.018,7.420,6.316,10.324,2.112,0.464,0.975,1.166,1.184,1.375,1.393,1.236
192.904,1.356,11.149,7.622,-14.632,0.498,0.568,1.126,1.396,1.408,1.489,1.502,1.311
192.916,4.774,10.286,8.645,-7.135,-0.780,0.456,1.193,1.508,1.526,1.605,1.623,1.401
192.928,-11.705,8.720,9.185,3.863,-1.278,0.210,1.268,1.619,1.650,1.707,1.738,1.497
192.939,-10.240,7.177,8.696,16.888,-0.525,0.028,1.333,1.650,1.691,1.776,1.817,1.590
192.951,18.812,9.167,8.418,-18.537,-0.360,0.016,1.372,1.702,1.743,1.845,1.885,1.676
192.963,26.503,8.875,8.464,-15.206,-0.625,-0.060,1.420,1.763,1.808,1.925,1.970,1.760
192.974,-0.841,8.068,8.563,12.909,-0.806,-0.201,1.513,1.858,1.909,2.007,2.058,1.844
192.986,14.173,9.108,8.596,-5.419,-0.916,-0.281,1.630,1.975,2.030,2.085,2.140,1.926
192.997,-13.903,7.435,8.623,20.306,-0.422,-0.381,1.720,2.031,2.090,2.164,2.223,2.008
193.009,39.931,6.970,7.674,-25.173,-0.691,-0.325,1.710,2.012,2.069,2.211,2.268,2.084
193.021,-16.344,7.743,7.784,24.820,-0.974,-0.486,1.861,2.152,2.216,2.279,2.344,2.155
193.033,35.536,9.889,7.828,-15.154,-0.405,-0.454,1.931,2.194,2.257,2.342,2.405,2.223
193.044,-8.776,9.630,8.753,2.656,-0.983,-0.518,2.065,2.356,2.422,2.445,2.511,2.299
193.056,5.994,8.367,8.698,-2.437,-1.073,-0.578,2.060,2.354,2.423,2.515,2.584,2.377
193.067,-1.207,7.225,8.496,5.619,-1.010,-0.654,2.115,2.402,2.474,2.581,2.654,2.452
193.079,22.230,7.243,7.919,-19.004,-1.552,-0.720,2.154,2.453,2.529,2.630,2.706,2.521
193.091,-12.560,4.798,7.309,24.739,-0.995,-0.824,2.177,2.433,2.513,2.671,2.751,2.585
193.102,34.316,7.947,6.952,-26.754,-1.213,-0.812,2.255,2.513,2.593,2.708,2.787,2.638
193.114,-12.194,7.515,7.482,12.913,-1.452,-0.930,2.357,2.626,2.712,2.776,2.862,2.695
193.126,-9.874,3.841,6.705,-6.500,-1.196,-0.961,2.290,2.534,2.621,2.806,2.893,2.748
193.137,11.732,2.373,5.221,-25.765,-2.232,-1.038,2.165,2.464,2.556,2.795,2.887,2.785
193.149,-11.583,0.648,4.194,-5.511,-3.334,-1.282,2.070,2.451,2.557,2.778,2.884,2.809
193.161,-1.451,-0.906,2.578,14.441,-2.985,-1.541,1.958,2.336,2.458,2.719,2.841,2.813
193.172,-6.578,-0.432,1.613,33.571,-2.201,-1.663,1.965,2.292,2.421,2.668,2.797,2.800
193.184,-16.466,-4.349,0.142,24.480,-1.272,-1.640,1.872,2.115,2.243,2.604,2.731,2.774
193.195,-15.856,-7.883,-2.007,-18.625,-1.741,-1.625,1.626,1.915,2.041,2.500,2.626,2.727
193.206,-0.597,-7.041,-3.669,2.064,-1.818,-1.655,1.574,1.837,1.965,2.381,2.508,2.658
193.218,-9.264,-7.550,-4.884,-18.183,-1.770,-1.654,1.463,1.699,1.826,2.262,2.389,2.573
193.229,-15.734,-8.846,-5.964,9.646,-1.673,-1.638,1.377,1.547,1.672,2.138,2.263,2.476
193.241,-8.531,-8.884,-6.877,19.740,-2.057,-1.683,1.235,1.425,1.553,2.002,2.131,2.368
193.252,-10.118,-9.536,-7.654,11.045,-2.166,-1.737,1.014,1.265,1.398,1.861,1.994,2.251
193.264,-11.461,-9.487,-8.231,19.934,-1.939,-1.771,0.900,1.131,1.267,1.719,1.855,2.127
193.275,-10.485,-10.549,-8.861,-10.894,-1.981,-1.787,0.750,0.965,1.102,1.574,1.711,1.998
193.286,-12.560,-10.760,-9.381,-0.129,-1.920,-1.797,0.632,0.830,0.967,1.427,1.564,1.862
193.298,-12.316,-11.338,-9.954,0.012,-2.016,-1.811,0.449,0.659,0.797,1.270,1.408,1.720
193.309,-10.118,-12.571,-10.768,-5.734,-2.208,-1.830,0.224,0.455,0.594,1.102,1.241,1.573
193.320,-3.526,-12.828,-11.565,-8.699,-2.181,-1.849,0.045,0.264,0.406,0.924,1.065,1.417
193.332,-13.048,-13.523,-12.131,3.260,-1.777,-1.854,-0.105,0.076,0.218,0.749,0.890,1.254
193.343,-14.269,-14.327,-12.787,-7.001,-1.591,-1.830,-0.278,-0.124,0.014,0.568,0.706,1.085
193.355,-16.466,-16.061,-13.689,-6.134,-1.257,-1.788,-0.481,-0.354,-0.221,0.377,0.510,0.910
193.366,-24.889,-16.860,-14.490,-15.425,-0.899,-1.712,-0.650,-0.559,-0.434,0.179,0.304,0.723
193.378,-14.269,-16.657,-15.190,-24.800,-0.604,-1.614,-0.792,-0.744,-0.630,-0.017,0.096,0.532
193.389,-13.292,-16.558,-15.682,-19.841,-0.008,-1.487,-0.904,-0.927,-0.827,-0.208,-0.109,0.337
193.400,-20.128,-16.960,-16.029,-31.084,-0.193,-1.360,-1.106,-1.123,-1.038,-0.398,-0.312,0.140
193.412,-20.128,-16.725,-16.200,-3.065,0.188,-1.244,-1.236,-1.290,-1.217,-0.584,-0.512,-0.057
193.423,-14.269,-16.291,-16.242,-12.386,0.260,-1.120,-1.380,-1.445,-1.386,-0.767,-0.707,-0.255
193.435,-12.438,-14.534,-15.852,14.128,0.349,-1.026,-1.482,-1.559,-1.509,-0.935,-0.885,-0.446
193.446,-11.461,-13.146,-15.129,12.173,0.956,-0.906,-1.546,-1.665,-1.626,-1.083,-1.045,-0.629
193.457,-8.653,-11.448,-14.161,4.481,1.579,-0.742,-1.586,-1.742,-1.719,-1.208,-1.185,-0.799
193.469,-10.118,-10.401,-13.043,-13.440,1.332,-0.555,-1.663,-1.809,-1.803,-1.312,-1.306,-0.955
193.480,-17.565,-10.581,-12.149,-15.288,1.167,-0.363,-1.766,-1.903,-1.913,-1.409,-1.419,-1.097
193.492,-23.791,-11.043,-11.592,-4.873,0.746,-0.205,-1.876,-1.997,-2.020,-1.509,-1.532,-1.230
193.503,-10.118,-10.899,-11.340,-6.855,0.652,-0.084,-1.961,-2.078,-2.111,-1.613,-1.645,-1.355
193.515,-10.851,-10.164,-11.014,-18.940,0.225,0.024,-2.055,-2.160,-2.201,-1.714,-1.754,-1.474
193.526,8.802,-7.706,-10.363,-20.740,-1.011,0.045,-2.113,-2.182,-2.224,-1.805,-1.847,-1.587
193.537,11.488,-4.532,-9.056,-3.542,-1.827,-0.097,-2.128,-2.181,-2.213,-1.879,-1.911,-1.689
193.549,284.445,83.585,9.658,34.149,15.182,1.325,0.267,0.019,-0.022,-1.479,-1.522,-1.707
193.560,79.605,54.657,26.588,-5.183,7.563,4.640,0.544,0.367,0.288,-0.611,-0.691,-1.433
193.571,-92.885,-19.788,18.637,-78.101,10.033,6.775,-0.739,-0.823,-0.942,-0.320,-0.439,-1.089
193.582,-125.478,-68.679,-9.180,7.611,8.952,7.436,-2.485,-2.417,-2.553,-0.751,-0.886,-0.953
193.593,-152.945,-102.778,-41.019,7.840,8.142,7.692,-4.328,-4.123,-4.266,-1.623,-1.767,-1.145
193.604,-148.917,-120.037,-68.960,-10.484,7.852,7.794,-5.946,-5.625,-5.772,-2.740,-2.888,-1.658
193.615,-149.527,-131.200,-91.174,-41.705,7.799,7.856,-7.517,-7.126,-7.276,-4.016,-4.166,-2.450
193.626,-149.039,-139.364,-108.477,-12.062,7.947,7.890,-9.059,-8.628,-8.779,-5.370,-5.521,-3.438
193.636,-139.029,-143.782,-121.623,-14.762,8.160,7.913,-10.610,-10.130,-10.282,-6.781,-6.932,-4.576
193.647,-161.612,-146.518,-130.603,-16.746,8.373,7.963,-12.043,-11.570,-11.725,-8.198,-8.354,-5.820
193.658,-155.264,-148.282,-136.994,6.499,8.507,8.021,-13.485,-12.991,-13.150,-9.623,-9.783,-7.131
193.669,-153.433,-149.515,-141.513,-2.800,8.557,8.061,-14.986,-14.441,-14.604,-11.080,-11.243,-8.514
193.680,-153.433,-149.743,-144.580,32.060,8.664,8.099,-16.399,-15.840,-16.006,-12.503,-12.669,-9.897
193.691,-153.067,-149.437,-146.368,10.759,8.952,8.155,-17.793,-17.210,-17.382,-13.915,-14.087,-11.301
193.702,37.367,-107.627,-140.459,-9.289,-6.568,7.470,-18.702,-17.849,-17.954,-15.259,-15.364,-12.693
193.713,145.647,-11.779,-103.532,-38.660,-12.766,5.549,-17.103,-16.171,-16.120,-15.818,-15.767,-13.863
193.724,145.647,48.244,-53.550,44.032,-12.618,3.518,-15.311,-14.556,-14.327,-15.584,-15.355,-14.566
193.735,146.013,84.186,-5.988,66.019,-13.548,1.922,-13.653,-13.006,-12.621,-14.833,-14.449,-14.722
193.746,140.642,105.092,33.552,40.150,-14.154,0.553,-12.147,-11.487,-10.960,-13.786,-13.259,-14.412
193.757,140.886,118.420,64.142,42.170,-14.350,-0.631,-10.619,-9.968,-9.309,-12.562,-11.903,-13.734
193.768,134.172,125.708,86.676,16.082,-14.828,-1.674,-9.082,-8.507,-7.725,-11.250,-10.468,-12.789
193.779,133.440,129.699,102.600,28.114,-15.027,-2.616,-7.453,-7.048,-6.149,-9.872,-8.973,-11.638
193.790,246.480,158.167,118.683,-38.865,-24.729,-4.493,-5.618,-5.113,-4.049,-8.440,-7.377,-10.355
193.801,287.985,208.022,146.532,-67.582,-28.293,-6.995,-2.622,-2.110,-0.868,-6.559,-5.317,-8.856
193.812,620.149,318.721,193.829,-44.996,-33.570,-11.285,2.067,2.558,4.027,-4.022,-2.553,-7.022
193.823,-427.734,184.505,223.203,18.386,5.980,-9.572,3.837,3.978,5.410,-0.860,0.571,-4.696
193.834,9.779,112.289,191.831,-70.616,16.347,-1.883,4.220,4.406,5.675,0.902,2.172,-2.433
193.845,-59.680,41.594,143.254,-48.818,11.188,2.661,3.092,3.669,4.808,1.843,2.982,-0.536
193.856,-35.998,9.789,96.495,24.982,12.648,4.555,2.741,3.284,4.349,2.196,3.261,0.804
193.867,46.035,16.596,64.545,49.952,10.508,5.642,2.789,3.521,4.533,2.390,3.402,1.706
193.878,58.364,34.351,50.889,13.065,8.841,6.184,3.265,4.261,5.239,2.737,3.716,2.366
193.889,10.145,45.620,48.565,4.799,7.263,6.421,3.738,5.052,6.011,3.250,4.210,2.940
193.899,-3.770,24.292,41.944,15.199,7.304,6.362,3.709,4.975,5.932,3.645,4.603,3.468
193.910,-3.404,13.385,32.412,14.019,6.878,6.454,3.574,4.951,5.899,3.879,4.827,3.908
193.921,-2.794,7.300,23.681,7.905,6.577,6.475,3.443,4.956,5.898,4.018,4.960,4.239
193.932,23.329,6.407,16.725,-9.866,3.629,6.285,3.307,4.970,5.918,4.091,5.039,4.479
193.943,-4.747,7.026,13.237,22.127,2.374,5.718,3.376,5.045,6.018,4.159,5.132,4.658
193.953,-3.648,4.365,10.330,29.922,3.245,5.317,3.582,5.042,6.032,4.216,5.206,4.800
193.964,-4.259,1.482,7.457,2.773,3.976,5.083,3.574,5.028,6.027,4.250,5.249,4.906
193.975,-3.893,-0.733,4.732,-10.507,3.017,4.860,3.482,4.981,5.987,4.253,5.260,4.980
193.986,5.994,1.235,3.089,3.986,2.496,4.557,3.423,5.009,6.028,4.244,5.263,5.025
193.997,2.454,1.231,2.467,5.089,1.933,4.220,3.417,5.019,6.053,4.245,5.279,5.056
194.007,-10.973,-0.910,1.558,-8.235,1.865,3.922,3.344,4.955,6.001,4.233,5.279,5.076
194.018,0.135,-0.270,0.800,-1.007,1.089,3.577,3.268,4.934,5.996,4.205,5.266,5.083
194.029,-3.038,-0.641,0.348,2.011,1.711,3.299,3.276,4.905,5.977,4.181,5.254,5.082
194.040,4.407,-0.263,-0.018,-5.223,1.075,3.039,3.192,4.863,5.945,4.152,5.234,5.073
194.050,-4.137,-0.088,0.063,3.203,1.324,2.789,3.197,4.847,5.938,4.130,5.222,5.061
194.061,6.361,0.435,-0.083,-2.542,1.103,2.578,3.157,4.813,5.911,4.104,5.202,5.046
194.072,-2.306,1.208,0.320,2.120,1.081,2.370,3.155,4.803,5.907,4.088,5.193,5.031
194.082,5.994,2.538,0.944,-0.311,1.081,2.199,3.188,4.827,5.935,4.085,5.193,5.020
194.093,-0.352,2.379,1.544,0.838,0.955,2.033,3.180,4.818,5.930,4.087,5.199,5.015
194.104,0.379,1.406,1.680,0.612,0.987,1.890,3.173,4.800,5.914,4.085,5.200,5.012
194.115,2.576,0.927,1.370,0.399,0.866,1.754,3.142,4.766,5.882,4.070,5.186,5.007
194.125,-2.794,0.683,1.186,0.990,0.921,1.637,3.127,4.739,5.855,4.055,5.171,4.998
194.136,0.989,0.629,1.027,0.221,0.826,1.531,3.110,4.718,5.834,4.038,5.154,4.986
194.147,-7.677,-0.309,0.831,1.218,0.845,1.433,3.094,4.692,5.808,4.019,5.135,4.972
194.157,-5.480,0.069,0.543,0.257,0.816,1.351,3.068,4.659,5.773,3.993,5.107,4.953
194.168,1.966,0.406,0.449,0.748,0.766,1.271,3.059,4.643,5.756,3.970,5.083,4.933
194.179,2.821,1.236,0.649,0.543,0.757,1.201,3.060,4.635,5.746,3.953,5.064,4.912
194.189,9.901,1.616,0.916,0.468,0.711,1.135,3.052,4.620,5.728,3.941,5.049,4.893
194.200,1.722,1.165,1.110,0.706,0.700,1.074,3.055,4.615,5.721,3.932,5.038,4.877
194.211,1.478,0.794,0.951,0.595,0.687,1.020,3.023,4.575,5.677,3.914,5.016,4.860
194.221,1.966,1.105,1.008,0.787,0.695,0.974,3.023,4.565,5.663,3.899,4.997,4.842
194.232,0.257,1.039,1.049,0.760,0.689,0.934,3.011,4.545,5.639,3.884,4.979,4.825
194.243,-2.550,0.728,0.972,0.419,0.652,0.896,2.992,4.518,5.609,3.868,4.959,4.807
194.253,-0.841,0.520,0.873,0.715,0.647,0.861,2.974,4.492,5.579,3.849,4.936,4.788
194.264,-2.794,0.559,0.812,0.422,0.640,0.831,2.962,4.471,5.553,3.830,4.913,4.767
194.274,-2.061,0.934,0.835,0.712,0.649,0.805,2.957,4.457,5.534,3.813,4.890,4.747
194.285,5.262,2.049,1.207,0.676,0.646,0.782,2.976,4.467,5.540,3.804,4.877,4.728
194.295,-2.306,1.643,1.449,0.669,0.640,0.762,2.956,4.439,5.507,3.797,4.865,4.712
194.306,2.576,0.774,1.291,0.463,0.631,0.744,2.924,4.399,5.462,3.783,4.846,4.698
194.317,0.867,-0.218,0.816,0.548,0.621,0.727,2.873,4.340,5.398,3.758,4.816,4.679
194.327,-0.597,-0.072,0.406,0.835,0.640,0.713,2.836,4.293,5.346,3.728,4.781,4.656
194.338,1.600,0.566,0.459,0.835,0.638,0.702,2.843,4.292,5.339,3.708,4.755,4.630
194.349,-3.038,0.178,0.474,0.709,0.623,0.691,2.819,4.260,5.302,3.687,4.730,4.606
194.359,0.623,-0.967,-0.056,0.670,0.620,0.681,2.761,4.193,5.230,3.654,4.691,4.579
194.370,0.745,0.035,-0.095,0.503,0.609,0.671,2.761,4.186,5.217,3.626,4.657,4.548
194.381,-1.451,0.266,0.079,0.380,0.603,0.663,2.745,4.162,5.188,3.603,4.629,4.518
194.391,6.849,1.306,0.270,0.546,0.611,0.655,2.739,4.147,5.168,3.582,4.603,4.490
194.402,4.407,0.746,0.441,0.672,0.607,0.648,2.714,4.113,5.129,3.566,4.582,4.465
194.412,0.623,1.011,0.676,0.421,0.596,0.641,2.720,4.111,5.122,3.553,4.563,4.442
194.423,5.140,2.308,1.083,0.672,0.599,0.635,2.739,4.123,5.128,3.544,4.549,4.422
194.433,-1.451,1.361,1.268,0.546,0.594,0.630,2.707,4.082,5.081,3.536,4.536,4.405
194.444,0.379,1.876,1.473,0.628,0.601,0.625,2.715,4.082,5.076,3.530,4.524,4.391
194.455,8.070,2.027,1.550,0.420,0.575,0.619,2.709,4.069,5.058,3.522,4.511,4.378
194.465,4.774,0.764,1.220,0.588,0.578,0.614,2.658,4.010,4.993,3.506,4.490,4.364
194.476,-1.085,0.013,0.835,0.505,0.570,0.608,2.624,3.968,4.947,3.484,4.463,4.345
194.487,3.675,0.377,0.569,0.591,0.550,0.601,2.608,3.946,4.919,3.460,4.433,4.323
194.497,6.727,0.809,0.573,0.419,0.549,0.594,2.611,3.941,4.909,3.442,4.410,4.301
194.508,1.478,-0.063,0.469,0.629,0.563,0.589,2.575,3.896,4.859,3.421,4.384,4.278
194.519,-1.451,0.303,0.409,0.377,0.561,0.585,2.574,3.887,4.844,3.400,4.357,4.253
194.529,3.553,0.197,0.328,0.838,0.584,0.584,2.569,3.873,4.825,3.379,4.331,4.229
194.540,-1.695,0.558,0.438,0.586,0.580,0.584,2.564,3.860,4.807,3.360,4.307,4.204
194.550,4.774,0.513,0.420,0.548,0.583,0.583,2.546,3.835,4.776,3.341,4.282,4.180
194.561,4.285,0.204,0.389,0.545,0.587,0.584,2.545,3.825,4.761,3.323,4.258,4.157
194.571,0.013,0.594,0.502,0.672,0.603,0.586,2.554,3.826,4.756,3.306,4.236,4.133
194.582,1.111,0.067,0.285,0.545,0.594,0.587,2.502,3.767,4.692,3.281,4.206,4.109
194.593,-2.916,-0.034,0.078,0.587,0.588,0.588,2.464,3.722,4.641,3.254,4.174,4.083
194.603,-0.719,0.019,0.136,0.753,0.604,0.589,2.455,3.704,4.618,3.233,4.147,4.056
194.614,-5.113,-0.212,0.222,0.589,0.598,0.590,2.445,3.687,4.596,3.214,4.123,4.031
194.624,-10.362,-1.108,-0.066,0.629,0.604,0.592,2.401,3.635,4.539,3.185,4.089,4.004
194.635,-3.770,-1.096,-0.414,0.670,0.605,0.593,2.376,3.602,4.501,3.152,4.050,3.974
194.646,-4.137,-0.818,-0.511,0.838,0.613,0.595,2.364,3.583,4.476,3.122,4.015,3.942
194.656,1.478,0.157,-0.311,0.378,0.608,0.598,2.364,3.575,4.463,3.097,3.985,3.910
194.667,5.384,0.419,-0.151,0.462,0.607,0.600,2.348,3.552,4.435,3.076,3.958,3.881
194.678,-8.409,-0.205,0.046,0.380,0.595,0.600,2.313,3.510,4.387,3.057,3.934,3.854
194.688,-5.235,-1.042,-0.160,0.505,0.599,0.600,2.271,3.461,4.333,3.030,3.902,3.827
194.699,4.285,-0.300,-0.333,0.753,0.605,0.600,2.252,3.435,4.302,2.999,3.866,3.798
194.709,-0.475,0.015,-0.250,0.546,0.588,0.599,2.238,3.414,4.276,2.976,3.838,3.769
194.720,-1.573,-1.026,-0.413,0.628,0.590,0.598,2.193,3.361,4.218,2.948,3.805,3.740
194.731,-5.602,-1.831,-0.811,0.296,0.582,0.597,2.145,3.307,4.159,2.912,3.764,3.707
194.741,-2.672,-1.989,-1.129,0.462,0.589,0.596,2.116,3.270,4.117,2.874,3.721,3.672
194.752,-0.230,-1.357,-1.424,0.296,0.571,0.594,2.082,3.230,4.073,2.831,3.674,3.632
194.762,-1.207,-1.419,-1.390,0.628,0.569,0.590,2.046,3.187,4.024,2.796,3.633,3.592
194.773,1.600,-0.717,-1.250,0.377,0.546,0.585,2.033,3.168,4.000,2.763,3.596,3.553
194.784,1.600,0.628,-0.685,0.630,0.558,0.580,2.052,3.179,4.008,2.744,3.572,3.518
194.794,-5.724,-0.460,-0.381,0.586,0.553,0.577,2.022,3.143,3.966,2.726,3.550,3.488
194.805,-2.916,-0.903,-0.509,0.668,0.554,0.572,1.980,3.094,3.913,2.698,3.516,3.459
194.816,4.407,0.109,-0.509,0.716,0.556,0.569,1.963,3.070,3.884,2.669,3.484,3.429
194.826,-5.602,0.603,-0.088,0.460,0.548,0.567,1.955,3.055,3.865,2.654,3.463,3.401
194.837,3.919,2.082,0.543,0.714,0.546,0.563,1.989,3.082,3.887,2.648,3.453,3.379
194.847,-3.526,0.870,0.741,0.626,0.552,0.561,1.961,3.047,3.848,2.642,3.442,3.363
194.858,8.924,1.216,0.751,0.586,0.559,0.561,1.963,3.042,3.838,2.630,3.426,3.347
194.869,-0.963,0.575,0.725,0.631,0.578,0.562,1.931,3.002,3.792,2.618,3.408,3.331
194.879,3.187,1.038,0.833,0.753,0.574,0.564,1.947,3.012,3.798,2.609,3.395,3.315
194.890,-1.939,0.056,0.702,0.629,0.588,0.567,1.920,2.977,3.758,2.596,3.377,3.300
194.900,5.018,1.340,0.744,0.590,0.582,0.569,1.936,2.987,3.763,2.583,3.359,3.284
194.911,2.576,0.312,0.606,0.629,0.583,0.571,1.894,2.938,3.709,2.568,3.340,3.268
194.922,0.867,0.600,0.480,0.632,0.588,0.573,1.881,2.918,3.684,2.551,3.318,3.250
194.932,3.797,0.946,0.580,0.420,0.575,0.574,1.882,2.913,3.675,2.540,3.301,3.232
194.943,-2.306,0.470,0.632,0.670,0.584,0.575,1.875,2.899,3.656,2.529,3.286,3.216
194.953,1.111,0.902,0.760,0.712,0.581,0.576,1.874,2.892,3.644,2.518,3.271,3.200
194.964,-1.939,0.102,0.561,0.713,0.583,0.576,1.832,2.843,3.591,2.502,3.250,3.183
194.975,2.821,0.305,0.387,0.587,0.571,0.576,1.819,2.824,3.568,2.483,3.227,3.165
194.985,-2.794,-0.544,0.293,0.463,0.561,0.575,1.799,2.798,3.537,2.467,3.206,3.146
194.996,1.600,-0.450,-0.049,0.755,0.590,0.575,1.782,2.773,3.507,2.442,3.176,3.125
195.007,-5.846,-0.721,-0.249,0.588,0.593,0.578,1.740,2.724,3.454,2.415,3.145,3.100
195.017,-0.352,-0.420,-0.314,0.211,0.578,0.580,1.733,2.712,3.437,2.392,3.118,3.075
195.028,4.041,-0.343,-0.412,0.630,0.598,0.582,1.711,2.682,3.403,2.368,3.088,3.048
195.038,2.332,-0.418,-0.5