R
Px,Ix,Dx,Py,Iy,Dy,Pz,Iz,FFrx,FFry,FFdrx,FFdry,satI,satPID,DTermC,GparamC,AparamC,KFQAng,KFQbias,KFRmeas,CPx,CIx,CPy,CIy,CsatI,CsatPID,CFFdrx,CFFdry
175,25,1900,200,25,2100,500,150,0,0,0,0,7,75,10,10.0,32.0,0.000100,0.003000,20,0,0,0,0,10,75,0,0
sysTime,GRawX,GPT1X,GPT2X,aRawR,aPT1R,aPT2R,aKFRawR,aKFPT10R,aKFPT20R,aKFPT11R,aKFPT21R,aKFPT22R
219.985,6.605,0.136,0.100,0.585,0.497,0.489,0.538,0.536,0.535,0.503,0.502,0.506
219.996,0.135,-0.023,-0.014,0.503,0.488,0.489,0.512,0.511,0.510,0.496,0.495,0.503
220.006,-1.695,0.020,-0.004,0.421,0.480,0.488,0.500,0.499,0.498,0.492,0.491,0.499
220.017,-0.475,-0.239,-0.021,0.462,0.482,0.487,0.494,0.493,0.492,0.488,0.487,0.495
220.028,2.088,-0.429,-0.188,0.795,0.485,0.486,0.474,0.473,0.472,0.479,0.478,0.490
220.039,3.187,-0.279,-0.357,0.590,0.488,0.486,0.463,0.461,0.460,0.469,0.468,0.483
220.049,-4.015,-0.462,-0.251,0.463,0.478,0.485,0.458,0.457,0.456,0.464,0.463,0.477
220.060,-3.038,-1.350,-0.540,0.589,0.493,0.485,0.433,0.432,0.431,0.452,0.451,0.469
220.071,0.135,-0.865,-0.753,0.461,0.486,0.486,0.421,0.420,0.419,0.436,0.435,0.458
220.081,0.867,-0.735,-0.773,0.378,0.463,0.483,0.407,0.407,0.406,0.423,0.422,0.447
220.092,0.867,-0.009,-0.633,0.461,0.450,0.479,0.413,0.414,0.413,0.415,0.414,0.435
220.103,3.309,0.178,-0.365,0.337,0.458,0.477,0.419,0.419,0.418,0.412,0.412,0.427
220.113,1.600,0.374,-0.163,0.504,0.443,0.473,0.421,0.421,0.421,0.411,0.410,0.421
220.124,5.140,0.471,0.049,0.628,0.455,0.470,0.425,0.425,0.425,0.412,0.411,0.417
220.135,2.943,1.222,0.350,0.462,0.452,0.467,0.441,0.442,0.441,0.416,0.416,0.416
220.146,2.088,1.179,0.720,0.336,0.451,0.466,0.461,0.461,0.461,0.428,0.428,0.418
220.156,2.698,0.940,0.754,0.380,0.465,0.466,0.454,0.454,0.453,0.433,0.433,0.423
220.167,-5.968,-0.253,0.544,0.294,0.463,0.467,0.419,0.419,0.419,0.433,0.432,0.427
220.178,-0.841,-0.845,0.145,0.671,0.467,0.466,0.405,0.405,0.405,0.425,0.425,0.427
220.188,5.384,-0.312,-0.215,0.544,0.476,0.466,0.399,0.398,0.398,0.413,0.412,0.423
220.199,3.187,0.285,-0.022,0.378,0.475,0.468,0.431,0.431,0.430,0.413,0.413,0.419
220.210,4.041,1.172,0.306,0.548,0.461,0.467,0.462,0.462,0.462,0.418,0.418,0.417
220.220,2.943,1.277,0.702,0.421,0.467,0.467,0.483,0.483,0.483,0.430,0.430,0.419
220.231,1.966,0.406,0.659,0.503,0.465,0.466,0.475,0.475,0.475,0.435,0.435,0.424
220.242,1.478,0.057,0.518,0.337,0.463,0.466,0.478,0.478,0.478,0.436,0.436,0.427
220.252,-1.817,0.605,0.531,0.547,0.471,0.466,0.491,0.491,0.491,0.437,0.437,0.429
220.263,0.867,0.893,0.567,0.422,0.480,0.468,0.503,0.502,0.502,0.441,0.441,0.431
220.274,4.774,1.058,0.660,0.378,0.462,0.468,0.507,0.507,0.507,0.446,0.446,0.434
220.285,0.989,1.417,0.858,0.503,0.463,0.467,0.516,0.516,0.516,0.454,0.454,0.439
220.295,0.623,0.838,0.863,0.337,0.455,0.467,0.503,0.503,0.503,0.460,0.460,0.445
220.306,4.530,0.487,0.749,0.336,0.451,0.465,0.504,0.504,0.504,0.464,0.464,0.450
220.317,-4.137,-0.793,0.315,0.543,0.466,0.464,0.465,0.465,0.465,0.458,0.457,0.452
220.327,11.976,1.288,0.375,0.632,0.470,0.464,0.508,0.507,0.507,0.456,0.456,0.452
220.338,0.745,0.919,0.548,0.377,0.469,0.465,0.492,0.492,0.491,0.461,0.461,0.453
220.349,-2.672,-0.277,0.379,0.419,0.467,0.466,0.459,0.459,0.458,0.460,0.460,0.455
220.359,1.966,1.080,0.468,0.463,0.474,0.467,0.495,0.494,0.494,0.462,0.461,0.456
220.370,-6.822,-0.167,0.452,0.631,0.483,0.468,0.459,0.458,0.458,0.463,0.463,0.457
220.381,-3.160,-0.919,0.017,0.379,0.477,0.470,0.429,0.428,0.428,0.453,0.452,0.456
220.391,7.948,-0.015,-0.221,0.798,0.476,0.470,0.431,0.431,0.430,0.442,0.441,0.451
220.402,-1.085,0.313,0.016,0.295,0.462,0.470,0.442,0.442,0.441,0.442,0.442,0.447
220.413,-0.841,-0.212,-0.052,0.419,0.459,0.468,0.423,0.424,0.423,0.437,0.437,0.443
220.424,-2.916,-0.671,-0.169,0.629,0.465,0.467,0.404,0.404,0.404,0.430,0.430,0.439
220.434,1.600,-0.046,-0.190,0.295,0.464,0.468,0.417,0.417,0.417,0.424,0.424,0.433
220.445,-1.939,-0.159,-0.111,0.461,0.457,0.466,0.405,0.406,0.405,0.420,0.420,0.428
220.456,2.821,0.727,-0.025,0.420,0.452,0.464,0.399,0.400,0.399,0.415,0.415,0.423
220.466,-2.794,0.252,0.195,0.460,0.443,0.461,0.392,0.393,0.393,0.418,0.418,0.421
220.477,-2.550,-0.318,0.199,0.501,0.447,0.459,0.391,0.391,0.391,0.418,0.418,0.420
220.488,4.163,-0.084,0.025,0.379,0.445,0.457,0.393,0.394,0.394,0.412,0.412,0.418
220.498,2.454,1.287,0.296,0.295,0.444,0.456,0.431,0.432,0.432,0.415,0.416,0.416
220.509,-3.038,0.529,0.570,0.418,0.448,0.455,0.434,0.435,0.435,0.425,0.425,0.418
220.520,6.727,-0.293,0.260,0.254,0.430,0.453,0.419,0.420,0.421,0.421,0.422,0.419
220.530,-2.916,-0.719,-0.027,0.505,0.463,0.453,0.410,0.410,0.411,0.414,0.414,0.418
220.541,-2.672,-0.299,-0.159,0.504,0.461,0.454,0.425,0.425,0.425,0.407,0.407,0.413
220.552,-5.480,-1.095,-0.294,0.378,0.471,0.457,0.407,0.406,0.406,0.399,0.399,0.408
220.563,-1.451,0.070,-0.265,0.377,0.472,0.460,0.428,0.428,0.428,0.392,0.392,0.401
220.573,-3.526,1.371,0.214,0.461,0.488,0.463,0.459,0.458,0.457,0.397,0.397,0.397
220.584,5.140,0.923,0.397,0.337,0.473,0.466,0.440,0.440,0.440,0.402,0.402,0.397
220.595,6.361,1.218,0.599,0.547,0.469,0.466,0.447,0.446,0.446,0.408,0.408,0.399
220.605,-0.108,-0.187,0.415,0.462,0.463,0.466,0.411,0.410,0.410,0.408,0.408,0.402
220.616,7.703,0.118,0.044,0.546,0.463,0.466,0.391,0.391,0.391,0.398,0.398,0.401
220.627,2.088,1.172,0.347,0.335,0.464,0.465,0.428,0.428,0.427,0.403,0.403,0.400
220.637,-1.695,0.219,0.443,0.505,0.466,0.465,0.422,0.422,0.422,0.409,0.409,0.401
220.648,-6.456,-0.699,0.156,0.546,0.463,0.465,0.387,0.387,0.387,0.402,0.402,0.401
220.659,-0.230,0.803,0.230,0.422,0.455,0.464,0.409,0.410,0.409,0.400,0.400,0.399
220.669,4.774,1.227,0.454,0.547,0.456,0.463,0.425,0.425,0.425,0.405,0.405,0.400
220.680,-1.329,0.800,0.585,0.503,0.466,0.463,0.413,0.412,0.412,0.411,0.411,0.402
220.691,0.135,1.044,0.739,0.588,0.464,0.462,0.437,0.437,0.437,0.419,0.419,0.406
220.701,-1.695,-0.015,0.527,0.379,0.453,0.462,0.408,0.408,0.408,0.419,0.419,0.410
220.712,1.600,0.907,0.581,0.379,0.438,0.459,0.427,0.428,0.428,0.421,0.421,0.412
220.723,-4.625,1.118,0.880,0.338,0.437,0.456,0.449,0.450,0.451,0.431,0.432,0.417
220.734,-2.306,1.270,1.083,0.378,0.452,0.456,0.471,0.472,0.472,0.444,0.444,0.425
220.745,-2.061,0.466,0.948,0.420,0.461,0.456,0.457,0.457,0.457,0.449,0.449,0.433
220.757,3.553,0.876,0.827,0.795,0.468,0.457,0.467,0.467,0.467,0.451,0.451,0.439
220.768,7.459,1.735,1.021,0.462,0.467,0.458,0.517,0.516,0.517,0.464,0.464,0.446
220.779,1.722,1.263,1.121,0.422,0.455,0.458,0.510,0.511,0.511,0.476,0.476,0.454
220.791,-1.329,0.184,0.982,0.547,0.456,0.457,0.489,0.490,0.490,0.481,0.481,0.463
220.802,6.605,0.490,0.718,0.337,0.449,0.457,0.488,0.489,0.489,0.478,0.478,0.468
220.813,-2.794,-0.198,0.495,0.377,0.449,0.456,0.455,0.456,0.456,0.474,0.475,0.471
220.825,1.600,-0.207,0.243,0.295,0.444,0.455,0.449,0.450,0.451,0.467,0.468,0.471
220.836,3.675,0.264,0.167,0.589,0.447,0.454,0.461,0.462,0.462,0.463,0.464,0.469
220.847,-0.108,-0.267,0.070,0.506,0.439,0.452,0.442,0.443,0.444,0.459,0.459,0.467
220.858,7.703,0.547,0.045,0.783,0.452,0.451,0.455,0.456,0.456,0.454,0.454,0.463
220.869,4.652,0.993,0.284,0.548,0.372,0.445,0.470,0.474,0.475,0.458,0.459,0.461
220.881,4.774,1.461,0.542,0.250,0.407,0.438,0.482,0.485,0.486,0.465,0.467,0.462
220.892,-2.916,0.154,0.574,0.975,0.422,0.434,0.452,0.454,0.455,0.470,0.472,0.465
220.903,-6.334,-0.759,0.298,-0.199,0.467,0.436,0.429,0.429,0.430,0.465,0.466,0.466
220.914,-0.841,-1.109,-0.116,-1.201,0.392,0.434,0.393,0.396,0.397,0.449,0.450,0.463
220.926,-0.719,-0.636,-0.354,-0.985,0.347,0.426,0.383,0.388,0.390,0.434,0.435,0.456
220.937,-6.456,-1.414,-0.593,-4.015,0.221,0.413,0.335,0.347,0.349,0.417,0.420,0.446
220.948,-1.085,-0.925,-0.762,0.779,0.223,0.390,0.326,0.338,0.341,0.399,0.402,0.435
220.959,2.210,-0.634,-0.835,1.557,0.277,0.373,0.313,0.322,0.326,0.383,0.387,0.422
220.970,-0.230,-0.470,-0.796,3.671,0.338,0.363,0.306,0.311,0.316,0.371,0.376,0.409
220.981,-2.916,0.491,-0.396,3.413,0.404,0.364,0.344,0.346,0.351,0.371,0.376,0.398
220.992,3.797,0.931,-0.040,-0.715,0.381,0.370,0.355,0.358,0.362,0.375,0.379,0.392
221.002,5.140,2.062,0.512,-0.693,0.373,0.371,0.396,0.400,0.404,0.388,0.392,0.391
221.013,3.187,1.357,0.764,-1.072,0.304,0.365,0.380,0.387,0.391,0.399,0.404,0.395
221.024,9.901,1.784,0.962,-0.552,0.252,0.350,0.409,0.418,0.423,0.411,0.416,0.400
221.036,0.867,2.039,1.338,5.358,0.397,0.347,0.449,0.451,0.457,0.431,0.436,0.410
221.047,-2.306,0.474,1.163,2.430,0.479,0.359,0.406,0.405,0.409,0.437,0.442,0.420
221.058,-1.451,-0.552,0.687,-0.623,0.438,0.373,0.360,0.361,0.365,0.431,0.435,0.426
221.069,-5.357,0.542,0.673,6.662,0.721,0.397,0.427,0.414,0.417,0.434,0.437,0.429
221.080,-2.550,0.886,0.737,4.893,0.820,0.446,0.450,0.431,0.432,0.442,0.442,0.433
221.090,-1.939,-0.058,0.573,3.930,0.883,0.494,0.423,0.402,0.400,0.444,0.442,0.437
221.101,0.623,0.306,0.431,5.838,0.932,0.539,0.432,0.408,0.404,0.444,0.440,0.439
221.112,3.919,0.607,0.342,4.866,1.117,0.602,0.434,0.401,0.394,0.444,0.437,0.440
221.123,4.774,0.182,0.193,1.372,1.019,0.653,0.394,0.365,0.356,0.442,0.433,0.440
221.134,3.797,0.820,0.262,6.387,1.184,0.703,0.408,0.371,0.359,0.445,0.433,0.440
221.145,4.652,0.569,0.375,-2.528,1.036,0.752,0.407,0.377,0.363,0.453,0.439,0.442
221.156,3.431,1.361,0.624,0.337,1.020,0.782,0.444,0.416,0.400,0.465,0.449,0.445
221.167,3.187,0.692,0.656,-2.055,0.934,0.806,0.426,0.402,0.384,0.474,0.456,0.451
221.178,-7.677,-0.731,0.442,-1.869,0.716,0.804,0.383,0.369,0.352,0.474,0.457,0.456
221.189,-1.817,-0.314,0.191,6.192,0.792,0.795,0.399,0.382,0.365,0.468,0.451,0.458
221.199,7.093,0.082,0.010,1.422,0.779,0.793,0.396,0.379,0.363,0.462,0.445,0.457
221.210,-2.428,-0.545,-0.086,7.392,1.068,0.810,0.386,0.355,0.338,0.458,0.441,0.455
221.221,0.989,0.527,0.017,-2.043,1.074,0.848,0.406,0.376,0.356,0.459,0.440,0.453
221.232,-1.695,0.853,0.274,1.005,1.034,0.869,0.425,0.397,0.377,0.468,0.448,0.454
221.243,3.919,1.449,0.574,-3.708,0.905,0.885,0.451,0.429,0.408,0.480,0.460,0.458
221.254,1.234,1.126,0.755,0.125,0.826,0.876,0.456,0.438,0.418,0.493,0.472,0.465
221.265,-6.822,0.526,0.772,2.832,0.766,0.862,0.442,0.426,0.407,0.500,0.480,0.472
221.276,0.257,1.220,0.843,4.741,0.889,0.861,0.468,0.447,0.427,0.508,0.488,0.479
221.286,2.088,0.205,0.732,1.938,0.940,0.871,0.452,0.428,0.408,0.514,0.494,0.487
221.297,5.628,0.468,0.554,0.448,0.741,0.862,0.432,0.419,0.399,0.513,0.493,0.493
221.308,-2.428,0.597,0.636,-0.662,0.677,0.852,0.448,0.438,0.419,0.520,0.501,0.498
221.319,-5.724,0.164,0.569,-0.366,0.750,0.851,0.435,0.421,0.402,0.523,0.504,0.503
221.330,-1.451,1.096,0.654,-0.460,0.946,0.869,0.473,0.447,0.428,0.529,0.510,0.508
221.341,-2.672,1.503,0.937,-4.709,1.053,0.905,0.503,0.472,0.451,0.545,0.524,0.516
221.352,-1.451,0.118,0.824,1.098,0.920,0.920,0.483,0.458,0.436,0.555,0.533,0.525
221.363,-1.451,-0.857,0.420,-2.505,0.970,0.937,0.447,0.420,0.397,0.550,0.527,0.531
221.373,-2.550,-0.366,0.156,8.195,0.741,0.912,0.453,0.438,0.417,0.544,0.522,0.533
221.384,2.332,-0.245,0.030,3.464,0.626,0.876,0.457,0.448,0.428,0.539,0.519,0.533
221.395,3.187,-0.203,-0.209,-8.256,0.441,0.845,0.420,0.420,0.402,0.527,0.509,0.530
221.406,-2.061,-0.508,-0.326,-7.526,0.479,0.830,0.386,0.384,0.367,0.518,0.500,0.525
221.417,-9.386,-0.543,-0.285,-1.105,0.452,0.803,0.374,0.373,0.357,0.511,0.495,0.520
221.428,1.356,-0.991,-0.559,-4.171,0.475,0.767,0.338,0.336,0.322,0.496,0.482,0.514
221.439,-4.991,-0.727,-0.603,-7.140,0.380,0.748,0.334,0.337,0.324,0.485,0.472,0.506
221.450,-0.475,-0.448,-0.498,7.638,0.387,0.709,0.345,0.349,0.338,0.478,0.467,0.498
221.461,1.966,-0.240,-0.503,-1.751,0.253,0.660,0.321,0.332,0.324,0.467,0.459,0.490
221.472,3.797,1.355,-0.157,7.143,0.194,0.609,0.345,0.357,0.351,0.465,0.459,0.483
221.483,-2.794,1.084,0.335,8.855,0.271,0.539,0.367,0.376,0.374,0.475,0.473,0.482
221.494,-0.841,1.460,0.579,-2.448,0.364,0.521,0.369,0.375,0.374,0.481,0.480,0.483
221.505,-4.503,0.895,0.880,4.620,0.564,0.512,0.400,0.397,0.397,0.496,0.496,0.489
221.516,0.867,0.929,0.824,-3.344,0.460,0.532,0.403,0.405,0.403,0.502,0.501,0.495
221.527,11.244,0.675,0.694,7.575,0.573,0.529,0.408,0.407,0.405,0.505,0.504,0.500
221.538,3.919,1.746,0.888,5.176,0.588,0.531,0.455,0.452,0.450,0.515,0.514,0.505
221.549,-1.817,1.982,1.250,2.450,0.636,0.514,0.478,0.473,0.473,0.533,0.532,0.514
221.560,1.111,2.195,1.533,0.938,0.742,0.560,0.513,0.503,0.500,0.556,0.553,0.527
221.571,8.314,3.266,2.013,-7.303,0.234,0.538,0.567,0.579,0.577,0.585,0.583,0.543
221.583,-10.485,0.888,2.039,16.359,0.831,0.522,0.545,0.529,0.528,0.606,0.605,0.563
221.594,-6.212,-0.951,1.296,-18.861,0.580,0.562,0.485,0.491,0.488,0.604,0.601,0.579
221.605,-9.142,-0.898,0.669,2.729,0.536,0.548,0.460,0.471,0.469,0.591,0.588,0.586
221.617,2.821,0.107,0.317,18.393,1.332,0.622,0.502,0.489,0.482,0.585,0.578,0.587
221.628,3.797,0.504,0.323,-19.019,0.781,0.672,0.487,0.509,0.500,0.588,0.579,0.588
221.639,16.981,3.586,1.075,-5.899,0.277,0.612,0.609,0.647,0.642,0.611,0.605,0.592
221.651,-1.817,0.708,1.182,23.742,0.924,0.611,0.548,0.554,0.548,0.625,0.620,0.602
221.662,5.262,0.631,0.930,20.415,1.747,0.730,0.599,0.564,0.552,0.634,0.622,0.612
221.674,-18.053,-0.641,0.682,-3.459,1.283,0.819,0.565,0.536,0.520,0.639,0.622,0.618
221.685,7.337,0.072,0.269,-41.163,-0.299,0.769,0.450,0.521,0.507,0.625,0.611,0.621
221.696,-18.419,-4.442,-0.563,-19.028,-0.861,0.608,0.310,0.380,0.374,0.593,0.588,0.617
221.708,7.337,0.910,-0.562,-22.101,-1.410,0.373,0.423,0.513,0.520,0.563,0.570,0.604
221.719,8.558,3.775,0.567,-2.493,-1.129,0.190,0.515,0.611,0.628,0.577,0.594,0.598
221.730,15.882,3.449,1.309,10.779,-0.193,0.099,0.566,0.606,0.628,0.599,0.621,0.603
221.742,-5.480,0.098,1.304,22.717,0.298,0.106,0.528,0.522,0.544,0.612,0.633,0.612
221.753,-1.451,0.488,1.046,16.692,1.536,0.231,0.572,0.530,0.545,0.615,0.630,0.618
221.764,19.056,3.198,1.309,32.937,2.176,0.423,0.714,0.615,0.619,0.637,0.642,0.625
221.776,-1.695,3.895,2.195,12.904,2.320,0.648,0.808,0.702,0.694,0.691,0.683,0.642
221.787,6.605,6.303,3.549,6.070,2.324,0.837,1.001,0.893,0.875,0.770,0.753,0.673
221.799,1.111,9.373,5.514,7.462,2.268,1.010,1.257,1.141,1.115,0.885,0.859,0.724
221.810,31.508,14.008,7.628,-23.529,1.165,1.105,1.473,1.407,1.375,1.021,0.989,0.797
221.821,25.404,18.017,10.660,-40.853,0.456,1.056,1.730,1.729,1.700,1.206,1.177,0.900
221.833,33.827,20.990,13.372,-8.379,0.043,0.961,1.963,1.975,1.952,1.407,1.384,1.034
221.844,27.968,21.080,15.811,-44.671,-0.563,0.845,2.161,2.216,2.199,1.635,1.618,1.198
221.856,21.254,19.108,17.129,-35.976,-2.069,0.549,2.227,2.391,2.389,1.842,1.840,1.380
221.867,18.690,15.805,17.016,-37.223,-3.983,0.104,2.253,2.478,2.501,2.005,2.028,1.568
221.879,16.127,12.339,15.689,-43.474,-4.411,-0.395,2.232,2.475,2.525,2.110,2.160,1.738
221.890,-4.869,7.259,13.557,-29.380,-5.160,-0.940,2.112,2.383,2.462,2.166,2.245,1.884
221.902,3.675,6.160,11.405,-12.316,-5.060,-1.416,2.126,2.382,2.486,2.192,2.296,1.999
221.913,11.854,6.216,9.704,-11.681,-5.184,-1.876,2.144,2.391,2.519,2.204,2.332,2.088
221.924,12.586,9.556,9.411,8.444,-4.510,-2.238,2.323,2.529,2.676,2.244,2.392,2.161
221.936,-1.207,7.783,8.938,31.654,-3.352,-2.440,2.319,2.469,2.627,2.286,2.444,2.230
221.947,-4.137,5.163,7.840,30.650,-1.170,-2.381,2.299,2.359,2.513,2.312,2.466,2.288
221.959,-0.597,5.492,6.979,30.054,-0.565,-2.213,2.329,2.356,2.500,2.338,2.483,2.335
221.970,-12.804,0.851,5.491,19.836,0.208,-1.941,2.216,2.220,2.350,2.348,2.478,2.371
221.982,-5.968,-2.248,3.327,21.357,0.277,-1.705,2.072,2.103,2.219,2.316,2.433,2.387
221.993,-4.503,-2.821,1.484,9.512,0.342,-1.455,2.006,2.043,2.145,2.270,2.372,2.381
222.005,-6.822,-4.193,-0.187,13.571,0.654,-1.215,1.919,1.938,2.027,2.211,2.299,2.356
222.016,-16.710,-7.264,-1.982,10.004,0.435,-1.024,1.747,1.781,1.859,2.130,2.208,2.315
222.027,-11.827,-7.159,-3.518,-3.684,-0.035,-0.885,1.648,1.706,1.776,2.034,2.104,2.255
222.039,-10.973,-8.417,-4.907,-6.162,-0.451,-0.816,1.499,1.565,1.630,1.926,1.992,2.180
222.050,-5.724,-7.050,-5.609,-0.704,-0.409,-0.778,1.459,1.525,1.587,1.825,1.888,2.096
222.061,-9.752,-8.192,-6.388,-1.398,-0.225,-0.720,1.302,1.363,1.422,1.712,1.771,2.001
222.073,-12.194,-9.589,-7.240,1.616,0.158,-0.634,1.147,1.194,1.249,1.589,1.643,1.897
222.084,-19.762,-11.472,-8.357,10.165,0.752,-0.505,0.991,1.009,1.056,1.459,1.506,1.788
222.095,-16.954,-13.937,-9.800,7.558,1.056,-0.330,0.801,0.805,0.841,1.307,1.344,1.663
222.107,-12.194,-14.280,-11.229,-3.313,0.946,-0.170,0.627,0.626,0.653,1.135,1.163,1.522
222.119,-5.602,-14.210,-12.278,-10.584,0.561,-0.069,0.454,0.460,0.481,0.960,0.981,1.369
222.130,-11.095,-14.251,-12.937,-22.567,0.086,-0.010,0.272,0.289,0.307,0.784,0.803,1.206
222.142,1.234,-11.533,-12.797,-35.253,-1.470,-0.114,0.133,0.223,0.247,0.617,0.642,1.040
222.154,-10.118,-12.166,-12.421,-39.119,-3.690,-0.420,-0.097,0.083,0.125,0.452,0.494,0.874
222.167,-16.588,-12.897,-12.432,-32.806,-5.226,-0.884,-0.342,-0.106,-0.037,0.259,0.328,0.704
222.177,-7.799,-12.940,-12.508,-20.537,-5.923,-1.337,-0.479,-0.237,-0.141,0.095,0.191,0.564
222.189,-12.804,-13.763,-12.900,-42.458,-6.365,-1.838,-0.744,-0.489,-0.364,-0.123,0.002,0.385
222.201,-10.729,-13.345,-13.076,-16.746,-6.644,-2.378,-0.943,-0.681,-0.524,-0.342,-0.185,0.199
222.212,-23.180,-14.068,-13.203,-6.735,-6.514,-2.747,-1.128,-0.876,-0.697,-0.519,-0.339,0.047
222.224,-13.170,-14.624,-13.513,14.702,-5.515,-3.116,-1.281,-1.093,-0.893,-0.737,-0.537,-0.144
222.236,-14.147,-14.919,-14.077,32.026,-4.163,-3.307,-1.463,-1.359,-1.148,-0.964,-0.753,-0.343
222.249,1.234,-13.763,-14.333,9.923,-2.828,-3.287,-1.616,-1.569,-1.359,-1.175,-0.965,-0.548
222.261,-7.066,-11.835,-13.774,-11.697,-2.058,-3.166,-1.713,-1.703,-1.502,-1.349,-1.148,-0.748
222.271,-26.476,-11.754,-13.045,32.166,-1.333,-3.069,-1.739,-1.774,-1.579,-1.467,-1.272,-0.901
222.281,-11.583,-10.233,-12.471,1.696,-0.673,-2.851,-1.797,-1.856,-1.674,-1.579,-1.398,-1.045
222.294,-23.180,-9.627,-11.377,10.238,-0.567,-2.615,-1.874,-1.922,-1.756,-1.693,-1.526,-1.211
222.304,15.638,-6.254,-10.543,-13.599,-0.781,-2.431,-1.885,-1.926,-1.771,-1.777,-1.623,-1.333
222.316,-5.113,-1.931,-8.062,-14.579,-1.491,-2.286,-1.809,-1.821,-1.676,-1.820,-1.675,-1.462
222.326,12.342,-0.212,-6.195,20.901,-1.249,-2.238,-1.705,-1.737,-1.595,-1.830,-1.688,-1.543
222.337,2.454,0.054,-4.651,36.180,0.183,-2.081,-1.621,-1.717,-1.585,-1.828,-1.696,-1.608
222.347,25.282,2.593,-3.328,-21.867,0.057,-1.842,-1.599,-1.682,-1.564,-1.820,-1.702,-1.656
222.357,40.786,4.904,-1.918,-51.878,-1.324,-1.752,-1.658,-1.667,-1.555,-1.803,-1.691,-1.690
222.368,4.774,7.591,0.454,15.924,-1.449,-1.779,-1.469,-1.462,-1.349,-1.732,-1.619,-1.702
222.378,6.239,8.596,2.405,39.888,-0.046,-1.682,-1.298,-1.360,-1.253,-1.648,-1.542,-1.691
222.389,2.332,8.018,3.902,-9.356,0.263,-1.477,-1.213,-1.274,-1.181,-1.551,-1.457,-1.661
222.399,15.882,9.445,5.151,-29.651,-0.725,-1.375,-1.083,-1.136,-1.049,-1.459,-1.372,-1.618
222.410,-3.648,8.596,6.316,6.717,-1.045,-1.370,-0.954,-1.006,-0.919,-1.358,-1.271,-1.561
222.420,8.558,6.013,6.341,22.148,-0.371,-1.315,-0.930,-1.032,-0.949,-1.290,-1.207,-1.499
222.431,0.867,4.172,5.800,3.610,0.029,-1.196,-0.979,-1.097,-1.022,-1.246,-1.171,-1.441
222.441,11.854,3.702,5.142,1.960,0.162,-1.082,-0.994,-1.117,-1.048,-1.214,-1.146,-1.391
222.451,7.703,4.238,4.752,-23.882,-0.285,-0.983,-1.018,-1.106,-1.044,-1.180,-1.118,-1.346
222.463,-12.316,3.216,4.673,-7.209,-1.092,-0.976,-0.989,-1.049,-0.988,-1.127,-1.066,-1.291
222.473,-12.438,1.463,4.086,-21.296,-1.597,-1.004,-1.052,-1.087,-1.024,-1.110,-1.047,-1.252
222.483,10.389,0.863,3.207,-3.241,-1.963,-1.100,-1.076,-1.123,-1.054,-1.115,-1.046,-1.221
222.496,-9.874,-0.169,2.506,-20.827,-2.145,-1.176,-1.024,-1.094,-1.021,-1.109,-1.036,-1.192
222.508,0.135,1.999,2.273,-2.100,-2.654,-1.344,-0.917,-0.967,-0.884,-1.104,-1.022,-1.170
222.518,7.215,2.976,2.290,-41.084,-4.062,-1.528,-0.959,-0.961,-0.867,-1.103,-1.009,-1.155
222.528,-0.841,4.957,3.042,12.987,-4.320,-1.832,-0.802,-0.820,-0.707,-1.078,-0.966,-1.137
222.541,5.994,5.865,3.908,-36.774,-3.132,-1.941,-0.715,-0.764,-0.646,-1.031,-0.912,-1.107
222.553,7.948,6.383,4.796,-55.129,-3.312,-2.006,-0.613,-0.660,-0.538,-0.966,-0.844,-1.066
222.565,6.849,4.400,4.834,-40.145,-3.980,-2.169,-0.630,-0.661,-0.530,-0.927,-0.795,-1.020
222.575,4.774,4.173,4.645,21.179,-3.832,-2.345,-0.626,-0.667,-0.524,-0.911,-0.769,-0.986
222.588,-6.700,4.345,4.722,12.460,-2.935,-2.441,-0.518,-0.625,-0.477,-0.878,-0.730,-0.947
222.600,-1.451,3.780,4.587,24.431,-2.062,-2.453,-0.451,-0.606,-0.457,-0.845,-0.697,-0.909
222.612,-14.635,1.846,4.232,19.904,-1.076,-2.350,-0.410,-0.612,-0.471,-0.813,-0.672,-0.872
222.625,26.747,-0.434,2.630,7.167,-0.265,-2.147,-0.442,-0.680,-0.552,-0.821,-0.694,-0.848
222.637,6.971,-0.545,1.353,2.935,0.325,-1.883,-0.475,-0.731,-0.621,-0.840,-0.729,-0.841
222.647,14.906,1.903,1.214,8.109,0.604,-1.675,-0.395,-0.659,-0.562,-0.834,-0.736,-0.840
222.658,13.929,3.762,1.634,-6.222,0.351,-1.482,-0.326,-0.581,-0.496,-0.806,-0.720,-0.836
222.668,12.953,4.532,2.246,1.523,0.211,-1.344,-0.264,-0.518,-0.441,-0.766,-0.690,-0.826
222.680,-5.724,3.232,2.727,2.534,0.454,-1.141,-0.255,-0.525,-0.461,-0.720,-0.656,-0.806
222.691,-6.578,1.687,2.692,0.547,0.503,-0.947,-0.241,-0.520,-0.469,-0.684,-0.633,-0.783
222.703,0.501,3.316,3.039,-7.874,0.340,-0.786,-0.101,-0.390,-0.349,-0.640,-0.599,-0.757
222.714,22.474,8.564,4.349,-19.190,-0.281,-0.697,0.136,-0.132,-0.097,-0.564,-0.529,-0.721
222.726,17.958,9.209,5.712,-31.841,-0.895,-0.668,0.203,-0.030,0.002,-0.470,-0.438,-0.669
222.738,11.854,7.015,6.247,-32.130,-2.116,-0.733,0.199,-0.001,0.035,-0.390,-0.353,-0.603
222.750,-14.879,4.798,6.196,-24.406,-3.740,-1.004,0.130,-0.002,0.050,-0.340,-0.286,-0.535
222.762,-21.471,3.020,5.711,-6.815,-4.950,-1.457,0.100,0.007,0.088,-0.322,-0.240,-0.476
222.774,-9.996,3.051,4.982,-31.772,-7.309,-2.017,0.046,0.011,0.126,-0.334,-0.219,-0.432
222.786,-14.147,2.456,4.520,-5.834,-7.773,-2.721,0.029,-0.003,0.153,-0.358,-0.201,-0.399
222.797,-9.386,-0.259,3.373,-33.580,-9.127,-3.407,-0.143,-0.120,0.076,-0.413,-0.216,-0.382
222.809,-3.648,-2.360,1.649,-28.482,-9.718,-4.121,-0.356,-0.296,-0.056,-0.512,-0.273,-0.388
222.821,-7.921,-5.662,-0.375,-20.295,-9.846,-4.790,-0.607,-0.529,-0.249,-0.643,-0.363,-0.421
222.832,-10.118,-8.627,-2.687,-9.840,-9.079,-5.331,-0.800,-0.761,-0.449,-0.802,-0.490,-0.483
222.844,6.239,-11.426,-5.532,4.962,-8.012,-5.695,-1.036,-1.070,-0.736,-1.002,-0.669,-0.579
222.856,-4.503,-12.422,-7.795,17.391,-6.605,-5.859,-1.183,-1.318,-0.975,-1.204,-0.862,-0.706
222.867,-11.583,-11.735,-8.928,24.410,-4.644,-5.791,-1.202,-1.456,-1.119,-1.377,-1.040,-0.851
222.879,7.826,-7.023,-8.784,29.720,-2.487,-5.487,-1.059,-1.438,-1.122,-1.504,-1.188,-1.000
222.891,12.464,-0.541,-6.778,35.287,-0.087,-4.952,-0.796,-1.297,-1.016,-1.547,-1.266,-1.131
222.902,14.295,3.043,-4.134,57.276,3.358,-4.165,-0.545,-1.194,-0.965,-1.518,-1.288,-1.228
222.914,2.821,5.665,-1.131,34.930,5.597,-3.115,-0.286,-1.022,-0.860,-1.419,-1.257,-1.284
222.925,4.774,8.125,1.768,55.483,8.338,-1.917,0.038,-0.806,-0.719,-1.274,-1.187,-1.296
222.937,8.680,7.579,3.643,54.382,8.931,-0.709,0.172,-0.677,-0.666,-1.119,-1.107,-1.271
222.949,-16.466,3.141,3.952,45.965,9.142,0.418,0.125,-0.716,-0.774,-0.993,-1.051,-1.224
222.960,-19.640,1.148,3.532,29.898,8.728,1.413,0.158,-0.652,-0.772,-0.891,-1.010,-1.171
222.972,6.117,2.094,2.898,-3.619,7.868,2.228,0.213,-0.547,-0.716,-0.810,-0.979,-1.119
222.984,3.065,-0.861,1.717,-35.244,5.672,2.743,0.037,-0.608,-0.807,-0.765,-0.965,-1.073
222.995,-3.648,0.455,1.281,-52.856,2.466,2.856,-0.014,-0.517,-0.723,-0.734,-0.941,-1.034
223.007,9.779,4.665,2.156,-61.708,-1.270,2.534,0.037,-0.313,-0.499,-0.692,-0.877,-0.994
223.019,15.516,2.839,2.372,-60.747,-4.130,1.855,-0.163,-0.357,-0.500,-0.682,-0.825,-0.950
223.030,8.070,0.232,1.841,-57.990,-5.037,1.147,-0.325,-0.452,-0.550,-0.704,-0.802,-0.915
223.042,-1.817,2.576,2.037,-38.769,-5.683,0.413,-0.289,-0.378,-0.429,-0.721,-0.773,-0.888
223.052,-10.607,1.727,2.184,-16.483,-5.943,-0.146,-0.307,-0.388,-0.405,-0.729,-0.746,-0.867
223.063,-5.846,0.462,1.886,-13.495,-5.980,-0.665,-0.348,-0.455,-0.440,-0.754,-0.739,-0.851
223.073,14.173,-0.425,1.250,-6.388,-5.861,-1.152,-0.399,-0.524,-0.479,-0.797,-0.752,-0.843
223.083,-4.747,0.004,1.090,25.798,-4.991,-1.556,-0.309,-0.490,-0.421,-0.823,-0.754,-0.841
223.094,-9.142,-0.777,0.765,24.685,-3.278,-1.783,-0.280,-0.535,-0.453,-0.851,-0.768,-0.844
223.105,-4.991,-1.505,0.175,28.541,-1.543,-1.814,-0.318,-0.630,-0.546,-0.884,-0.800,-0.852
223.115,-13.414,-2.909,-0.429,15.265,-0.409,-1.700,-0.379,-0.707,-0.630,-0.912,-0.835,-0.866
223.125,-16.222,-3.502,-1.001,-0.758,0.022,-1.526,-0.393,-0.735,-0.669,-0.940,-0.874,-0.885
223.136,-16.954,-4.549,-1.755,-29.533,-1.281,-1.466,-0.579,-0.832,-0.769,-0.989,-0.927,-0.911
223.146,-3.770,-4.115,-2.380,-30.175,-2.650,-1.534,-0.691,-0.882,-0.816,-1.049,-0.983,-0.944
223.157,1.722,-2.387,-2.527,-30.143,-3.662,-1.701,-0.729,-0.887,-0.811,-1.104,-1.028,-0.982
223.167,-4.625,-3.434,-2.665,-21.748,-4.400,-1.926,-0.825,-0.971,-0.882,-1.160,-1.071,-1.021
223.178,2.454,-4.481,-3.083,-27.495,-5.170,-2.207,-0.943,-1.067,-0.962,-1.232,-1.126,-1.065
223.188,-6.944,-4.263,-3.272,-21.958,-5.568,-2.530,-1.001,-1.099,-0.974,-1.304,-1.179,-1.113
223.199,-5.724,-5.159,-3.626,12.988,-4.982,-2.814,-1.068,-1.187,-1.046,-1.383,-1.242,-1.166
223.209,-4.015,-6.284,-4.280,29.485,-3.492,-2.946,-1.148,-1.328,-1.179,-1.472,-1.324,-1.225
223.220,-11.217,-6.539,-4.747,22.015,-2.151,-2.908,-1.193,-1.400,-1.254,-1.551,-1.405,-1.291
223.230,-1.817,-6.479,-5.166,4.755,-1.533,-2.788,-1.217,-1.453,-1.314,-1.624,-1.486,-1.359
223.242,-6.822,-6.940,-5.658,-25.884,-2.216,-2.657,-1.305,-1.525,-1.395,-1.710,-1.580,-1.443
223.254,-13.170,-9.356,-6.468,-38.417,-4.226,-2.754,-1.498,-1.654,-1.519,-1.820,-1.685,-1.530
223.266,-13.414,-10.264,-7.665,-33.001,-6.343,-3.142,-1.728,-1.835,-1.678,-1.978,-1.820,-1.633
223.277,-14.757,-10.290,-8.488,-0.032,-7.235,-3.677,-1.931,-2.007,-1.818,-2.150,-1.961,-1.750
223.289,-12.560,-8.990,-8.888,30.387,-6.399,-4.120,-2.075,-2.184,-1.970,-2.321,-2.106,-1.880
223.301,-11.095,-7.554,-8.384,33.576,-4.455,-4.273,-2.035,-2.239,-2.016,-2.440,-2.217,-2.007
223.312,0.257,-6.160,-7.939,13.829,-2.819,-4.154,-2.017,-2.311,-2.096,-2.539,-2.324,-2.128
223.324,0.501,-4.659,-6.941,-18.879,-2.908,-3.978,-2.010,-2.294,-2.092,-2.604,-2.401,-2.237
223.336,5.506,-4.887,-6.523,-34.847,-4.013,-3.908,-2.167,-2.395,-2.197,-2.683,-2.486,-2.337
223.346,-0.597,-3.822,-5.926,-34.669,-4.650,-3.955,-2.242,-2.421,-2.221,-2.747,-2.548,-2.420
223.357,-2.428,-2.757,-5.205,-35.047,-5.714,-4.083,-2.311,-2.448,-2.241,-2.805,-2.598,-2.496
223.367,-0.230,-1.511,-4.356,-25.350,-5.993,-4.247,-2.306,-2.453,-2.236,-2.852,-2.636,-2.563
223.378,16.249,1.026,-3.385,-16.956,-5.997,-4.396,-2.276,-2.446,-2.221,-2.890,-2.664,-2.622
223.388,34.926,4.182,-1.902,-21.094,-5.768,-4.516,-2.153,-2.335,-2.103,-2.890,-2.658,-2.668
223.399,23.329,5.177,-0.250,9.480,-4.397,-4.545,-1.969,-2.240,-2.007,-2.858,-2.625,-2.696
223.409,10.511,6.408,1.319,44.659,-1.543,-4.370,-1.742,-2.141,-1.920,-2.803,-2.582,-2.708
223.420,-6.212,5.317,2.506,51.129,0.827,-3.989,-1.603,-2.095,-1.899,-2.730,-2.534,-2.703
223.430,21.620,5.902,3.048,24.802,2.280,-3.431,-1.539,-2.064,-1.904,-2.663,-2.503,-2.688
223.441,-3.160,3.940,3.461,-24.487,0.445,-3.027,-1.616,-2.058,-1.924,-2.597,-2.463,-2.664
223.451,-4.869,3.462,3.581,-34.660,-1.327,-2.830,-1.637,-2.024,-1.903,-2.553,-2.432,-2.637
223.462,25.893,3.107,3.244,-19.055,-1.886,-2.739,-1.673,-2.039,-1.924,-2.533,-2.418,-2.610
223.472,-3.160,2.510,3.217,1.217,-1.692,-2.656,-1.627,-2.003,-1.894,-2.502,-2.393,-2.585
223.482,11.122,2.044,2.885,-4.289,-1.617,-2.560,-1.620,-2.001,-1.898,-2.483,-2.381,-2.561
223.493,-12.316,0.986,2.512,-6.801,-1.882,-2.492,-1.682,-2.055,-1.957,-2.475,-2.377,-2.542
223.503,-12.682,0.418,2.172,7.469,-1.620,-2.435,-1.665,-2.054,-1.960,-2.467,-2.373,-2.525
223.514,-15.123,0.902,1.882,10.935,-1.010,-2.336,-1.656,-2.066,-1.979,-2.462,-2.376,-2.512
223.524,-11.217,-0.090,1.444,8.730,-0.231,-2.169,-1.700,-2.134,-2.059,-2.459,-2.384,-2.502
223.535,1.966,1.616,1.503,2.041,0.148,-1.971,-1.570,-2.015,-1.953,-2.434,-2.372,-2.492
223.545,17.469,3.832,1.857,-8.899,-0.104,-1.799,-1.482,-1.907,-1.857,-2.399,-2.349,-2.479
223.556,6.117,5.988,2.825,0.502,-0.165,-1.658,-1.335,-1.755,-1.713,-2.336,-2.295,-2.457
223.566,21.498,7.334,3.668,-0.107,-0.099,-1.513,-1.262,-1.679,-1.647,-2.269,-2.237,-2.426
223.576,12.098,8.266,4.789,-22.580,-0.657,-1.393,-1.126,-1.541,-1.517,-2.179,-2.155,-2.383
223.587,20.887,10.263,5.981,-45.963,-1.914,-1.388,-1.017,-1.371,-1.348,-2.083,-2.059,-2.327
223.598,32.362,12.412,7.376,-16.963,-2.696,-1.520,-0.875,-1.168,-1.136,-1.974,-1.942,-2.259
223.608,19.545,12.739,8.672,30.253,-1.790,-1.623,-0.698,-1.029,-0.991,-1.854,-1.816,-2.178
223.619,6.849,11.362,9.508,35.060,-0.080,-1.546,-0.537,-0.932,-0.900,-1.725,-1.693,-2.085
223.631,12.709,10.869,9.770,-10.665,1.079,-1.218,-0.482,-0.898,-0.887,-1.589,-1.578,-1.970
223.641,-2.306,9.874,10.090,39.781,2.691,-0.946,-0.283,-0.753,-0.760,-1.460,-1.466,-1.871
223.652,-7.189,8.941,9.909,36.984,4.141,-0.518,-0.192,-0.696,-0.731,-1.340,-1.375,-1.768
223.662,-3.282,5.907,9.101,-2.908,4.258,-0.049,-0.238,-0.719,-0.785,-1.239,-1.304,-1.668
223.672,-0.963,4.992,8.144,-33.593,3.027,0.296,-0.267,-0.688,-0.775,-1.161,-1.248,-1.576
223.683,6.605,4.538,7.236,-48.603,1.382,0.443,-0.351,-0.655,-0.752,-1.102,-1.199,-1.492
223.693,-2.794,3.022,6.305,-18.145,0.420,0.445,-0.458,-0.673,-0.770,-1.062,-1.159,-1.418
223.704,-4.747,1.926,5.366,16.692,0.477,0.423,-0.454,-0.671,-0.766,-1.033,-1.129,-1.354
223.714,-11.949,0.652,4.273,10.796,0.762,0.450,-0.504,-0.738,-0.835,-1.022,-1.119,-1.302
223.725,-0.597,0.527,3.421,-15.593,0.389,0.475,-0.491,-0.708,-0.806,-1.007,-1.106,-1.259
223.735,-11.949,-1.225,2.439,-17.182,-0.319,0.422,-0.596,-0.778,-0.873,-1.014,-1.109,-1.227
223.746,21.620,-0.386,1.519,10.321,-0.301,0.328,-0.584,-0.766,-0.855,-1.031,-1.120,-1.205
223.756,-9.264,-0.296,1.232,25.890,0.483,0.311,-0.507,-0.725,-0.813,-1.025,-1.113,-1.189
223.767,10.145,1.131,1.031,2.046,0.806,0.371,-0.456,-0.682,-0.773,-1.018,-1.109,-1.176
223.777,23.695,2.682,1.163,-13.549,0.241,0.393,-0.420,-0.622,-0.715,-1.000,-1.093,-1.162
223.788,-4.625,1.822,1.377,-7.413,-0.278,0.336,-0.469,-0.654,-0.743,-0.982,-1.071,-1.147
223.798,-0.352,1.123,1.443,9.412,-0.216,0.271,-0.451,-0.635,-0.719,-0.966,-1.050,-1.130
223.808,-9.752,-0.373,1.165,-2.033,-0.311,0.229,-0.503,-0.679,-0.761,-0.963,-1.044,-1.115
223.819,20.521,-0.379,0.473,-12.479,-0.614,0.163,-0.599,-0.753,-0.830,-0.986,-1.063,-1.108
223.829,-6.334,0.158,0.549,15.799,-0.108,0.116,-0.495,-0.682,-0.755,-0.979,-1.053,-1.101
223.840,-9.020,-1.731,0.113,26.055,0.643,0.141,-0.535,-0.767,-0.843,-0.989,-1.064,-1.098
223.850,1.356,-1.793,-0.367,-2.879,0.777,0.202,-0.545,-0.780,-0.859,-1.002,-1.082,-1.099
223.861,-8.409,-3.010,-0.947,-4.942,0.205,0.214,-0.646,-0.860,-0.940,-1.029,-1.109,-1.105
223.871,-21.837,-4.788,-1.728,25.957,0.781,0.228,-0.760,-0.984,-1.065,-1.070,-1.151,-1.119
223.882,-13.048,-5.176,-2.576,20.976,1.907,0.346,-0.802,-1.075,-1.164,-1.117,-1.206,-1.141
223.892,-23.913,-5.984,-3.304,-19.682,1.552,0.477,-0.918,-1.177,-1.275,-1.165,-1.263,-1.170
223.903,4.163,-5.597,-4.036,-41.592,-0.358,0.459,-1.080,-1.251,-1.347,-1.230,-1.326,-1.207
223.913,-10.973,-5.725,-4.319,-21.854,-1.636,0.304,-1.190,-1.284,-1.369,-1.289,-1.374,-1.247
223.923,-2.306,-4.688,-4.554,22.421,-1.316,0.140,-1.203,-1.341,-1.415,-1.355,-1.430,-1.292
223.934,6.361,-3.035,-4.352,22.030,-0.614,0.033,-1.154,-1.336,-1.403,-1.401,-1.468,-1.337
223.945,-10.240,-2.108,-3.758,37.759,1.387,0.081,-1.044,-1.316,-1.386,-1.419,-1.489,-1.378
223.955,-26.720,-3.434,-3.428,43.808,2.699,0.275,-1.034,-1.376,-1.459,-1.428,-1.511,-1.412
223.966,-14.269,-3.229,-3.417,-17.194,1.291,0.420,-1.180,-1.438,-1.531,-1.453,-1.546,-1.444
223.976,1.111,-2.254,-3.242,-33.505,-0.813,0.367,-1.265,-1.448,-1.537,-1.482,-1.572,-1.475
223.987,-6.822,-1.238,-2.799,-22.846,-1.658,0.206,-1.294,-1.457,-1.535,-1.508,-1.586,-1.503
223.997,16.371,1.065,-2.166,-25.184,-2.391,0.003,-1.303,-1.427,-1.492,-1.525,-1.590,-1.526
224.008,11.122,3.077,-1.016,-11.854,-2.818,-0.255,-1.255,-1.346,-1.393,-1.517,-1.564,-1.540
224.018,7.948,4.961,0.450,31.443,-2.148,-0.475,-1.080,-1.211,-1.242,-1.481,-1.513,-1.541
224.029,1.600,6.105,1.819,27.827,-1.252,-0.558,-0.929,-1.126,-1.152,-1.428,-1.454,-1.529
224.039,16.737,7.299,3.038,-13.743,-1.428,-0.605,-0.827,-1.025,-1.048,-1.364,-1.386,-1.503
224.049,13.685,8.927,4.449,7.002,-1.429,-0.708,-0.664,-0.866,-0.881,-1.282,-1.298,-1.464
224.060,11.122,10.496,5.869,38.267,-0.325,-0.723,-0.451,-0.713,-0.727,-1.181,-1.196,-1.411
224.071,-2.061,9.313,6.828,6.119,0.184,-0.630,-0.384,-0.672,-0.694,-1.078,-1.099,-1.345
224.081,-3.038,6.476,6.955,-29.724,-0.601,-0.576,-0.430,-0.697,-0.722,-0.999,-1.024,-1.275
224.091,4.041,6.244,6.788,-28.030,-1.690,-0.642,-0.400,-0.659,-0.679,-0.943,-0.963,-1.207
224.102,-2.916,6.709,6.834,-28.504,-2.624,-0.790,-0.358,-0.587,-0.597,-0.887,-0.898,-1.140
224.112,17.591,6.641,6.756,-31.020,-3.447,-1.015,-0.358,-0.523,-0.518,-0.839,-0.834,-1.074
224.123,1.844,6.915,6.982,23.116,-3.215,-1.257,-0.224,-0.398,-0.377,-0.780,-0.759,-1.008
224.133,6.361,5.980,6.724,52.154,-1.671,-1.367,-0.122,-0.409,-0.381,-0.736,-0.708,-0.946
224.144,-1.207,4.899,6.324,20.367,-0.456,-1.290,-0.062,-0.420,-0.397,-0.688,-0.666,-0.887
224.154,-3.160,4.224,5.953,-17.614,-0.834,-1.201,-0.027,-0.378,-0.362,-0.641,-0.624,-0.832
224.165,-3.770,3.851,5.466,-14.758,-1.532,-1.218,-0.053,-0.382,-0.364,-0.612,-0.595,-0.783
224.175,-0.475,5.022,5.359,4.395,-1.603,-1.263,0.022,-0.301,-0.280,-0.576,-0.555,-0.737
224.186,-3.282,4.918,5.255,-10.869,-1.782,-1.292,0.019,-0.296,-0.273,-0.540,-0.517,-0.692
224.196,-6.944,4.426,5.249,-17.971,-2.209,-1.363,0.044,-0.247,-0.220,-0.501,-0.474,-0.648
224.206,7.459,4.320,4.950,10.769,-1.595,-1.402,0.093,-0.244,-0.215,-0.475,-0.446,-0.607
224.217,5.872,4.143,4.711,5.120,-1.162,-1.384,0.138,-0.235,-0.207,-0.446,-0.418,-0.569
224.227,-2.061,4.104,4.580,-1.382,-1.275,-1.376,0.150,-0.221,-0.193,-0.416,-0.389,-0.533
224.238,-5.968,3.980,4.435,24.247,-0.487,-1.336,0.190,-0.229,-0.205,-0.388,-0.363,-0.499
224.248,-23.424,2.156,4.078,1.923,0.170,-1.210,0.140,-0.303,-0.288,-0.363,-0.347,-0.466
224.259,11.366,1.222,3.275,-45.517,-1.291,-1.162,0.014,-0.356,-0.344,-0.362,-0.350,-0.440
224.269,-9.630,1.291,2.955,-27.871,-2.866,-1.288,-0.076,-0.323,-0.302,-0.362,-0.341,-0.420
224.280,-20.861,-1.654,2.129,57.172,-1.608,-1.361,-0.038,-0.441,-0.415,-0.381,-0.355,-0.406
224.290,-24.645,-3.921,0.854,27.535,0.034,-1.273,-0.068,-0.578,-0.558,-0.419,-0.400,-0.405
224.301,-17.321,-4.649,-0.438,-10.353,-0.780,-1.206,-0.212,-0.682,-0.668,-0.475,-0.460,-0.416
224.311,-24.035,-6.340,-1.685,-20.858,-1.865,-1.233,-0.371,-0.813,-0.797,-0.544,-0.528,-0.441
224.321,-9.508,-7.099,-2.910,-27.747,-3.056,-1.352,-0.516,-0.902,-0.878,-0.631,-0.607,-0.478
224.332,-0.963,-7.725,-4.054,-9.520,-3.826,-1.555,-0.645,-0.996,-0.958,-0.732,-0.694,-0.528
224.342,-12.194,-9.412,-5.312,19.724,-3.066,-1.707,-0.780,-1.183,-1.134,-0.849,-0.801,-0.592
224.353,-20.250,-10.559,-6.410,-2.008,-2.707,-1.787,-0.875,-1.314,-1.260,-0.967,-0.914,-0.669
224.363,-17.931,-11.629,-7.586,-2.864,-2.888,-1.883,-1.042,-1.478,-1.418,-1.102,-1.041,-0.757
224.375,-16.100,-13.217,-9.305,11.506,-1.338,-1.901,-1.251,-1.744,-1.683,-1.275,-1.214,-0.877
224.387,8.192,-10.527,-10.256,30.479,-0.253,-1.759,-1.313,-1.872,-1.822,-1.428,-1.377,-1.009
224.399,0.013,-9.813,-10.227,39.634,0.779,-1.499,-1.342,-1.990,-1.958,-1.541,-1.508,-1.140
224.410,14.295,-6.245,-9.441,6.211,1.258,-1.167,-1.265,-1.959,-1.950,-1.617,-1.608,-1.264
224.423,-0.230,-4.203,-8.025,-24.351,0.747,-0.867,-1.226,-1.926,-1.938,-1.662,-1.674,-1.376
224.435,1.844,-1.686,-6.315,-17.004,-0.468,-0.775,-1.230,-1.869,-1.887,-1.691,-1.710,-1.467
224.445,3.187,0.007,-4.888,-38.140,-2.096,-0.849,-1.287,-1.839,-1.852,-1.707,-1.720,-1.527
224.455,16.249,1.170,-3.647,14.440,-1.883,-0.982,-1.285,-1.843,-1.848,-1.719,-1.724,-1.572
224.466,15.760,2.572,-2.428,12.694,-1.415,-1.020,-1.239,-1.843,-1.845,-1.716,-1.718,-1.606
224.476,-0.475,3.261,-0.949,-17.435,-2.198,-1.093,-1.195,-1.766,-1.763,-1.687,-1.684,-1.625
224.487,10.511,4.021,0.137,-5.156,-2.439,-1.222,-1.173,-1.740,-1.728,-1.666,-1.655,-1.633
224.497,-10.485,4.167,1.260,3.877,-2.205,-1.316,-1.121,-1.698,-1.680,-1.631,-1.613,-1.630
224.507,15.882,6.845,2.483,-15.823,-2.453,-1.400,-0.979,-1.541,-1.518,-1.581,-1.557,-1.615
224.518,24.306,7.325,3.519,6.483,-2.400,-1.511,-0.911,-1.473,-1.442,-1.526,-1.495,-1.589
224.529,10.023,9.695,5.195,13.322,-1.391,-1.541,-0.717,-1.334,-1.301,-1.438,-1.405,-1.545
224.541,13.319,12.291,7.099,22.529,-0.437,-1.458,-0.492,-1.175,-1.148,-1.317,-1.290,-1.481
224.553,10.267,12.118,8.527,37.915,0.445,-1.303,-0.364,-1.108,-1.092,-1.186,-1.170,-1.398
224.564,1.478,10.933,9.333,34.961,0.885,-1.085,-0.297,-1.064,-1.063,-1.054,-1.053,-1.300
224.576,16.981,12.252,10.132,26.083,1.106,-0.850,-0.098,-0.880,-0.895,-0.909,-0.924,-1.192
224.588,21.376,13.783,10.848,10.488,1.007,-0.629,0.036,-0.739,-0.769,-0.762,-0.792,-1.075
224.599,5.018,10.786,11.003,-0.336,0.617,-0.474,0.033,-0.715,-0.756,-0.624,-0.665,-0.951
224.611,-9.142,6.890,10.079,-8.087,0.114,-0.391,-0.046,-0.748,-0.794,-0.526,-0.573,-0.831
224.623,9.535,6.773,8.960,-10.637,-0.732,-0.409,-0.050,-0.699,-0.744,-0.460,-0.505,-0.727
224.634,3.797,5.548,7.998,-16.812,-1.493,-0.514,-0.097,-0.704,-0.742,-0.407,-0.445,-0.635
224.646,18.934,4.406,6.596,-16.378,-1.914,-0.647,-0.172,-0.767,-0.796,-0.386,-0.414,-0.560
224.658,18.446,4.878,5.778,-24.522,-2.170,-0.796,-0.153,-0.729,-0.748,-0.359,-0.378,-0.499
224.669,-2.428,1.912,4.884,-27.326,-2.303,-0.948,-0.217,-0.784,-0.792,-0.342,-0.351,-0.447
224.681,-7.677,-0.574,3.555,-24.770,-2.329,-1.092,-0.297,-0.853,-0.852,-0.354,-0.353,-0.410
224.692,-2.794,0.620,2.670,-4.365,-2.064,-1.212,-0.249,-0.821,-0.812,-0.370,-0.361,-0.390
224.704,10.877,0.699,1.828,4.045,-1.391,-1.252,-0.268,-0.872,-0.861,-0.390,-0.378,-0.380
224.716,7.826,-1.167,0.785,11.751,-0.501,-1.187,-0.339,-0.988,-0.981,-0.416,-0.410,-0.381
224.727,-7.433,-2.435,-0.063,15.316,0.294,-1.044,-0.341,-1.041,-1.044,-0.441,-0.444,-0.391
224.739,-9.752,-1.724,-0.365,2.576,0.369,-0.875,-0.269,-0.979,-0.993,-0.452,-0.466,-0.405
224.751,-6.212,-1.607,-0.746,-19.530,-0.349,-0.767,-0.323,-0.972,-0.994,-0.472,-0.493,-0.423
224.762,-18.053,-4.663,-1.436,-26.132,-1.006,-0.766,-0.477,-1.063,-1.085,-0.510,-0.531,-0.445
224.774,-5.235,-5.274,-2.431,-31.065,-1.654,-0.832,-0.564,-1.113,-1.130,-0.575,-0.592,-0.478
224.785,9.168,-3.077,-2.894,-14.645,-2.210,-0.986,-0.582,-1.130,-1.136,-0.644,-0.651,-0.521
224.797,8.802,-4.778,-3.382,-23.840,-2.108,-1.091,-0.663,-1.225,-1.224,-0.709,-0.709,-0.569
224.808,-6.456,-4.705,-3.550,-30.692,-1.538,-1.133,-0.654,-1.222,-1.219,-0.765,-0.762,-0.621
224.820,-1.817,-0.517,-2.781,-29.335,-1.478,-1.136,-0.529,-1.106,-1.103,-0.794,-0.791,-0.669
224.831,1.356,-0.913,-2.120,5.792,-0.682,-1.139,-0.482,-1.135,-1.132,-0.813,-0.810,-0.708
224.842,5.384,1.639,-1.170,10.346,-0.140,-1.027,-0.341,-1.056,-1.061,-0.809,-0.814,-0.738
224.854,0.623,0.778,-0.627,36.125,0.361,-0.885,-0.307,-1.100,-1.114,-0.803,-0.817,-0.757
224.865,-6.700,1.520,0.116,19.683,0.458,-0.747,-0.221,-1.059,-1.083,-0.784,-0.808,-0.768
224.877,-0.597,1.391,0.437,-11.248,-0.221,-0.662,-0.259,-1.066,-1.096,-0.773,-0.803,-0.772
224.888,2.088,0.583,0.509,-21.075,-1.718,-0.719,-0.318,-1.086,-1.112,-0.775,-0.801,-0.773
224.899,0.745,-1.471,0.035,-18.969,-1.890,-0.844,-0.442,-1.167,-1.184,-0.800,-0.817,-0.778
224.911,-8.287,-2.497,-0.678,21.706,-0.746,-0.895,-0.499,-1.247,-1.261,-0.837,-0.851,-0.791
224.922,13.807,0.375,-0.736,-1.491,-0.770,-0.862,-0.485,-1.182,-1.198,-0.856,-0.872,-0.808
224.933,8.436,1.681,-0.183,0.235,-1.037,-0.900,-0.546,-1.151,-1.164,-0.858,-0.871,-0.822
224.945,9.290,3.920,0.792,-1.789,-0.990,-0.892,-0.473,-1.073,-1.087,-0.836,-0.850,-0.827
224.956,1.966,2.905,1.623,9.995,-0.829,-0.918,-0.435,-1.057,-1.068,-0.806,-0.818,-0.821
224.967,6.361,3.043,1.836,6.132,-0.387,-0.832,-0.372,-1.065,-1.083,-0.784,-0.802,-0.810
224.979,14.540,4.117,2.351,-33.396,-1.107,-0.844,-0.328,-1.003,-1.021,-0.755,-0.772,-0.794
224.990,-15.490,1.358,2.456,30.479,-0.284,-0.829,-0.330,-1.056,-1.075,-0.729,-0.748,-0.774
225.002,-2.184,0.204,1.808,-13.021,-0.560,-0.785,-0.398,-1.098,-1.120,-0.729,-0.751,-0.759
225.013,-15.245,-2.163,0.959,0.131,-0.658,-0.775,-0.475,-1.165,-1.188,-0.743,-0.766,-0.751
225.024,-17.809,-5.102,-0.413,-1.460,-0.613,-0.767,-0.549,-1.250,-1.273,-0.783,-0.806,-0.755
225.036,-2.916,-6.500,-2.296,3.171,-0.467,-0.719,-0.641,-1.366,-1.393,-0.857,-0.884,-0.779
225.047,-3.038,-6.112,-3.519,-16.412,-0.891,-0.726,-0.696,-1.417,-1.443,-0.933,-0.959,-0.820
225.058,-14.513,-7.080,-4.553,25.058,-0.333,-0.703,-0.776,-1.539,-1.567,-1.015,-1.043,-0.874
225.070,-4.381,-7.991,-5.683,-12.188,-0.562,-0.677,-0.907,-1.675,-1.705,-1.110,-1.140,-0.939
225.081,-3.160,-7.442,-6.306,19.484,-0.342,-0.674,-0.928,-1.729,-1.759,-1.199,-1.230,-1.012
225.093,-5.235,-7.068,-6.693,-15.818,-0.520,-0.625,-1.026,-1.827,-1.861,-1.287,-1.320,-1.092
225.104,-5.602,-6.729,-6.833,10.727,-0.540,-0.618,-1.118,-1.920,-1.955,-1.371,-1.405,-1.172
225.115,-5.968,-6.193,-6.602,10.549,-0.638,-0.638,-1.154,-1.949,-1.982,-1.442,-1.474,-1.251
225.127,-9.020,-7.463,-6.762,11.161,-0.375,-0.645,-1.234,-2.057,-2.089,-1.522,-1.554,-1.330
225.138,-8.531,-5.947,-6.549,-9.023,-0.148,-0.596,-1.238,-2.076,-2.111,-1.590,-1.626,-1.407
225.150,-0.841,-4.405,-6.116,-14.790,0.077,-0.508,-1.249,-2.083,-2.125,-1.643,-1.685,-1.479
225.161,220.356,44.743,4.203,0.279,-0.159,-0.798,0.046,-0.757,-0.782,-1.451,-1.475,-1.505
225.172,84.244,28.832,13.189,-11.929,1.253,-0.266,0.189,-0.642,-0.677,-1.024,-1.060,-1.388
225.184,-35.998,2.759,11.581,0.830,1.187,0.292,-0.680,-1.429,-1.478,-0.890,-0.939,-1.236
225.196,-50.769,-13.842,5.177,8.990,1.510,0.476,-1.213,-2.001,-2.057,-0.959,-1.015,-1.132
225.207,-45.886,-24.043,-3.008,-5.281,1.049,0.561,-1.791,-2.510,-2.569,-1.174,-1.233,-1.117
225.219,-45.032,-31.156,-11.315,49.196,1.047,0.608,-2.330,-3.054,-3.115,-1.492,-1.553,-1.197
225.230,-36.853,-33.587,-19.386,32.454,1.275,0.657,-2.648,-3.424,-3.488,-1.844,-1.907,-1.364
225.241,-29.650,-32.768,-24.688,26.419,1.439,0.741,-2.992,-3.744,-3.813,-2.188,-2.257,-1.595
225.252,-25.133,-32.380,-27.814,-18.964,1.272,0.814,-3.384,-4.068,-4.142,-2.526,-2.600,-1.871
225.263,-33.801,-32.397,-29.488,-82.586,0.990,0.838,-3.871,-4.381,-4.457,-2.850,-2.926,-2.165
225.274,-38.562,-32.716,-30.614,-4.822,0.805,0.837,-4.347,-4.699,-4.774,-3.176,-3.252,-2.473
225.285,-33.801,-31.610,-31.016,39.075,0.780,0.833,-4.566,-4.976,-5.050,-3.492,-3.567,-2.784
225.297,-29.406,-31.479,-31.287,24.082,0.683,0.821,-4.853,-5.276,-5.349,-3.806,-3.879,-3.098
225.308,-37.585,-31.760,-31.359,27.937,0.581,0.799,-5.249,-5.587,-5.656,-4.117,-4.186,-3.410
225.319,-30.016,-30.811,-31.253,70.824,0.615,0.781,-5.415,-5.874,-5.941,-4.427,-4.493,-3.725
225.330,149.187,-5.451,-27.884,-22.013,-10.425,0.420,-5.551,-5.704,-5.733,-4.699,-4.727,-4.024
225.341,431.056,147.182,18.535,-35.186,-8.811,-0.935,-1.323,-1.554,-1.475,-3.963,-3.885,-4.090
225.352,-266.840,102.477,69.291,7.893,12.055,0.157,0.743,0.396,0.441,-2.126,-2.081,-3.521
225.363,-21.105,58.886,71.762,10.108,15.840,2.772,0.831,0.466,0.421,-1.114,-1.159,-2.689
225.374,-30.138,17.801,55.841,-56.550,14.073,5.614,0.008,0.017,-0.147,-0.556,-0.720,-1.913
225.385,35.781,16.765,40.265,2.692,14.181,7.143,0.117,0.205,-0.034,-0.256,-0.497,-1.325
225.396,60.195,32.093,35.172,-5.968,13.711,8.179,0.680,0.950,0.651,0.145,-0.153,-0.842
225.407,-14.147,14.961,29.213,11.205,6.467,8.131,0.433,0.837,0.541,0.451,0.155,-0.411
225.417,21.742,15.360,23.802,-35.769,4.245,7.583,0.233,1.045,0.780,0.651,0.385,-0.054
225.428,-23.180,7.293,19.002,12.551,4.948,7.170,0.447,1.064,0.826,0.819,0.581,0.244
225.439,2.576,3.680,13.408,1.402,5.194,6.892,0.447,1.054,0.834,0.909,0.689,0.479
225.450,3.065,4.066,9.801,-8.220,3.811,6.480,0.387,1.121,0.927,0.977,0.783,0.657
225.461,4.163,2.574,7.371,11.108,4.609,6.166,0.521,1.185,1.012,1.046,0.873,0.799
225.471,0.257,-0.073,4.866,-7.051,3.132,5.837,0.453,1.180,1.029,1.084,0.933,0.911
225.482,3.675,0.993,3.278,8.236,2.618,5.393,0.441,1.223,1.101,1.102,0.980,0.995
225.493,-2.428,0.271,2.311,-0.819,2.834,5.054,0.480,1.245,1.146,1.126,1.026,1.062
225.503,-0.230,0.859,1.642,-4.372,1.734,4.644,0.417,1.255,1.182,1.137,1.063,1.115
225.514,-0.841,0.181,1.188,3.895,2.270,4.293,0.449,1.248,1.197,1.148,1.097,1.159
225.525,4.163,0.291,0.664,-3.610,1.526,3.953,0.392,1.231,1.202,1.149,1.120,1.193
225.536,1.478,0.872,0.728,4.223,1.677,3.622,0.431,1.256,1.248,1.159,1.150,1.222
225.546,-4.747,-0.759,0.354,-1.921,1.393,3.336,0.374,1.212,1.221,1.159,1.168,1.247
225.557,1.722,0.555,0.342,2.009,1.257,3.048,0.403,1.245,1.272,1.159,1.186,1.266
225.568,-0.352,0.070,0.275,-0.521,1.204,2.800,0.392,1.233,1.275,1.160,1.202,1.282
225.578,9.413,0.706,0.164,0.386,0.992,2.557,0.374,1.224,1.281,1.155,1.212,1.295
225.589,4.652,1.268,0.500,0.710,1.033,2.344,0.398,1.241,1.310,1.161,1.231,1.307
225.600,-2.184,0.386,0.585,0.169,0.867,2.146,0.373,1.222,1.303,1.165,1.247,1.319
225.610,-0.963,0.073,0.411,0.885,0.867,1.967,0.364,1.209,1.300,1.162,1.253,1.329
225.621,-2.428,-0.824,0.086,0.209,0.774,1.805,0.337,1.183,1.284,1.153,1.254,1.335
225.631,3.309,-0.972,-0.288,0.720,0.734,1.655,0.335,1.179,1.288,1.139,1.248,1.336
225.642,4.530,0.970,-0.056,0.251,0.677,1.521,0.369,1.212,1.329,1.132,1.249,1.334
225.653,-2.306,0.548,0.214,0.507,0.628,1.397,0.354,1.195,1.319,1.132,1.256,1.334
225.663,3.187,0.466,0.302,0.212,0.614,1.289,0.349,1.187,1.317,1.129,1.259,1.334
225.674,3.187,1.395,0.594,0.210,0.571,1.190,0.366,1.203,1.337,1.131,1.266,1.336
225.684,0.989,1.400,0.999,0.254,0.551,1.101,0.388,1.222,1.361,1.142,1.280,1.341
225.695,2.210,0.601,0.891,0.377,0.529,1.021,0.364,1.195,1.338,1.142,1.284,1.346
225.706,-3.770,0.096,0.728,0.505,0.520,0.950,0.355,1.183,1.329,1.139,1.285,1.350
225.716,3.065,-0.008,0.470,0.504,0.518,0.889,0.361,1.184,1.333,1.132,1.281,1.350
225.727,2.821,-0.655,0.015,0.630,0.510,0.835,0.319,1.139,1.290,1.117,1.268,1.346
225.737,-2.794,-0.249,-0.034,0.211,0.500,0.789,0.330,1.145,1.298,1.107,1.260,1.339
225.748,4.652,0.387,-0.021,0.588,0.502,0.748,0.344,1.155,1.310,1.099,1.253,1.332
225.759,3.187,1.185,0.348,0.504,0.484,0.712,0.358,1.166,1.322,1.099,1.254,1.326
225.769,-8.043,1.117,0.775,0.708,0.488,0.679,0.367,1.171,1.328,1.105,1.262,1.324
225.780,0.257,1.325,0.995,0.421,0.472,0.650,0.381,1.183,1.340,1.111,1.268,1.325
225.791,-1.451,0.795,0.973,0.252,0.452,0.624,0.372,1.170,1.328,1.113,1.271,1.328
225.801,-3.770,0.902,0.931,0.378,0.440,0.598,0.363,1.159,1.317,1.112,1.270,1.329
225.812,4.285,1.314,1.017,0.086,0.421,0.575,0.389,1.181,1.340,1.116,1.275,1.330
225.822,-1.085,0.652,0.955,0.211,0.418,0.554,0.377,1.166,1.326,1.117,1.276,1.332
225.833,-1.695,0.052,0.723,0.632,0.4