R
Px,Ix,Dx,Py,Iy,Dy,Pz,Iz,FFrx,FFry,FFdrx,FFdry,satI,satPID,DTermC,GparamC,AparamC,KFQAng,KFQbias,KFRmeas,CPx,CIx,CPy,CIy,CsatI,CsatPID,CFFdrx,CFFdry
175,25,1900,200,25,2100,500,150,0,0,0,0,7,75,10,10.0,32.0,0.000100,0.003000,20,250,1,250,1,50,500,0,0
sysTime,aRawR,aPT1R,aKFRawR,aKFPT10R,aKFPT11R
501.402,0.422,0.424,0.539,0.540,0.520
501.413,0.377,0.439,0.559,0.560,0.528
501.424,0.459,0.437,0.554,0.555,0.530
501.434,0.462,0.434,0.553,0.554,0.532
501.445,0.336,0.445,0.543,0.543,0.526
501.456,0.378,0.438,0.549,0.549,0.524
501.467,0.544,0.450,0.539,0.539,0.524
501.477,0.588,0.442,0.515,0.515,0.517
501.488,0.419,0.427,0.517,0.518,0.508
501.499,0.253,0.400,0.516,0.517,0.509
501.510,0.545,0.409,0.520,0.522,0.507
501.520,0.336,0.417,0.473,0.474,0.496
501.531,0.547,0.418,0.486,0.487,0.486
501.542,0.378,0.418,0.485,0.486,0.484
501.552,0.377,0.429,0.480,0.480,0.479
501.563,0.335,0.424,0.483,0.484,0.480
501.574,0.378,0.412,0.469,0.470,0.474
501.585,0.377,0.414,0.468,0.469,0.475
501.595,0.376,0.431,0.472,0.473,0.477
501.606,0.377,0.430,0.458,0.459,0.476
501.617,0.546,0.425,0.455,0.456,0.467
501.628,0.335,0.408,0.474,0.476,0.468
501.638,0.670,0.426,0.471,0.472,0.472
501.649,0.461,0.427,0.482,0.483,0.473
501.660,0.584,0.437,0.508,0.509,0.483
501.671,0.378,0.443,0.514,0.514,0.497
501.681,0.461,0.440,0.506,0.506,0.499
501.692,0.585,0.465,0.530,0.529,0.506
501.703,0.297,0.483,0.561,0.560,0.515
501.714,0.378,0.468,0.574,0.573,0.533
501.724,0.503,0.451,0.532,0.532,0.537
501.735,0.544,0.452,0.501,0.501,0.518
501.746,0.586,0.469,0.504,0.503,0.501
501.757,0.462,0.477,0.502,0.501,0.493
501.767,0.336,0.465,0.514,0.513,0.488
501.778,0.504,0.479,0.524,0.523,0.489
501.789,0.338,0.463,0.542,0.541,0.495
501.800,0.462,0.467,0.528,0.527,0.497
501.810,0.588,0.479,0.517,0.516,0.496
501.821,0.547,0.461,0.530,0.530,0.496
501.832,0.545,0.458,0.553,0.553,0.503
501.842,0.461,0.446,0.522,0.522,0.506
501.853,0.504,0.453,0.526,0.526,0.503
501.864,0.506,0.451,0.528,0.528,0.508
501.875,0.462,0.452,0.489,0.489,0.496
501.885,0.294,0.440,0.503,0.503,0.488
501.896,0.798,0.462,0.538,0.538,0.493
501.907,0.543,0.459,0.528,0.528,0.498
501.918,0.503,0.452,0.537,0.536,0.503
501.928,0.295,0.460,0.525,0.524,0.505
501.939,0.544,0.467,0.536,0.536,0.510
501.950,0.504,0.455,0.520,0.519,0.512
501.960,0.169,0.449,0.489,0.489,0.504
501.971,0.462,0.453,0.503,0.503,0.498
501.982,0.462,0.443,0.491,0.491,0.494
501.993,0.631,0.454,0.501,0.500,0.495
502.003,0.335,0.458,0.491,0.491,0.489
502.014,0.505,0.455,0.489,0.489,0.489
502.025,0.590,0.443,0.479,0.479,0.487
502.035,0.543,0.452,0.471,0.471,0.482
502.046,0.381,0.459,0.477,0.477,0.474
502.057,0.545,0.460,0.452,0.451,0.464
502.068,0.294,0.472,0.466,0.465,0.464
502.079,0.422,0.466,0.471,0.471,0.470
502.089,0.463,0.468,0.484,0.483,0.480
502.100,0.585,0.471,0.466,0.465,0.480
502.111,0.377,0.468,0.462,0.461,0.474
502.121,0.335,0.465,0.468,0.467,0.470
502.132,0.545,0.449,0.474,0.474,0.470
502.143,0.336,0.445,0.454,0.454,0.466
502.154,0.420,0.455,0.463,0.463,0.464
502.164,0.505,0.456,0.485,0.485,0.472
502.175,0.254,0.432,0.479,0.480,0.477
502.186,0.462,0.442,0.460,0.460,0.475
502.197,0.505,0.455,0.453,0.452,0.464
502.208,0.420,0.453,0.447,0.447,0.461
502.219,0.421,0.460,0.451,0.451,0.458
502.230,0.421,0.466,0.450,0.449,0.456
502.240,0.464,0.453,0.445,0.444,0.462
502.251,0.506,0.445,0.448,0.449,0.462
502.262,0.461,0.452,0.453,0.453,0.465
502.273,0.545,0.448,0.461,0.461,0.470
502.284,0.294,0.441,0.470,0.470,0.477
502.295,0.460,0.435,0.454,0.455,0.484
502.306,0.421,0.447,0.460,0.460,0.484
502.316,0.544,0.442,0.442,0.442,0.479
502.327,0.295,0.436,0.434,0.435,0.472
502.338,0.337,0.441,0.436,0.436,0.465
502.349,0.421,0.441,0.459,0.460,0.470
502.360,0.462,0.426,0.465,0.466,0.472
502.371,0.421,0.439,0.459,0.459,0.477
502.381,0.211,0.437,0.482,0.483,0.477
502.392,0.336,0.447,0.480,0.480,0.485
502.403,0.631,0.444,0.483,0.483,0.485
502.414,0.502,0.444,0.477,0.477,0.488
502.425,0.380,0.436,0.452,0.452,0.480
502.436,0.460,0.456,0.461,0.461,0.476
502.447,0.294,0.447,0.449,0.449,0.471
502.457,0.546,0.443,0.435,0.435,0.466
502.468,0.585,0.448,0.442,0.442,0.459
502.479,0.548,0.451,0.428,0.427,0.455
502.490,0.294,0.440,0.447,0.447,0.455
502.501,0.377,0.416,0.424,0.425,0.450
502.512,0.586,0.420,0.419,0.420,0.442
502.522,0.336,0.420,0.375,0.376,0.427
502.533,0.501,0.414,0.394,0.395,0.419
502.544,0.463,0.427,0.382,0.383,0.411
502.555,0.295,0.431,0.387,0.388,0.410
502.566,0.461,0.426,0.378,0.378,0.406
502.577,0.546,0.424,0.347,0.348,0.395
502.587,0.630,0.430,0.346,0.347,0.384
502.598,0.544,0.427,0.357,0.358,0.382
502.609,0.460,0.420,0.346,0.347,0.383
502.620,0.545,0.428,0.320,0.320,0.377
502.631,0.502,0.430,0.343,0.344,0.377
502.642,0.423,0.420,0.358,0.359,0.385
502.653,0.336,0.424,0.375,0.376,0.398
502.663,0.295,0.437,0.359,0.359,0.401
502.674,0.378,0.434,0.347,0.347,0.392
502.685,0.462,0.425,0.351,0.352,0.385
502.696,0.419,0.429,0.366,0.367,0.385
502.707,0.252,0.437,0.398,0.398,0.396
502.718,0.419,0.452,0.423,0.423,0.410
502.728,0.546,0.459,0.408,0.407,0.419
502.739,0.419,0.469,0.398,0.397,0.421
502.750,0.587,0.470,0.382,0.381,0.417
502.761,0.505,0.469,0.392,0.391,0.412
502.772,0.588,0.463,0.390,0.389,0.409
502.783,0.464,0.458,0.412,0.411,0.413
502.794,0.545,0.466,0.409,0.408,0.418
502.804,0.587,0.459,0.402,0.402,0.418
502.815,0.421,0.431,0.422,0.423,0.415
502.826,0.337,0.431,0.426,0.427,0.421
502.838,0.336,0.424,0.425,0.426,0.430
502.849,0.462,0.428,0.398,0.398,0.426
502.861,0.420,0.419,0.384,0.385,0.419
502.872,0.504,0.413,0.384,0.385,0.409
502.884,0.460,0.416,0.390,0.391,0.401
502.896,0.715,0.437,0.383,0.383,0.394
502.907,0.588,0.442,0.343,0.343,0.381
502.919,0.503,0.430,0.378,0.378,0.375
502.930,0.253,0.419,0.365,0.367,0.370
502.942,0.425,0.441,0.371,0.371,0.371
502.953,2.517,0.479,0.371,0.369,0.373
502.965,-3.647,0.445,0.379,0.379,0.375
502.976,0.250,0.556,0.374,0.369,0.377
502.988,1.791,0.493,0.353,0.351,0.378
502.999,-0.082,0.529,0.357,0.353,0.377
503.011,-2.118,0.369,0.345,0.349,0.371
503.023,2.715,0.399,0.375,0.377,0.376
503.034,-0.543,0.423,0.386,0.388,0.382
503.046,0.413,0.319,0.401,0.407,0.391
503.057,1.835,0.219,0.359,0.369,0.388
503.069,2.686,0.367,0.361,0.365,0.383
503.080,1.470,0.353,0.373,0.378,0.380
503.092,1.432,0.436,0.363,0.364,0.383
503.103,-0.505,0.348,0.338,0.342,0.380
503.115,2.101,0.332,0.371,0.376,0.383
503.127,1.510,0.327,0.361,0.367,0.385
503.138,-0.811,0.256,0.372,0.381,0.390
503.150,6.632,0.435,0.396,0.397,0.397
503.161,1.953,0.322,0.380,0.387,0.403
503.173,-1.344,0.248,0.396,0.407,0.412
503.184,2.845,0.308,0.417,0.425,0.422
503.196,-1.373,0.313,0.415,0.423,0.432
503.207,4.706,0.255,0.418,0.430,0.435
503.219,4.958,0.276,0.394,0.404,0.433
503.230,2.873,0.200,0.396,0.410,0.430
503.242,-3.068,0.054,0.407,0.428,0.430
503.253,-5.923,0.068,0.423,0.443,0.437
503.265,4.408,0.213,0.421,0.434,0.445
503.277,-2.962,0.111,0.396,0.415,0.446
503.288,-11.061,0.029,0.409,0.429,0.445
503.300,4.445,-0.007,0.423,0.444,0.449
503.311,-3.751,-0.167,0.437,0.464,0.462
503.323,2.669,-0.170,0.411,0.438,0.464
503.334,9.554,0.030,0.419,0.436,0.456
503.346,0.749,0.097,0.434,0.448,0.455
503.357,-11.975,0.167,0.420,0.429,0.451
503.369,-6.832,0.136,0.434,0.445,0.450
503.380,-4.548,0.074,0.453,0.467,0.452
503.392,4.266,-0.025,0.450,0.471,0.454
503.404,9.489,0.059,0.442,0.461,0.455
503.416,5.774,-0.010,0.463,0.486,0.458
503.427,5.817,0.146,0.503,0.524,0.474
503.439,-3.647,0.095,0.486,0.513,0.489
503.450,-2.200,0.280,0.488,0.508,0.501
503.462,0.614,0.220,0.495,0.522,0.512
503.473,1.107,0.428,0.536,0.553,0.527
503.485,-4.821,0.402,0.557,0.571,0.550
503.496,-2.281,0.490,0.543,0.552,0.560
503.508,7.661,0.718,0.543,0.541,0.558
503.519,5.793,0.846,0.536,0.530,0.552
503.531,-17.517,0.383,0.553,0.569,0.560
503.543,4.708,0.688,0.507,0.509,0.559
503.554,12.051,0.836,0.483,0.475,0.538
503.566,-7.747,0.334,0.419,0.434,0.517
503.577,-2.060,0.306,0.450,0.468,0.514
503.589,-12.773,0.112,0.447,0.467,0.509
503.600,15.185,0.421,0.428,0.439,0.504
503.612,19.589,0.503,0.468,0.481,0.502
503.623,12.196,0.066,0.474,0.494,0.507
503.635,-3.786,-0.717,0.312,0.378,0.483
503.647,-2.692,-1.118,0.314,0.390,0.448
503.658,-32.171,-1.173,0.467,0.564,0.467
503.670,-14.206,-0.664,0.490,0.563,0.509
503.681,-32.036,-0.844,0.377,0.463,0.510
503.693,-20.549,-0.580,0.368,0.454,0.493
503.705,-13.043,-0.715,0.415,0.500,0.503
503.716,-29.324,-1.636,0.392,0.545,0.521
503.728,-13.429,-1.657,0.437,0.586,0.553
503.739,1.907,-1.101,0.378,0.500,0.553
503.751,26.842,-1.043,0.218,0.326,0.498
503.763,-17.412,-2.710,-0.098,0.084,0.363
503.774,21.401,-1.911,-0.365,-0.224,0.170
503.786,41.515,-1.110,-0.698,-0.575,-0.068
503.798,19.330,-1.443,-1.105,-0.969,-0.363
503.809,17.559,-1.328,-1.577,-1.441,-0.707
503.821,18.329,-0.984,-1.842,-1.726,-1.067
503.833,3.836,-2.053,-2.105,-1.914,-1.389
503.844,9.745,-2.214,-2.486,-2.291,-1.710
503.856,17.918,-2.143,-2.741,-2.578,-2.032
503.868,-7.095,-3.604,-2.840,-2.618,-2.287
503.879,-25.191,-5.096,-3.085,-2.791,-2.503
503.891,2.153,-4.132,-3.137,-2.889,-2.686
503.902,29.932,-3.275,-3.185,-2.965,-2.831
503.914,27.715,-2.995,-3.023,-2.798,-2.893
503.926,12.581,-2.983,-2.738,-2.508,-2.831
503.937,-7.832,-3.221,-2.223,-1.983,-2.628
503.949,-1.589,-2.314,-1.690,-1.497,-2.309
503.961,11.922,-1.169,-1.062,-0.935,-1.901
503.972,18.889,-0.065,-0.371,-0.309,-1.405
503.984,11.555,0.770,0.278,0.304,-0.859
503.996,6.873,1.242,1.100,1.109,-0.234
504.007,-0.563,1.097,1.872,1.891,0.455
504.019,-9.530,0.681,2.600,2.640,1.162
504.030,-5.508,0.414,3.271,3.325,1.872
504.042,9.259,0.688,3.797,3.829,2.538
504.054,43.343,1.764,4.204,4.181,3.103
504.065,35.115,2.230,4.353,4.315,3.542
504.077,20.102,1.798,4.198,4.194,3.808
504.089,5.200,1.198,3.761,3.795,3.858
504.100,-13.437,0.436,3.151,3.213,3.700
504.112,-25.664,-0.876,2.507,2.603,3.376
504.124,-31.397,-1.716,1.695,1.805,2.879
504.135,-32.090,-2.191,0.784,0.887,2.239
504.147,-34.521,-2.481,-0.214,-0.143,1.454
504.159,-27.910,-2.554,-1.276,-1.250,0.568
504.170,-5.377,-2.082,-2.201,-2.215,-0.366
504.182,11.889,-1.280,-2.949,-2.996,-1.261
504.194,14.305,-0.469,-3.509,-3.598,-2.085
504.205,-30.433,-0.772,-3.966,-4.036,-2.774
504.217,-37.265,-1.329,-4.298,-4.330,-3.335
504.229,-21.949,-1.289,-4.331,-4.376,-3.746
504.241,-21.409,-1.207,-4.247,-4.309,-3.989
504.253,-27.956,-1.269,-3.920,-4.019,-4.057
504.265,-16.752,-2.038,-3.407,-3.496,-3.936
504.276,7.794,-2.856,-2.739,-2.789,-3.623
504.288,30.251,-3.089,-1.886,-1.938,-3.132
504.300,35.818,-2.575,-0.891,-0.998,-2.494
504.311,19.742,-1.908,0.180,0.024,-1.720
504.323,4.098,-1.716,1.188,1.018,-0.853
504.335,6.451,-1.431,2.090,1.900,0.038
504.346,10.693,-0.983,2.914,2.697,0.897
504.358,1.852,-1.185,3.566,3.354,1.702
504.369,-12.285,-0.922,4.126,3.905,2.436
504.381,-20.853,-0.433,4.515,4.281,3.061
504.393,-26.531,0.288,4.777,4.521,3.560
504.405,-13.036,0.881,4.923,4.645,3.935
504.416,10.855,0.960,4.908,4.618,4.186
504.428,28.640,1.123,4.626,4.344,4.269
504.440,34.693,1.181,4.089,3.825,4.170
504.451,26.836,1.358,3.453,3.177,3.880
504.463,4.799,1.763,2.780,2.493,3.444
504.475,-15.199,2.641,1.910,1.610,2.873
504.486,-25.034,2.693,1.047,0.733,2.193
504.498,-12.685,2.802,0.125,-0.194,1.420
504.510,15.888,3.088,-0.993,-1.316,0.566
504.521,46.370,3.315,-1.815,-2.169,-0.342
504.533,39.917,3.734,-2.501,-2.874,-1.204
504.545,13.639,4.387,-3.181,-3.553,-1.996
504.556,-4.206,5.290,-3.674,-4.079,-2.705
504.568,8.280,5.875,-3.939,-4.367,-3.259
504.580,35.054,5.905,-3.986,-4.413,-3.662
504.592,41.325,5.851,-3.718,-4.173,-3.854
504.603,36.102,6.452,-3.329,-3.821,-3.848
504.615,34.650,8.319,-2.770,-3.330,-3.670
504.627,15.012,9.766,-2.090,-2.684,-3.324
504.638,-5.226,9.466,-1.281,-1.827,-2.802
504.650,-24.349,7.731,-0.315,-0.791,-2.128
504.662,-13.811,5.663,0.511,0.114,-1.348
504.673,20.483,4.720,1.418,1.073,-0.533
504.685,30.946,3.997,2.347,1.988,0.329
504.696,-6.109,2.897,3.075,2.766,1.157
504.708,-8.939,2.293,3.780,3.472,1.964
504.720,-14.557,2.015,4.303,4.014,2.692
504.731,3.919,1.529,4.786,4.519,3.333
504.743,3.948,1.143,5.063,4.816,3.868
504.755,14.299,0.426,5.163,4.934,4.274
504.766,-33.748,-0.438,5.051,4.862,4.523
504.778,37.312,0.276,4.744,4.521,4.577
504.790,4.740,-0.054,4.297,4.074,4.449
504.801,-12.307,-0.403,3.533,3.338,4.144
504.813,-14.529,-0.698,2.730,2.535,3.657
504.825,-0.603,-0.128,1.764,1.540,2.989
504.836,33.335,-0.921,0.724,0.517,2.190
504.848,34.997,-0.784,-0.261,-0.484,1.307
504.860,-5.120,-0.310,-1.249,-1.498,0.342
504.871,-4.959,0.863,-2.057,-2.379,-0.574
504.883,-7.652,2.177,-2.538,-2.924,-1.383
504.895,13.835,3.094,-2.779,-3.209,-2.023
504.906,23.750,3.354,-2.996,-3.393,-2.501
504.918,10.747,2.476,-2.965,-3.311,-2.801
504.930,-26.563,1.562,-2.747,-3.052,-2.928
504.941,-24.049,0.762,-2.440,-2.706,-2.885
504.953,-14.330,0.926,-1.928,-2.208,-2.687
504.965,29.195,1.518,-1.270,-1.573,-2.336
504.976,6.959,1.809,-0.721,-1.026,-1.896
504.988,-4.940,0.756,-0.097,-0.347,-1.379
505.000,-16.700,-0.257,0.549,0.347,-0.807
505.011,-6.116,-0.081,1.143,0.946,-0.212
505.023,12.464,-0.040,1.791,1.598,0.398
505.034,13.212,0.094,2.342,2.152,1.003
505.046,-8.210,-0.920,2.786,2.649,1.576
505.058,-22.273,-0.936,3.159,3.046,2.091
505.069,0.212,-0.724,3.412,3.293,2.528
505.081,1.157,-0.696,3.614,3.490,2.883
505.092,-4.610,-1.033,3.612,3.505,3.137
505.104,-19.813,-1.088,3.536,3.427,3.271
505.116,-12.720,-1.045,3.270,3.157,3.282
505.127,-35.544,-0.902,3.014,2.886,3.181
505.139,-14.876,-0.883,2.580,2.467,2.978
505.151,4.108,-0.759,1.971,1.849,2.651
505.162,-2.115,-0.539,1.282,1.141,2.190
505.174,14.983,0.248,0.648,0.465,1.652
505.186,12.168,1.027,-0.005,-0.227,1.049
505.197,-1.800,1.371,-0.673,-0.907,0.415
505.209,-2.924,1.375,-1.334,-1.558,-0.218
505.221,8.052,1.245,-1.896,-2.108,-0.838
505.232,27.678,1.866,-2.370,-2.594,-1.431
505.243,39.679,2.530,-2.649,-2.906,-1.897
505.254,25.034,2.276,-2.838,-3.092,-2.298
505.265,2.770,2.013,-3.002,-3.242,-2.624
505.277,-26.064,1.558,-3.139,-3.344,-2.882
505.288,-5.598,1.508,-3.339,-3.533,-3.107
505.300,19.899,1.368,-3.806,-3.999,-3.366
505.312,31.361,1.407,-4.678,-4.880,-3.790
505.323,50.271,1.436,-5.917,-6.138,-4.418
505.335,3.945,1.093,-7.732,-7.940,-5.362
505.347,-4.152,0.955,-9.998,-10.202,-6.670
505.358,-19.559,-0.297,-12.595,-12.732,-8.336
505.370,-19.474,-1.079,-15.561,-15.657,-10.383
505.381,-14.981,-1.541,-18.525,-18.597,-12.715
505.393,-37.486,-2.129,-21.454,-21.504,-15.244
505.405,-38.702,-2.911,-24.141,-24.155,-17.851
505.416,-17.009,-3.466,-26.312,-26.315,-20.384
505.428,-17.424,-3.389,-27.918,-27.932,-22.708
505.440,19.183,-2.320,-28.640,-28.708,-24.602
505.451,-21.764,-1.641,-28.549,-28.647,-25.976
505.463,31.028,-1.225,-27.517,-27.628,-26.687
505.475,-46.353,-2.158,-25.726,-25.772,-26.688
505.485,-6.468,-1.425,-23.497,-23.593,-26.037
505.497,44.323,-1.671,-20.204,-20.307,-24.441
505.507,-15.958,-2.250,-17.129,-17.226,-22.567
505.517,-1.390,-1.674,-13.894,-14.011,-20.271
505.527,-3.583,-1.187,-10.587,-10.729,-17.667
505.537,3.139,-0.938,-7.264,-7.424,-14.832
505.547,37.034,0.946,-4.125,-4.351,-11.857
505.557,11.722,0.325,-1.330,-1.511,-8.912
505.569,14.289,0.092,1.779,1.628,-5.469
505.579,18.376,0.087,3.897,3.758,-2.811
505.591,18.481,-0.395,5.940,5.849,0.086
505.601,22.024,-0.874,7.318,7.243,2.159
505.613,-8.527,-1.734,8.473,8.439,4.270
505.626,-10.520,-1.719,9.082,9.050,5.889
505.636,-34.424,-4.101,9.153,9.216,6.850
505.646,-51.869,-5.503,8.950,9.112,7.491
505.656,-16.830,-5.081,8.616,8.760,7.834
505.668,-50.494,-5.233,7.846,8.043,7.895
505.678,-5.960,-4.555,7.065,7.250,7.681
505.688,21.608,-2.875,6.287,6.373,7.284
505.700,-53.824,-2.007,5.196,5.248,6.583
505.710,19.389,0.134,4.308,4.322,5.900
505.720,17.086,0.700,3.435,3.429,5.162
505.732,-2.798,0.166,2.364,2.372,4.190
505.744,-14.497,-0.480,1.425,1.468,3.245
505.754,-48.753,-2.151,0.617,0.754,2.468
505.764,-22.940,-2.008,-0.083,0.063,1.716
505.774,46.084,-0.931,-0.659,-0.553,0.993
505.784,23.127,0.059,-1.170,-1.106,0.332
505.795,-12.384,-1.743,-1.724,-1.602,-0.289
505.807,3.298,-1.998,-2.197,-2.074,-0.942
505.817,-19.019,-2.589,-2.586,-2.455,-1.458
505.829,-16.072,-2.939,-2.887,-2.760,-1.971
505.841,7.914,-2.794,-3.154,-3.047,-2.420
505.851,-6.512,-3.313,-3.256,-3.139,-2.707
505.864,28.243,-2.160,-3.189,-3.111,-2.947
505.874,2.270,-2.566,-3.054,-2.970,-3.029
505.884,-48.981,-5.496,-2.886,-2.696,-3.030
505.894,-42.485,-5.388,-2.449,-2.285,-2.913
505.904,-14.728,-4.143,-1.802,-1.715,-2.668
505.915,42.748,-1.618,-1.025,-1.068,-2.293
505.925,34.076,-1.270,-0.326,-0.396,-1.826
505.935,5.720,-1.427,0.450,0.397,-1.254
505.945,-0.094,-1.466,1.227,1.176,-0.627
505.955,35.861,-0.789,2.071,1.988,0.063
505.966,20.882,-0.829,2.809,2.736,0.791
505.976,-2.717,-2.148,3.492,3.472,1.522
505.986,-34.449,-3.023,4.210,4.203,2.242
505.996,-1.088,-3.198,4.741,4.743,2.921
506.007,0.420,-3.017,5.171,5.167,3.529
506.017,-4.547,-3.681,5.353,5.374,4.028
506.027,-36.596,-4.602,5.438,5.512,4.414
506.037,-25.943,-4.430,5.370,5.423,4.677
506.048,11.253,-3.603,5.112,5.127,4.776
506.058,-21.180,-3.735,4.590,4.642,4.717
506.068,-34.209,-4.101,4.023,4.079,4.505
506.078,22.500,-2.202,3.354,3.342,4.141
506.088,29.061,-1.432,2.636,2.599,3.671
506.099,14.846,-1.247,1.846,1.813,3.096
506.109,23.643,-1.126,1.114,1.079,2.469
506.121,31.913,-0.422,0.271,0.219,1.674
506.131,26.380,-0.308,-0.324,-0.394,1.022
506.141,29.416,-0.187,-0.910,-0.990,0.388
506.151,-11.082,-1.867,-1.468,-1.453,-0.204
506.162,-22.690,-2.329,-2.000,-1.954,-0.763
506.172,-20.569,-2.743,-2.386,-2.322,-1.276
506.182,-32.796,-2.934,-2.682,-2.596,-1.727
506.193,-13.398,-2.849,-2.916,-2.841,-2.121
506.203,-39.637,-3.366,-3.044,-2.936,-2.430
506.213,-7.440,-2.863,-3.090,-3.012,-2.661
506.223,-48.374,-4.412,-3.100,-2.947,-2.806
506.233,-18.741,-3.901,-2.888,-2.759,-2.862
506.243,-23.918,-4.140,-2.625,-2.480,-2.816
506.254,-39.951,-4.840,-2.324,-2.143,-2.683
506.264,-3.977,-4.010,-1.890,-1.748,-2.474
506.274,18.832,-2.620,-1.378,-1.301,-2.194
506.284,-4.843,-2.791,-0.776,-0.712,-1.824
506.295,-11.366,-3.313,-0.142,-0.067,-1.383
506.305,-10.432,-3.382,0.580,0.639,-0.860
506.315,-20.509,-3.160,1.281,1.325,-0.274
506.326,22.400,-2.348,1.974,1.964,0.326
506.336,26.220,-1.771,2.648,2.593,0.934
506.346,-6.576,-2.308,3.282,3.243,1.556
506.358,-3.617,-2.055,3.833,3.785,2.231
506.368,7.508,-1.542,4.178,4.112,2.752
506.378,-12.380,-1.731,4.432,4.376,3.187
506.389,25.430,-0.541,4.515,4.426,3.527
506.399,17.365,-0.696,4.417,4.355,3.761
506.409,-5.416,-1.597,4.073,4.068,3.853
506.419,-43.137,-2.539,3.543,3.628,3.784
506.430,-35.906,-3.872,2.960,3.094,3.575
506.440,-13.235,-3.442,2.293,2.393,3.227
506.450,9.078,-1.490,1.619,1.651,2.768
506.461,34.013,-0.909,0.810,0.794,2.213
506.471,17.965,-0.066,0.034,-0.030,1.568
506.481,-25.770,-0.723,-0.750,-0.768,0.888
506.491,18.650,0.672,-1.453,-1.507,0.195
506.501,21.906,1.111,-2.185,-2.226,-0.511
506.512,36.587,1.084,-2.782,-2.828,-1.203
506.522,7.110,0.739,-3.361,-3.412,-1.863
506.532,-4.050,0.156,-3.766,-3.795,-2.462
506.542,-0.727,-0.473,-3.988,-3.997,-2.961
506.552,1.924,-0.657,-4.000,-4.007,-3.317
506.563,10.656,-0.576,-3.913,-3.936,-3.544
506.573,0.655,-1.333,-3.704,-3.698,-3.654
506.583,-31.371,-3.179,-3.342,-3.275,-3.621
506.593,-48.391,-3.383,-2.828,-2.756,-3.457
506.605,-39.204,-2.961,-1.952,-1.879,-3.053
506.617,-6.950,-2.824,-0.975,-0.911,-2.450
506.627,-13.552,-2.906,-0.162,-0.095,-1.825
506.638,2.618,-2.514,0.747,0.792,-1.121
506.648,5.929,-2.471,1.612,1.649,-0.365
506.658,-5.310,-2.631,2.454,2.495,0.414
506.668,-25.737,-3.020,3.271,3.331,1.223
506.678,-14.410,-2.818,3.848,3.905,1.986
506.688,8.851,-1.909,4.348,4.371,2.666
506.700,-0.201,-1.995,4.816,4.839,3.360
506.712,-6.695,-1.982,5.129,5.144,3.950
506.723,-10.227,-2.363,5.200,5.218,4.407
506.735,-0.091,-2.240,5.167,5.178,4.713
506.746,3.002,-2.602,4.899,4.955,4.871
506.758,13.571,-2.665,4.638,4.723,4.902
506.770,5.017,-2.609,4.454,4.539,4.849
506.781,-29.776,-3.102,4.519,4.623,4.803
506.793,-34.073,-4.038,5.088,5.236,4.897
506.804,-10.909,-4.051,6.285,6.423,5.256
506.815,14.328,-3.885,8.093,8.230,6.007
506.827,34.264,-3.423,10.680,10.784,7.259
506.838,13.955,-3.601,13.799,13.884,9.038
506.850,10.524,-2.952,17.544,17.592,11.413
506.862,-14.634,-2.837,21.678,21.714,14.286
506.873,-37.649,-3.023,25.929,25.984,17.601
506.885,-56.809,-3.337,29.991,30.098,21.177
506.897,-26.779,-3.020,33.658,33.804,24.841
506.908,-9.554,-2.997,36.600,36.742,28.243
506.919,-25.912,-3.535,38.821,38.998,31.379
506.931,6.620,-3.090,40.309,40.457,34.167
506.942,13.251,-3.159,40.760,40.914,36.309
506.954,-21.940,-2.664,40.262,40.396,37.721
506.966,30.420,-2.459,38.922,39.039,38.358
506.977,-24.515,-2.487,36.733,36.835,38.173
506.989,32.660,-1.696,33.982,34.024,37.235
507.000,8.121,-1.645,30.828,30.862,35.646
507.011,-57.065,-2.522,27.279,27.368,33.461
507.023,-4.017,-0.732,23.579,23.630,30.771
507.034,5.034,0.456,19.746,19.766,27.744
507.046,5.061,1.234,16.065,16.060,24.514
507.057,14.021,2.196,12.591,12.561,21.349
507.067,4.051,2.214,9.140,9.120,18.069
507.078,-5.287,2.045,5.889,5.887,14.886
507.088,19.402,3.171,2.863,2.837,11.763
507.098,6.876,2.894,-0.061,-0.066,8.692
507.108,-32.723,0.683,-2.897,-2.803,5.698
507.119,-26.787,-0.064,-5.407,-5.295,2.786
507.129,-18.714,0.744,-7.527,-7.445,0.088
507.139,19.595,1.612,-9.250,-9.224,-2.324
507.151,-23.711,0.959,-10.830,-10.759,-4.803
507.161,-9.274,0.951,-11.676,-11.620,-6.506
507.174,-15.039,0.811,-12.193,-12.132,-8.101
507.185,-0.229,1.030,-12.183,-12.128,-9.120
507.196,35.182,1.867,-11.736,-11.723,-9.763
507.208,28.330,2.319,-10.943,-10.954,-9.991
507.220,-17.473,2.549,-9.992,-10.014,-9.860
507.231,-28.587,2.900,-9.119,-9.155,-9.485
507.243,-5.704,3.634,-8.550,-8.596,-8.998
507.255,11.203,3.314,-8.512,-8.528,-8.596
507.266,-28.598,2.655,-9.148,-9.129,-8.439
507.278,9.922,3.130,-10.552,-10.535,-8.694
507.290,-36.339,2.413,-12.537,-12.480,-9.424
507.301,11.960,3.112,-15.188,-15.163,-10.696
507.313,15.151,2.469,-18.403,-18.323,-12.531
507.325,6.653,1.262,-22.003,-21.798,-14.866
507.336,4.753,0.859,-25.430,-25.177,-17.541
507.348,-3.306,0.820,-28.494,-28.240,-20.390
507.359,-19.737,0.425,-31.003,-30.733,-23.207
507.371,-6.215,0.208,-32.793,-32.512,-25.795
507.383,24.911,0.225,-33.418,-33.140,-27.886
507.394,-15.434,0.421,-33.023,-32.753,-29.328
507.406,17.473,0.655,-31.517,-31.262,-29.937
507.418,-24.200,0.472,-29.098,-28.845,-29.685
507.428,10.761,0.570,-26.112,-25.854,-28.645
507.439,-12.318,-0.156,-22.915,-22.587,-26.981
507.449,-0.350,-0.260,-19.369,-19.041,-24.762
507.459,15.086,-0.059,-15.692,-15.375,-22.109
507.469,45.080,1.074,-11.950,-11.698,-19.098
507.479,-41.782,-1.988,-8.410,-8.047,-15.879
507.490,-32.197,-2.049,-5.001,-4.629,-12.582
507.500,47.320,0.305,-1.803,-1.540,-9.313
507.510,4.439,-0.208,1.036,1.343,-6.108
507.521,18.292,-0.230,3.542,3.844,-3.152
507.531,-8.331,-0.733,5.533,5.861,-0.444
507.541,3.808,-0.027,7.137,7.433,1.949
507.551,8.666,0.084,8.247,8.545,4.001
507.561,20.648,1.617,9.034,9.259,5.672
507.573,-11.405,1.965,9.351,9.572,7.130
507.583,3.173,1.805,9.323,9.549,7.977
507.594,38.681,2.143,8.951,9.161,8.456
507.604,3.813,1.419,8.283,8.545,8.610
507.614,27.461,1.343,7.503,7.754,8.477
507.624,-17.311,-0.016,6.585,6.886,8.110
507.634,-22.540,-0.475,5.669,5.975,7.564
507.644,17.735,0.558,4.806,5.050,6.887
507.655,13.746,0.542,3.820,4.051,6.130
507.665,2.095,0.353,2.794,3.032,5.288
507.675,8.946,0.374,1.763,2.008,4.378
507.685,-7.661,0.039,0.784,1.052,3.446
507.696,-12.220,-1.004,-0.211,0.095,2.507
507.706,-12.377,-0.658,-1.093,-0.791,1.570
507.716,-4.585,-0.232,-1.790,-1.502,0.697
507.726,26.781,1.044,-2.401,-2.175,-0.121
507.736,30.025,1.659,-3.046,-2.834,-0.879
507.747,32.032,2.266,-3.596,-3.389,-1.590
507.757,-28.831,-0.596,-4.119,-3.807,-2.219
507.767,-29.173,-1.610,-4.427,-4.077,-2.785
507.778,9.994,-0.655,-4.514,-4.214,-3.217
507.788,16.154,0.058,-4.489,-4.214,-3.512
507.798,-29.736,-0.783,-4.363,-4.053,-3.683
507.808,-37.986,-2.350,-4.032,-3.673,-3.705
507.819,-5.910,-1.773,-3.443,-3.119,-3.573
507.829,-6.145,-1.277,-2.723,-2.422,-3.267
507.839,9.991,0.027,-1.982,-1.723,-2.838
507.849,-0.693,-0.302,-1.195,-0.926,-2.309
507.859,-30.601,-0.919,-0.300,-0.015,-1.664
507.870,-22.453,-0.604,0.639,0.913,-0.942
507.880,44.912,2.100,1.472,1.670,-0.189
507.890,32.559,2.173,2.277,2.493,0.589
507.900,-26.500,1.116,2.899,3.190,1.343
507.910,-14.395,0.237,3.420,3.745,2.046
507.920,-8.215,0.465,3.889,4.198,2.694
507.930,15.212,1.673,4.227,4.486,3.241
507.940,37.609,3.354,4.429,4.611,3.686
507.951,27.117,2.750,4.143,4.341,3.950
507.961,-20.874,1.622,3.783,4.028,4.036
507.971,-42.200,0.277,3.161,3.481,3.934
507.983,-55.956,-0.590,2.386,2.748,3.619
507.995,-38.377,-0.748,1.389,1.747,3.094
508.006,-13.252,-1.851,0.066,0.478,2.298
508.018,2.930,-2.796,-1.250,-0.778,1.304
508.030,41.130,-1.898,-2.528,-2.090,0.183
508.042,34.273,-0.756,-3.663,-3.288,-1.000
508.054,4.604,0.048,-4.637,-4.318,-2.143
508.066,7.839,0.691,-5.379,-5.089,-3.182
508.076,22.178,1.052,-5.756,-5.472,-3.902
508.088,18.056,0.748,-5.884,-5.578,-4.553
508.100,13.700,1.151,-5.669,-5.380,-4.936
508.110,-2.392,0.957,-5.202,-4.897,-5.006
508.123,-15.046,0.603,-4.540,-4.219,-4.836
508.133,-4.768,0.793,-3.758,-3.454,-4.507
508.143,29.925,1.365,-2.893,-2.615,-4.024
508.155,3.009,1.340,-1.841,-1.558,-3.274
508.165,6.223,1.582,-0.903,-0.633,-2.552
508.177,1.644,1.296,0.227,0.508,-1.598
508.188,-13.726,1.377,1.368,1.637,-0.584
508.200,-22.215,0.918,2.391,2.660,0.451
508.212,-2.265,-0.117,3.172,3.503,1.430
508.223,10.907,-0.719,3.918,4.302,2.334
508.235,5.188,-0.204,4.521,4.878,3.120
508.247,7.394,0.910,5.011,5.305,3.814
508.258,-43.706,1.054,5.174,5.477,4.341
508.270,-34.252,0.807,5.017,5.348,4.678
508.282,-35.178,0.062,4.545,4.921,4.755
508.293,-19.157,-1.021,3.741,4.166,4.559
508.305,10.351,-1.059,2.909,3.334,4.137
508.317,5.614,-0.981,1.862,2.291,3.509
508.328,4.662,-0.781,0.771,1.195,2.764
508.339,9.811,-0.631,-0.451,-0.020,1.882
508.350,14.696,-0.460,-1.673,-1.235,0.894
508.361,11.321,-0.367,-2.962,-2.519,-0.176
508.372,-2.950,-0.358,-4.342,-3.899,-1.336
508.383,-21.583,-0.574,-5.834,-5.386,-2.591
508.394,-25.607,-0.745,-7.423,-6.976,-3.937
508.405,-14.792,-0.518,-9.007,-8.573,-5.352
508.416,0.647,0.088,-10.667,-10.265,-6.835
508.427,-9.133,1.036,-12.468,-12.094,-8.414
508.438,39.836,2.386,-14.427,-14.092,-10.095
508.449,40.625,4.000,-16.529,-16.262,-11.914
508.460,53.014,5.018,-18.640,-18.410,-13.809
508.471,35.679,6.549,-20.718,-20.551,-15.789
508.482,1.806,6.157,-22.750,-22.562,-17.783
508.493,3.579,5.791,-24.617,-24.410,-19.746
508.504,27.934,6.108,-26.130,-25.938,-21.618
508.515,11.370,5.770,-27.422,-27.218,-23.323
508.526,6.018,5.562,-28.422,-28.205,-24.837
508.537,10.159,5.414,-28.878,-28.646,-26.059
508.548,13.765,5.192,-28.946,-28.695,-26.947
508.559,20.831,5.203,-28.535,-28.278,-27.474
508.570,9.538,4.923,-27.761,-27.489,-27.633
508.581,2.278,4.829,-26.714,-26.437,-27.430
508.592,-3.695,4.360,-25.290,-24.987,-26.877
508.603,20.019,4.509,-23.816,-23.518,-26.025
508.614,0.078,4.232,-22.285,-21.970,-24.958
508.625,-37.034,3.390,-20.710,-20.354,-23.726
508.636,-28.876,3.190,-19.223,-18.852,-22.386
508.647,9.002,3.310,-17.843,-17.473,-21.029
508.658,-0.069,2.773,-16.574,-16.176,-19.688
508.669,-31.499,1.995,-15.538,-15.083,-18.415
508.680,10.180,1.471,-14.514,-14.043,-17.197
508.691,0.339,0.607,-13.769,-13.267,-16.098
508.702,-21.071,-0.172,-13.272,-12.730,-15.149
508.713,5.420,-0.668,-12.990,-12.424,-14.376
508.724,-8.581,-0.920,-12.982,-12.410,-13.825
508.735,15.598,-0.116,-13.093,-12.557,-13.468
508.746,32.664,0.178,-13.423,-12.902,-13.301
508.757,5.622,0.466,-13.932,-13.419,-13.331
508.768,4.057,0.265,-14.588,-14.067,-13.545
508.779,27.507,0.481,-15.279,-14.765,-13.899
508.790,23.181,0.573,-16.064,-15.560,-14.391
508.801,24.521,0.681,-16.832,-16.349,-14.969
508.812,43.368,0.700,-17.444,-16.992,-15.576
508.824,26.320,0.468,-18.068,-17.622,-16.206
508.835,1.355,0.413,-18.649,-18.198,-16.814
508.846,3.543,0.816,-19.089,-18.641,-17.371
508.857,35.997,1.862,-19.490,-19.089,-17.886
508.868,36.678,2.730,-19.841,-19.487,-18.354
508.879,19.521,2.042,-20.214,-19.834,-18.805
508.890,-6.895,0.992,-20.591,-20.163,-19.216
508.901,-16.347,-0.139,-20.908,-20.425,-19.589
508.912,-13.728,-1.142,-21.114,-20.584,-19.916
508.923,-13.771,-2.054,-21.190,-20.623,-20.169
508.934,-12.121,-2.639,-21.117,-20.526,-20.318
508.945,-15.730,-2.943,-20.891,-20.291,-20.359
508.956,-27.726,-3.424,-20.483,-19.869,-20.286
508.967,-23.084,-3.526,-19.906,-19.303,-20.077
508.978,-8.588,-3.221,-18.961,-18.386,-19.677
508.989,-0.272,-2.672,-17.805,-17.261,-19.065
509.000,8.898,-1.892,-16.503,-15.988,-18.256
509.011,13.076,-1.740,-14.979,-14.473,-17.240
509.022,-20.697,-2.414,-13.400,-12.869,-16.046
509.033,-27.282,-2.684,-11.688,-11.157,-14.699
509.044,-3.978,-2.454,-9.935,-9.414,-13.226
509.055,-27.020,-3.095,-8.101,-7.564,-11.673
509.066,-16.294,-3.183,-6.147,-5.630,-9.995
509.076,3.699,-3.442,-4.301,-3.770,-8.323
509.086,-21.917,-4.236,-2.538,-1.964,-6.648
509.097,-3.372,-4.304,-0.659,-0.085,-4.865
509.108,-17.842,-5.121,1.308,1.914,-2.948
509.119,-5.002,-5.423,3.297,3.909,-1.019
509.130,-0.905,-5.570,5.253,5.859,0.920
509.141,-17.414,-6.157,7.121,7.745,2.847
509.152,-15.783,-5.871,8.840,9.456,4.732
509.163,-24.641,-6.486,10.418,11.057,6.532
509.174,-9.307,-6.763,11.925,12.563,8.261
509.185,-9.593,-6.404,13.191,13.801,9.857
509.196,13.175,-5.991,14.266,14.852,11.312
509.207,-0.676,-6.396,15.128,15.739,12.617
509.218,-12.365,-6.049,15.807,16.396,13.723
509.229,24.504,-5.044,16.402,16.932,14.663
509.240,-6.947,-4.812,16.854,17.372,15.456
509.251,-18.124,-4.882,17.133,17.645,16.112
509.262,-24.412,-5.197,17.279,17.779,16.605
509.273,-31.987,-4.817,17.317,17.795,16.965
509.284,-7.535,-4.450,17.186,17.647,17.185
509.295,-15.854,-5.081,16.910,17.391,17.253
509.306,-19.322,-5.452,16.670,17.143,17.213
509.317,-14.780,-5.287,16.346,16.793,17.092
509.328,16.222,-4.611,16.031,16.435,16.904
509.340,2.054,-4.694,15.671,16.070,16.663
509.351,-16.336,-5.029,15.323,15.728,16.384
509.363,-10.515,-4.976,15.020,15.424,16.084
509.374,14.835,-4.754,14.655,15.030,15.775
509.385,11.069,-4.550,14.323,14.688,15.443
509.397,-6.204,-4.470,14.030,14.381,15.123
509.408,-15.988,-5.074,13.768,14.142,14.827
509.419,-12.442,-5.269,13.577,13.952,14.549
509.431,2.994,-4.669,13.497,13.831,14.325
509.442,17.148,-3.957,13.450,13.741,14.145
509.454,-0.774,-3.672,13.481,13.750,14.019
509.465,-15.457,-3.974,13.436,13.711,13.917
509.476,-9.326,-3.999,13.518,13.793,13.865
509.488,-17.253,-4.524,13.667,13.958,13.868
509.499,-21.372,-4.975,13.888,14.179,13.913
509.510,-17.042,-4.874,14.146,14.405,14.006
509.521,-13.577,-4.485,14.540,14.762,14.184
509.533,2.527,-3.910,15.085,15.266,14.461
509.545,-14.194,-3.628,15.710,15.864,14.829
509.556,-12.867,-3.553,16.428,16.561,15.297
509.567,-8.114,-3.613,17.139,17.274,15.828
509.579,-26.812,-3.718,17.894,18.018,16.420
509.590,-31.653,-4.077,18.578,18.704,17.047
509.602,1.274,-4.416,19.263,19.410,17.709
509.613,-4.180,-4.577,19.832,19.994,18.347
509.625,-1.075,-4.090,20.257,20.384,18.936
509.636,-18.427,-3.645,20.608,20.702,19.447
509.648,-14.444,-2.893,20.800,20.860,19.847
509.659,-14.307,-2.351,20.787,20.832,20.146
509.670,-0.900,-2.117,20.654,20.685,20.344
509.682,11.428,-2.618,20.287,20.333,20.380
509.694,18.475,-3.131,19.763,19.844,20.254
509.705,29.159,-3.219,19.100,19.197,19.971
509.717,18.095,-2.922,18.590,18.663,19.613
509.729,-13.718,-3.183,17.963,18.040,19.172
509.741,-26.194,-2.935,17.430,17.491,18.682
509.752,-4.196,-3.336,16.915,16.995,18.178
509.764,14.689,-3.167,16.649,16.701,17.723
509.776,-3.623,-3.137,16.405,16.465,17.326
509.787,-21.044,-2.701,16.375,16.416,17.024
509.799,-12.928,-2.067,16.517,16.523,16.843
509.810,1.004,-1.382,16.799,16.764,16.787
509.821,10.038,-0.466,17.226,17.143,16.863
509.833,-5.767,0.246,17.819,17.709,17.085
509.844,-5.190,0.572,18.523,18.403,17.443
509.856,11.225,0.865,19.287,19.154,17.906
509.868,24.873,1.102,20.111,19.996,18.498
509.879,26.408,1.722,21.001,20.847,19.187
509.891,13.396,1.653,21.784,21.633,19.895
509.903,-12.376,1.373,22.430,22.307,20.611
509.914,-37.821,1.030,22.960,22.889,21.302
509.926,-29.783,1.255,23.403,23.329,21.908
509.937,-41.279,1.670,23.652,23.585,22.421
509.948,-42.032,2.212,23.730,23.677,22.825
509.959,-19.839,2.850,23.639,23.586,23.100
509.970,-4.369,3.444,23.325,23.264,23.219
509.981,-3.973,4.402,22.738,22.674,23.150
509.992,26.458,5.314,22.024,21.935,22.895
510.003,38.799,6.105,21.163,21.040,22.462
510.015,2.825,5.437,20.022,19.963,21.821
510.026,9.916,5.978,18.792,18.749,21.049
510.038,-2.221,5.684,17.488,17.492,20.105
510.049,-0.381,6.118,16.211,16.229,19.096
510.060,7.216,6.548,15.073,15.091,18.048
510.071,28.757,6.816,13.980,13.986,16.979
510.082,33.317,6.880,12.908,12.931,15.903
510.093,32.041,6.744,11.967,12.018,14.861
510.104,19.753,6.262,11.157,11.240,13.879
510.116,-10.103,5.487,10.411,10.541,12.950
510.128,-11.733,5.011,9.860,10.015,12.125
510.139,6.612,4.665,9.323,9.525,11.395
510.151,25.898,4.208,8.595,8.847,10.696
510.162,14.073,3.458,7.785,8.095,10.011
510.173,-0.830,2.647,6.847,7.210,9.286
510.184,-10.137,2.113,5.612,5.996,8.414
510.196,-20.291,1.997,4.043,4.425,7.340
510.208,-13.332,1.909,2.222,2.605,6.058
510.219,0.763,2.203,0.276,0.649,4.621
510.230,19.886,2.809,-1.924,-1.580,2.949
510.242,19.912,3.503,-4.264,-3.958,1.033
510.253,6.867,3.691,-6.702,-6.410,-1.040
510.265,-9.729,3.812,-9.193,-8.909,-3.259
510.277,-13.364,4.108,-11.677,-11.410,-5.552
510.288,-9.701,4.338,-14.020,-13.760,-7.881
510.300,-3.233,4.264,-16.216,-15.941,-10.205
510.312,11.013,4.490,-18.179,-17.912,-12.420
510.324,13.904,4.885,-19.701,-19.450,-14.467
510.335,30.318,5.500,-20.775,-20.547,-16.254
510.347,24.566,5.895,-21.427,-21.217,-17.732
510.359,16.823,5.729,-21.761,-21.547,-18.884
510.370,5.109,5.034,-21.737,-21.475,-19.690
510.382,0.730,4.367,-21.394,-21.091,-20.157
510.394,-4.198,4.066,-20.861,-20.540,-20.324
510.405,-1.441,3.931,-20.134,-19.805,-20.222
510.416,14.665,4.396,-19.349,-19.042,-19.906
510.428,-2.335,4.796,-18.534,-18.232,-19.421
510.440,-13.786,5.398,-17.720,-17.432,-18.826
510.451,-36.790,5.273,-16.989,-16.667,-18.158
510.463,-46.735,4.451,-16.360,-15.990,-17.490
510.474,-50.916,3.131,-15.865,-15.460,-16.866
510.486,-24.063,1.532,-15.521,-15.059,-16.314
510.497,-11.830,0.355,-15.348,-14.825,-15.849
510.509,25.172,-0.360,-15.351,-14.784,-15.519
510.520,15.643,-0.522,-15.440,-14.857,-15.318
510.532,21.095,-0.180,-15.773,-15.204,-15.258
510.543,23.827,0.170,-16.192,-15.641,-15.340
510.555,13.580,0.469,-16.669,-16.130,-15.545
510.566,15.380,0.899,-17.235,-16.715,-15.866
510.578,28.315,1.531,-17.799,-17.321,-16.265
510.589,28.161,1.631,-18.384,-17.916,-16.730
510.601,-20.134,1.641,-19.054,-18.551,-17.235
510.613,-50.387,1.810,-19.567,-19.045,-17.750
510.624,-34.720,2.109,-20.018,-19.516,-18.252
510.636,-19.266,1.215,-20.371,-19.828,-18.717
510.648,-21.093,0.888,-20.647,-20.079,-19.118
510.659,-25.021,0.295,-20.864,-20.254,-19.458
510.671,-1.798,-0.049,-20.967,-20.346,-19.738
510.682,7.759,-0.063,-20.952,-20.334,-19.943
510.694,-22.674,-0.145,-20.788,-20.169,-20.039
510.706,-35.322,-0.861,-20.521,-19.884,-20.018
510.718,-28.060,-1.709,-20.221,-19.542,-19.911
510.729,11.156,-2.125,-19.820,-19.141,-19.738
510.741,11.623,-2.137,-19.376,-18.709,-19.488
510.753,-0.137,-1.910,-18.925,-18.275,-19.177
510.764,8.431,-1.619,-18.410,-17.779,-18.802
510.776,10.816,-1.313,-18.013,-17.389,-18.413
510.788,-6.051,-1.089,-17.671,-17.069,-18.034
510.799,-14.247,-1.105,-17.332,-16.748,-17.676
510.811,-1.791,-1.289,-17.149,-16.561,-17.359
510.823,9.001,-1.347,-17.116,-16.530,-17.129
510.835,19.884,-1.005,-17.234,-16.672,-17.002
510.846,27.080,-0.312,-17.402,-16.888,-16.964
510.858,7.488,0.283,-17.660,-17.170,-17.008
510.870,-24.521,0.394,-18.075,-17.570,-17.149
510.881,-17.758,0.121,-18.622,-18.096,-17.400
510.893,4.616,-0.209,-19.221,-18.684,-17.750
510.905,11.729,-0.167,-19.869,-19.327,-18.198
510.916,14.984,0.240,-20.566,-20.030,-18.715
510.928,18.067,0.741,-21.207,-20.686,-19.275
510.940,2.042,1.135,-21.810,-21.300,-19.851
510.952,-5.865,1.202,-22.335,-21.825,-20.439
510.963,15.216,1.432,-22.750,-22.251,-20.981
510.975,31.524,1.977,-22.929,-22.457,-21.429
510.986,4.158,1.694,-22.849,-22.364,-21.731
510.998,-10.083,1.777,-22.428,-21.950,-21.832
511.010,9.206,1.848,-21.706,-21.236,-21.715
511.021,0.003,1.185,-20.649,-20.158,-21.348
511.032,0.815,0.523,-19.200,-18.679,-20.676
511.044,-18.166,-0.562,-17.325,-16.750,-19.654
511.055,-14.105,-1.203,-15.086,-14.484,-18.277
511.066,-1.272,-1.059,-12.744,-12.147,-16.706
511.076,14.767,-0.303,-10.180,-9.627,-14.872
511.087,-2.883,-0.677,-7.212,-6.643,-12.552
511.099,-0.132,-0.862,-4.133,-3.563,-9.989
511.110,2.022,-1.523,-1.116,-0.528,-7.275
511.122,31.157,-1.880,1.798,2.376,-4.492
511.133,32.827,-1.988,4.508,5.100,-1.698
511.145,-3.604,-3.448,6.828,7.495,0.991
511.156,15.753,-4.656,8.738,9.465,3.464
511.168,37.687,-4.424,10.424,11.115,5.762
511.180,-3.349,-5.116,11.601,12.363,7.751
511.191,6.752,-5.172,12.475,13.239,9.431
511.203,1.119,-5.115,12.929,13.668,10.764
511.214,-15.539,-4.619,13.121,13.820,11.759
511.226,-36.934,-4.823,12.987,13.703,12.454
511.238,25.976,-3.366,12.733,13.386,12.846
511.249,12.651,-2.243,12.246,12.859,12.974
511.261,6.060,-2.046,11.664,12.269,12.890
511.273,-0.757,-2.354,11.038,11.664,12.636
511.284,-12.820,-2.814,10.422,11.063,12.277
511.296,-18.059,-3.595,9.791,10.466,11.831
511.307,-10.649,-4.339,9.211,9.916,11.337
511.319,-5.649,-4.345,8.673,9.361,10.819
511.331,-22.014,-4.902,8.131,8.848,10.288
511.342,-17.591,-5.285,7.615,8.355,9.762
511.354,-14.608,-5.545,7.200,7.962,9.266
511.366,-12.127,-5.686,6.806,7.581,8.805
511.377,-6.996,-5.538,6.493,7.254,8.388
511.389,-6.846,-5.715,6.197,6.956,8.000
511.400,-5.587,-6.070,5.870,6.632,7.630
511.412,-5.006,-5.868,5.592,6.334,7.275
511.424,-8.078,-5.882,5.266,6.003,6.926
511.435,-7.048,-5.960,4.856,5.591,6.564
511.447,-18.865,-6.732,4.332,5.096,6.164
511.459,-9.796,-6.949,3.735,4.508,5.711
511.470,13.044,-6.608,3.083,3.823,5.188
511.482,17.890,-6.173,2.336,3.047,4.607
511.493,10.769,-5.716,1.591,2.271,3.952
511.505,-7.741,-5.613,0.852,1.521,3.264
511.517,-32.222,-6.032,0.172,0.843,2.578
511.528,-52.761,-6.920,-0.506,0.178,1.890
511.540,-51.489,-7.471,-1.089,-0.415,1.219
511.552,-45.929,-7.526,-1.496,-0.852,0.595
511.563,-24.230,-7.373,-1.761,-1.154,0.058
511.575,-9.310,-6.861,-1.819,-1.240,-0.361
511.586,-2.142,-6.443,-1.683,-1.139,-0.643
511.598,19.550,-5.078,-1.326,-0.865,-0.759
511.610,26.855,-4.109,-0.826,-0.446,-0.704
511.621,-5.015,-3.753,-0.117,0.230,-0.480
511.633,-41.798,-3.999,0.728,1.083,-0.068
511.645,-47.772,-4.364,1.794,2.133,0.530
511.657,-38.832,-3.714,2.911,3.203,1.288
511.668,-26.456,-3.234,4.157,4.400,2.175
511.680,-20.612,-2.720,5.346,5.550,3.152
511.692,-16.325,-2.185,6.426,6.598,4.161
511.703,-20.955,-1.755,7.223,7.388,5.131
511.715,5.611,-0.429,7.838,7.954,5.998
511.727,13.105,0.015,8.236,8.332,6.745
511.738,4.517,0.049,8.194,8.283,7.287
511.750,-35.413,-1.250,7.806,7.938,7.584
511.761,-40.453,-2.629,7.103,7.284,7.599
511.773,-15.650,-2.876,6.171,6.360,7.349
511.785,38.685,-1.980,5.055,5.176,6.820
511.796,36.821,-1.246,3.745,3.826,6.046
511.808,29.895,-0.870,2.293,2.377,5.076
511.820,6.243,-0.997,0.954,1.047,3.985
511.831,-3.028,-0.975,-0.321,-0.231,2.877
511.842,21.178,0.141,-1.477,-1.430,1.739
511.853,32.057,1.140,-2.446,-2.446,0.631
511.864,-18.168,0.396,-3.214,-3.182,-0.385
511.875,-21.213,0.552,-3.788,-3.775,-1.299
511.886,-0.512,1.527,-4.054,-4.081,-2.042
511.897,-14.032,1.569,-4.137,-4.148,-2.596
511.908,11.530,1.822,-4.029,-4.039,-2.957
511.919,24.297,1.573,-3.739,-3.690,-3.121
511.930,0.595,0.336,-3.211,-3.086,-3.074
511.941,11.428,0.056,-2.430,-2.293,-2.818
511.953,9.753,0.455,-1.437,-1.325,-2.363
511.963,14.085,1.177,-0.416,-0.338,-1.747
511.974,7.635,1.385,0.716,0.799,-0.975
511.985,22.819,2.030,1.757,1.841,-0.100
511.996,25.917,2.503,2.791,2.854,0.823
512.007,9.233,2.149,3.685,3.784,1.769
512.018,-5.063,1.248,4.434,4.576,2.664
512.029,4.730,1.080,5.040,5.186,3.493
512.040,19.797,1.023,5.432,5.576,4.207
512.051,6.288,0.293,5.562,5.745,4.768
512.062,-5.500,-0.693,5.412,5.644,5.130
512.073,-19.016,-1.585,5.011,5.290,5.270
512.083,-17.913,-2.052,4.390,4.693,5.197
512.093,19.604,-0.686,3.594,3.840,4.916
512.104,33.006,-0.187,2.720,2.931,4.448
512.114,-7.891,-0.997,1.713,1.960,3.812
512.124,3.387,-0.469,0.690,0.915,3.057
512.134,28.146,0.030,-0.298,-0.098,2.213
512.145,-22.547,-1.280,-1.256,-1.009,1.329
512.155,-6.919,-0.456,-1.963,-1.795,0.455
512.165,31.204,0.293,-2.598,-2.508,-0.358
512.175,43.710,2.388,-3.117,-3.118,-1.121
512.186,-11.236,-0.051,-3.642,-3.550,-1.797
512.196,-29.085,-0.977,-3.828,-3.732,-2.337
512.207,-42.148,-1.580,-3.951,-3.803,-2.775
512.217,-10.814,-1.160,-3.813,-3.688,-3.052
512.227,-6.479,-0.849,-3.575,-3.461,-3.165
512.237,1.942,-0.197,-3.155,-3.083,-3.154
512.247,-7.401,0.020,-2.623,-2.570,-2.989
512.258,53.857,1.723,-1.917,-1.960,-2.677
512.268,19.793,1.237,-1.260,-1.309,-2.260
512.278,-0.513,0.000,-0.489,-0.485,-1.736
512.289,-50.776,-2.244,0.233,0.307,-1.135
512.299,-11.578,-1.452,1.235,1.250,-0.450
512.309,37.965,0.017,2.137,2.084,0.308
512.320,21.513,0.529,2.886,2.808,1.068
512.330,-16.650,-0.780,3.540,3.525,1.804
512.341,-11.683,-1.305,4.287,4.286,2.619
512.353,-4.772,-1.264,4.785,4.781,3.344
512.364,7.520,-0.795,4.928,4.908,3.866
512.374,6.113,-0.931,5.091,5.095,4.243
512.385,-3.975,-1.265,4.993,5.004,4.482
512.397,1.590,-0.989,4.609,4.597,4.539
512.407,4.139,-0.827,4.111,4.093,4.413
512.417,-12.466,-1.103,3.489,3.480,4.146
512.428,-6.093,-0.619,2.792,2.741,3.745
512.438,-0.085,-0.310,2.032,1.959,3.238
512.448,4.554,0.290,1.186,1.086,2.621
512.458,8.150,0.292,0.285,0.189,1.916
512.469,-23.775,-0.386,-0.560,-0.617,1.175
512.479,-38.515,-1.260,-1.427,-1.438,0.399
512.489,25.231,0.793,-2.089,-2.177,-0.359
512.500,1.993,0.656,-2.683,-2.776,-1.077
512.510,1.743,0.646,-3.302,-3.395,-1.781
512.521,0.369,0.704,-3.707,-3.799,-2.429
512.532,-23.890,-0.111,-3.953,-4.007,-2.961
512.543,-25.880,-0.732,-4.016,-4.050,-3.360
512.554,-8.697,-0.922,-3.885,-3.912,-3.619
512.565,-9.438,-1.638,-3.567,-3.557,-3.708
512.576,-15.599,-2.607,-3.046,-3.002,-3.624
512.587,4.900,-2.418,-2.323,-2.288,-3.362
512.599,-12.631,-2.872,-1.490,-1.445,-2.928
512.610,-28.537,-3.327,-0.546,-0.490,-2.347
512.621,-9.241,-3.237,0.477,0.522,-1.657
512.632,-2.383,-3.693,1.481,1.545,-0.869
512.643,-17.512,-4.258,2.421,2.502,-0.017
512.654,-5.515,-3.479,3.406,3.425,0.858
512.665,9.117,-2.427,4.282,4.242,1.744
512.676,31.591,-1.608,4.968,4.891,2.592
512.687,14.848,-1.223,5.353,5.247,3.310
512.698,-1.643,-0.890,5.489,5.370,3.867
512.709,15.786,-0.774,5.437,5.299,4.255
512.720,-7.607,-0.818,5.012,4.881,4.422
512.731,-2.386,-0.122,4.271,4.126,4.337
512.742,23.615,0.845,3.380,3.196,4.020
512.753,41.164,2.320,2.320,2.078,3.478
512.764,29.543,3.160,1.101,0.829,2.728
512.775,19.987,2.405,-0.108,-0.337,1.844
512.786,7.910,1.184,-1.387,-1.564,0.854
512.797,-5.719,0.351,-2.636,-2.775,-0.212
512.808,2.122,0.457,-3.662,-3.809,-1.287
512.819,-2.816,0.456,-4.462,-4.599,-2.289
512.830,2.450,0.287,-5.085,-5.197,-3.219
512.842,9.217,0.221,-5.375,-5.481,-3.970
512.853,12.484,0.754,-5.374,-5.507,-4.535
512.864,2.058,0.958,-5.071,-5.218,-4.856
512.876,-13.291,0.474,-4.469,-4.587,-4.907
512.887,-13.565,0.260,-3.614,-3.718,-4.697
512.899,5.646,0.508,-2.482,-2.598,-4.232
512.910,31.464,1.112,-1.257,-1.406,-3.536
512.922,24.985,1.625,0.052,-0.128,-2.662
512.934,4.938,1.849,1.394,1.204,-1.630
512.945,-5.246,1.592,2.691,2.513,-0.507
512.957,-1.982,1.437,3.838,3.668,0.633
512.968,7.558,1.106,4.718,4.568,1.693
512.979,34.115,1.356,5.378,5.221,2.670
512.991,35.359,1.702,5.689,5.515,3.449
513.002,26.451,1.621,5.700,5.531,4.017
513.013,41.893,1.918,5.389,5.236,4.359
513.025,14.398,1.509,4.626,4.495,4.416
513.036,-18.615,0.777,3.699,3.604,4.181
513.048,-25.533,-0.133,2.542,2.489,3.688
513.059,-24.501,-1.192,1.221,1.213,2.955
513.069,-34.669,-2.082,0.032,0.052,2.129
513.080,-14.129,-1.093,-1.134,-1.158,1.175
513.090,32.004,0.474,-2.203,-2.312,0.169
513.100,25.947,0.684,-3.128,-3.263,-0.834
513.110,35.187,1.842,-3.924,-4.125,-1.802
513.121,4.328,1.252,-4.707,-4.879,-2.713
513.131,-6.491,0.143,-5.235,-5.361,-3.511
513.141,-1.662,-0.220,-5.453,-5.547,-4.154
513.151,-21.757,-0.700,-5.383,-5.456,-4.610
513.162,-8.387,-1.009,-5.105,-5.167,-4.844
513.172,-28.263,-1.886,-4.550,-4.583,-4.848
513.182,-12.527,-1.630,-3.680,-3.729,-4.619
513.192,-0.114,-1.079,-2.662,-2.755,-4.178
513.203,-12.963,-0.957,-1.546,-1.642,-3.532
513.213,22.551,-0.181,-0.417,-0.545,-2.745
513.223,10.717,-0.198,0.704,0.576,-1.835
513.233,-34.098,-2.235,1.644,1.608,-0.874
513.244,-32.866,-1.323,2.680,2.622,0.101
513.254,47.504,0.177,3.603,3.492,1.073
513.264,46.746,2.339,4.427,4.220,2.000
513.275,2.924,1.299,4.880,4.752,2.841
513.285,-33.415,0.160,5.097,5.029,3.521
513.297,-17.979,0.021,5.210,5.139,4.087
513.309,9.630,0.079,5.026,4.947,4.451
513.320,34.430,0.735,4.627,4.513,4.594
513.332,18.189,1.615,4.029,3.876,4.508
513.343,19.994,1.994,3.236,3.059,4.217
513.355,42.159,2.923,2.360,2.135,3.743
513.366,33.087,3.853,1.494,1.230,3.126
513.378,15.992,4.360,0.628,0.343,2.427
513.389,7.066,3.851,-0.155,-0.411,1.694
513.401,-9.113,3.166,-0.741,-0.960,1.003
513.413,-13.826,2.391,-1.068,-1.249,0.397
513.424,-17.662,2.094,-1.135,-1.319,-0.059
513.436,-5.117,2.235,-0.932,-1.109,-0.334
513.447,5.946,2.364,-0.527,-0.710,-0.432
513.459,19.752,2.276,0.220,0.024,-0.308
513.471,15.087,1.595,1.161,0.988,0.047
513.482,33.547,2.105,2.342,2.153,0.643
513.494,17.999,3.183,3.807,3.552,1.489
513.506,-19.449,3.003,5.237,4.957,2.508
513.517,-28.010,2.536,6.693,6.382,3.666
513.529,-22.919,1.341,7.961,7.670,4.869
513.540,-9.199,0.994,9.062,8.779,6.054
513.552,-19.596,0.258,9.825,9.571,7.139
513.563,-18.695,-0.027,10.336,10.080,8.068
513.575,-14.686,0.353,10.568,10.293,8.825
513.587,-16.459,1.155,10.398,10.117,9.325
513.599,-32.049,1.877,9.899,9.639,9.555
513.610,9.283,2.419,9.067,8.790,9.494
513.622,39.370,2.987,8.126,7.814,9.158
513.634,48.643,3.773,6.968,6.609,8.570
513.645,48.902,4.681,5.709,5.310,7.776
513.657,44.760,5.694,4.454,4.023,6.825
513.669,33.317,6.600,3.262,2.805,5.789
513.680,8.687,6.861,2.273,1.821,4.758
513.692,-27.617,6.017,1.428,1.047,3.794
513.704,-53.434,5.110,0.823,0.498,2.928
513.715,-37.962,4.716,0.572,0.277,2.224
513.727,10.670,3.819,0.567,0.313,1.694
513.739,42.233,4.043,0.904,0.632,1.404
513.751,24.642,4.350,1.619,1.322,1.395
513.762,-24.235,3.648,2.572,2.319,1.677
513.774,-32.308,2.258,3.702,3.529,2.224
513.786,-7.265,2.008,4.983,4.828,2.980
513.797,-2.062,1.763,6.274,6.133,3.909
513.809,-3.991,1.452,7.497,7.372,4.941
513.820,-9.555,1.144,8.713,8.593,6.034
513.832,-12.513,0.360,9.633,9.547,7.114
513.844,-13.856,0.085,10.462,10.392,8.124
513.855,-17.361,-0.426,10.960,10.909,9.008
513.867,-42.561,-1.923,11.098,11.108,9.701
513.879,-6.483,-1.999,11.027,11.055,10.189
513.890,2.581,-2.049,10.569,10.621,10.423
513.902,8.007,-1.624,9.893,9.919,10.393
513.914,-2.668,-0.731,8.761,8.745,10.048
513.925,-10.864,-0.029,7.354,7.326,9.411
513.936,9.655,0.713,5.885,5.824,8.525
513.947,12.715,1.342,4.220,4.131,7.408
513.958,13.972,2.151,2.447,2.329,6.078
513.969,20.316,3.030,0.654,0.498,4.591
513.980,32.434,3.327,-1.112,-1.309,3.007
513.990,14.278,3.533,-2.813,-3.024,1.358
514.002,-2.824,3.516,-4.530,-4.709,-0.381
514.014,-8.967,4.065,-5.915,-6.108,-2.067
514.025,9.502,4.400,-7.035,-7.252,-3.586
514.037,21.288,4.171,-8.003,-8.183,-4.936
514.048,-1.916,3.257,-8.652,-8.779,-6.038
514.058,-16.697,2.452,-9.097,-9.182,-6.905
514.069,16.179,3.656,-9.220,-9.351,-7.568
514.079,18.688,3.555,-9.350,-9.472,-8.068
514.089,29.311,3.731,-9.490,-9.603,-8.451
514.100,38.211,4.691,-9.637,-9.781,-8.757
514.111,22.293,3.562,-9.980,-10.063,-9.071
514.122,16.946,2.867,-10.481,-10.507,-9.398
514.133,17.588,2.144,-11.095,-11.074,-9.803
514.144,34.952,2.538,-11.953,-11.932,-10.314
514.155,44.111,2.987,-13.070,-13.056,-10.985
514.166,16.106,1.682,-14.401,-14.311,-11.814
514.177,1.790,0.476,-15.872,-15.682,-12.815
514.188,6.131,0.031,-17.420,-17.183,-13.968
514.199,20.279,0.127,-18.994,-18.747,-15.247
514.210,21.949,0.097,-20.568,-20.318,-16.636
514.221,12.827,-0.374,-22.111,-21.846,-18.089
514.232,4.292,-0.726,-23.417,-23.151,-19.517
514.243,7.288,-0.649,-24.414,-24.155,-20.867
514.255,22.511,0.431,-25.129,-24.914,-22.051
514.266,24.122,0.866,-25.408,-25.209,-22.970
514.277,22.622,1.569,-25.203,-25.025,-23.602
514.288,26.830,2.321,-24.708,-24.576,-23.913
514.299,-11.488,1.989,-23.900,-23.736,-23.905
514.310,-1.957,2.159,-22.753,-22.597,-23.567
514.321,-18.721,1.342,-21.511,-21.298,-22.944
514.332,-14.785,0.474,-20.118,-19.858,-22.076
514.343,10.219,0.438,-18.681,-18.416,-21.031
514.354,27.914,0.539,-17.272,-16.997,-19.855
514.365,20.592,-0.177,-15.856,-15.534,-18.591
514.376,-6.353,-1.663,-14.678,-14.271,-17.307
514.387,-34.615,-3.354,-13.571,-13.090,-16.054
514.398,-34.074,-4.161,-12.726,-12.199,-14.884
514.409,-4.406,-3.754,-12.081,-11.579,-13.855
514.420,10.984,-3.318,-11.802,-11.332,-13.039
514.431,-18.747,-3.877,-11.900,-11.420,-12.483
514.442,-39.386,-4.650,-12.213,-11.722,-12.183
514.453,-15.357,-4.830,-12.661,-12.186,-12.114
514.464,-2.954,-4.945,-13.401,-12.925,-12.266
514.475,-1.866,-4.944,-14.298,-13.831,-12.642
514.486,20.458,-3.859,-15.252,-14.853,-13.219
514.497,37.509,-2.045,-16.162,-15.876,-13.918
514.508,36.861,-1.249,-17.209,-16.981,-14.749
514.519,28.413,-0.020,-18.173,-18.009,-15.656
514.530,16.212,0.559,-19.028,-18.890,-16.555
514.541,4.705,0.311,-19.671,-19.521,-17.397
514.552,-0.721,0.040,-20.090,-19.930,-18.126
514.563,-9.577,-0.342,-20.296,-20.122,-18.709
514.574,-25.533,-1.046,-20.259,-20.058,-19.120
514.585,-31.683,-1.931,-20.012,-19.783,-19.349
514.596,-26.310,-2.579,-19.505,-19.265,-19.369
514.607,-18.497,-2.670,-18.752,-18.514,-19.180
514.618,-33.271,-3.640,-17.740,-17.448,-18.755
514.629,-45.810,-4.464,-16.465,-16.148,-18.088
514.640,-32.737,-6.116,-14.858,-14.491,-17.161
514.651,-11.395,-5.837,-13.023,-12.683,-16.014
514.663,24.372,-6.360,-10.684,-10.342,-14.378
514.674,21.459,-6.636,-7.923,-7.604,-12.394
514.686,-6.080,-6.185,-5.099,-4.817,-10.103
514.697,5.037,-5.321,-2.422,-2.194,-7.847
514.708,4.788,-4.986,0.352,0.560,-5.305
514.720,5.155,-5.412,3.003,3.252,-2.701
514.731,-2.754,-5.888,5.477,5.758,-0.136
514.742,-5.342,-6.099,7.675,7.972,2.355
514.753,-2.666,-5.332,9.552,9.814,4.680
514.765,-19.807,-5.060,11.091,11.345,6.804
514.776,-10.823,-4.926,12.332,12.574,8.698
514.788,7.697,-5.092,13.235,13.493,10.302
514.799,-8.747,-5.593,13.889,14.165,11.626
514.811,-33.909,-6.068,14.290,14.586,12.686
514.823,-41.976,-5.962,14.641,14.896,13.531
514.834,-24.856,-5.333,14.903,15.083,14.184
514.845,-5.131,-4.822,15.004,15.130,14.637
514.856,10.784,-3.862,15.073,15.142,14.946
514.867,8.732,-3.149,15.079,15.109,15.166
514.879,-24.636,-3.070,15.015,15.037,15.303
514.891,-33.495,-3.483,14.882,14.899,15.371
514.902,-23.983,-3.575,14.721,14.734,15.363
514.914,-31.606,-5.061,14.499,14.571,15.285
514.925,-32.967,-6.096,14.153,14.256,15.140
514.937,-25.439,-6.825,13.717,13.842,14.901
514.948,-22.200,-7.117,13.147,13.268,14.573
514.960,-23.865,-7.049,12.414,12.517,14.124
514.971,-41.735,-6.680,11.579,11.653,13.547
514.983,-42.170,-5.674,10.402,10.445,12.809
514.995,-0.554,-4.914,9.156,9.155,11.923
515.006,-5.803,-4.969,7.789,7.787,10.885
515.018,9.654,-4.326,6.377,6.341,9.729
515.030,9.110,-4.351,4.957,4.923,8.493
515.041,0.196,-3.778,3.488,3.418,7.171
515.053,-35.922,-3.540,2.127,2.023,5.800
515.064,-13.133,-2.789,1.012,0.836,4.554
515.074,10.754,-2.110,0.056,-0.169,3.412
515.084,20.038,-0.940,-0.809,-1.087,2.347
515.095,20.525,-0.481,-1.626,-1.919,1.345
515.105,16.897,-0.737,-2.327,-2.609,0.430
515.115,-9.731,-2.202,-2.887,-3.131,-0.385
515.126,-31.324,-3.209,-3.336,-3.539,-1.095
515.136,-36.960,-3.256,-3.565,-3.767,-1.683
515.146,-33.115,-3.427,-3.691,-3.876,-2.135
515.156,22.198,-1.737,-3.560,-3.835,-2.454
515.166,19.247,-1.548,-3.295,-3.579,-2.612
515.177,-1.670,-1.771,-2.853,-3.122,-2.598
515.187,22.049,-1.311,-2.172,-2.478,-2.413
515.197,17.484,-1.374,-1.462,-1.782,-2.065
515.208,9.584,-1.547,-0.581,-0.905,-1.583
515.218,-6.122,-2.336,0.376,0.089,-0.939
515.228,-32.048,-2.986,1.266,1.012,-0.212
515.238,-25.836,-3.614,2.124,1.908,0.566
515.249,13.344,-2.664,3.070,2.812,1.376
515.259,-3.048,-2.839,3.956,3.708,2.216
515.269,16.046,-2.124,4.789,4.509,3.053
515.279,-14.193,-2.587,5.319,5.075,3.833
515.289,6.761,-2.508,5.796,5.551,4.528
515.300,-25.770,-3.050,6.025,5.811,5.106
515.310,-1.780,-2.856,6.075,5.852,5.546
515.320,-6.702,-2.916,5.964,5.739,5.821
515.331,3.003,-2.703,5.684,5.451,5.930
515.341,31.025,-2.323,5.254,4.986,5.876
515.351,-12.641,-3.006,4.561,4.330,5.647
515.361,0.151,-3.014,3.829,3.595,5.259
515.371,-37.318,-4.430,2.924,2.756,4.731
515.382,2.788,-3.115,2.059,1.835,4.084
515.392,1.597,-2.874,1.253,1.014,3.372
515.402,9.094,-2.432,0.386,0.117,2.616
515.412,17.532,-2.105,-0.413,-0.714,1.834
515.422,18.129,-1.959,-1.208,-1.521,1.033
515.433,-8.087,-3.105,-1.890,-2.174,0.246
515.445,6.332,-3.440,-2.443,-2.715,-0.570
515.455,-37.382,-5.474,-2.899,-3.083,-1.166
515.465,2.646,-4.175,-3.093,-3.340,-1.663
515.475,3.917,-3.451,-3.164,-3.452,-2.048
515.486,-4.359,-3.301,-3.139,-3.440,-2.325
515.496,33.528,-2.547,-2.974,-3.312,-2.484
515.506,14.365,-2.546,-2.638,-2.989,-2.520
515.516,-45.696,-4.327,-2.204,-2.483,-2.415
515.527,-16.941,-4.073,-1.612,-1.922,-2.177
515.537,34.659,-1.822,-0.725,-1.146,-1.793
515.547,-0.982,-2.179,0.136,-0.277,-1.255
515.557,-27.752,-3.048,0.987,0.616,-0.612
515.568,-25.708,-3.099,1.858,1.502,0.092
515.578,25.446,-1.491,2.724,2.301,0.833
515.588,17.589,-1.431,3.580,3.167,1.622
515.599,19.270,-1.560,4.248,3.834,2.392
515.609,-26.119,-3.386,4.758,4.396,3.093
515.619,-34.314,-3.488,5.165,4.787,3.714
515.629,9.524,-2.301,5.475,5.040,4.242
515.639,-17.331,-2.819,5.538,5.133,4.669
515.650,-4.953,-2.719,5.363,4.952,4.932
515.660,-38.270,-4.037,5.073,4.704,5.038
515.670,0.858,-3.310,4.762,4.343,5.016
515.680,8.417,-2.366,4.233,3.765,4.840
515.691,4.033,-2.264,3.553,3.081,4.518
515.701,-5.771,-2.844,2.706,2.254,4.061
515.711,-31.593,-3.557,1.839,1.409,3.467
515.722,-31.529,-3.945,1.081,0.652,2.809
515.732,48.024,-1.718,0.366,-0.169,2.119
515.742,23.858,-1.538,-0.350,-0.910,1.395
515.752,-20.122,-2.495,-1.017,-1.555,0.703
515.763,-41.578,-4.294,-1.736,-2.218,-0.014
515.773,7.032,-2.356,-2.147,-2.733,-0.666
515.783,40.520,-1.387,-2.564,-3.213,-1.268
515.794,36.737,-0.340,-2.826,-3.548,-1.786
515.804,-4.786,-1.514,-3.087,-3.757,-2.238
515.814,-10.181,-2.438,-3.178,-3.795,-2.576
515.825,-23.792,-2.884,-3.201,-3.805,-2.825
515.835,-33.228,-4.417,-3.051,-3.593,-2.969
515.845,-41.692,-4.707,-2.730,-3.269,-2.986
515.856,47.399,-0.970,-2.034,-2.699,-2.828
515.866,48.561,-0.188,-1.365,-2.090,-2.520
515.876,10.969,-1.190,-0.647,-1.343,-2.085
515.886,-19.702,-2.953,0.158,-0.492,-1.529
515.897,-12.449,-2.856,1.087,0.419,-0.886
515.907,-11.313,-2.708,2.017,1.343,-0.149
515.917,-0.833,-2.328,2.966,2.281,0.643
515.927,-4.263,-2.215,3.863,3.170,1.491
515.938,15.314,-1.553,4.643,3.927,2.321
515.948,20.342,-0.842,5.371,4.617,3.119
515.958,-18.977,-1.604,5.933,5.206,3.855
515.968,-9.664,-2.087,6.304,5.597,4.492
515.979,7.307,-1.822,6.507,5.790,5.010
515.989,-33.927,-2.627,6.479,5.791,5.384
515.999,-16.100,-2.389,6.300,5.603,5.604
516.009,9.643,-1.834,5.901,5.172,5.643
516.020,-31.198,-2.440,5.351,4.659,5.510
516.031,-30.733,-2.023,4.633,3.956,5.202
516.042,7.065,-0.890,3.787,3.085,4.741
516.053,14.036,-0.369,2.854,2.119,4.137
516.064,-5.249,-1.011,1.764,1.050,3.365
516.076,-0.309,-1.824,0.617,-0.062,2.470
516.088,9.315,-2.396,-0.374,-1.033,1.528
516.099,15.076,-2.640,-1.219,-1.883,0.600
516.111,17.190,-2.509,-1.824,-2.516,-0.262
516.122,18.585,-2.285,-2.080,-2.793,-0.968
516.134,6.632,-1.572,-1.953,-2.702,-1.457
516.145,-12.303,-4.175,-1.062,-1.759,-1.636
516.157,-37.513,-6.407,2.094,1.411,-0.983
516.169,-16.919,-6.375,3.118,2.452,0.095
516.180,-19.728,-10.153,-0.927,-1.597,0.100
516.192,44.218,-7.100,-0.766,-1.626,-0.456
516.203,48.905,-8.723,0.250,-0.667,-0.629
516.215,-10.226,-8.306,1.490,0.537,-0.369
516.226,65.755,-8.479,1.463,0.425,-0.154
516.237,-21.124,-9.192,1.206,0.165,-0.150
516.248,-53.084,-8.970,0.989,-0.107,-0.269
516.259,-14.173,-8.667,0.888,-0.343,-0.446
516.270,-15.886,-10.129,0.935,-0.351,-0.611
516.281,-30.686,-12.334,1.918,0.726,-0.418
516.292,-40.393,-12.567,2.020,0.848,-0.036
516.303,-13.736,-10.647,1.562,0.036,-0.072
516.314,-10.450,-10.323,1.120,-0.357,-0.354
516.325,-17.419,-12.071,1.321,-0.024,-0.463
516.336,-19.500,-11.830,1.490,0.100,-0.404
516.347,10.592,-3.771,1.173,-0.279,-0.479
516.358,3.319,-5.928,1.138,-0.268,-0.505
516.369,9.872,-5.643,1.215,-0.241,-0.513
516.380,-1.491,-5.653,1.346,-0.193,-0.497
516.391,66.449,-4.344,1.507,-0.215,-0.479
516.402,12.429,-1.838,1.364,-0.426,-0.527
516.412,-3.173,-2.498,1.168,-0.516,-0.596
516.424,-3.993,-2.549,1.225,-0.586,-0.681
516.435,6.085,-3.396,1.267,-0.520,-0.733
516.447,7.898,0.913,1.160,-0.680,-0.788
516.458,-13.390,-0.384,1.084,-0.684,-0.824
516.470,-21.418,-0.411,1.123,-0.624,-0.831
516.482,-4.834,-0.323,1.128,-0.615,-0.828
516.493,22.864,0.108,1.176,-0.687,-0.837
516.505,-5.470,-0.091,1.146,-0.694,-0.862
516.517,-4.512,-0.173,1.110,-0.727,-0.883
516.528,9.907,0.404,1.195,-0.677,-0.884
516.540,-4.133,1.179,1.196,-0.682,-0.879
516.551,-2.879,0.695,1.142,-0.678,-0.875
516.563,2.923,0.846,1.167,-0.648,-0.865
516.575,-0.958,0.936,1.149,-0.659,-0.855
516.586,1.288,0.767,1.128,-0.658,-0.852
516.598,1.851,1.006,1.141,-0.648,-0.846
516.609,-1.865,0.781,1.119,-0.647,-0.841
516.621,2.740,0.920,1.096,-0.668,-0.847
516.632,-0.479,0.874,1.075,-0.677,-0.856
516.644,0.933,0.943,1.051,-0.695,-0.861
516.656,0.804,0.959,1.046,-0.691,-0.868
516.667,0.598,0.968,1.059,-0.670,-0.873
516.679,-0.436,1.028,1.074,-0.649,-0.858
516.690,0.565,0.979,1.072,-0.638,-0.848
516.702,0.772,1.071,1.058,-0.648,-0.842
516.713,1.441,1.036,1.035,-0.661,-0.844
516.725,1.444,1.054,1.065,-0.623,-0.835
516.736,1.085,1.058,1.049,-0.629,-0.826
516.748,-0.294,1.055,1.054,-0.615,-0.817
516.760,-2.103,0.972,1.058,-0.598,-0.810
516.771,2.646,0.998,1.058,-0.590,-0.797
516.783,4.620,1.099,1.036,-0.608,-0.796
516.794,1.274,1.060,1.028,-0.605,-0.794
516.805,1.944,1.045,1.043,-0.580,-0.787
516.816,1.483,1.047,1.042,-0.569,-0.780
516.827,2.428,0.969,1.027,-0.567,-0.771
516.837,3.125,1.052,1.043,-0.545,-0.761
516.848,1.164,1.079,1.033,-0.545,-0.749
516.859,1.883,1.075,1.007,-0.558,-0.746
516.870,1.805,1.115,1.003,-0.553,-0.748
516.880,2.091,1.105,0.977,-0.567,-0.748
516.891,1.636,1.136,0.990,-0.544,-0.745
516.902,1.332,1.137,0.988,-0.535,-0.737
516.913,1.350,1.145,0.989,-0.524,-0.730
516.924,1.514,1.163,0.999,-0.504,-0.716
516.934,1.297,1.143,1.008,-0.483,-0.702
516.945,0.925,1.124,1.018,-0.462,-0.687
516.956,1.004,1.102,1.021,-0.446,-0.670
516.967,1.087,1.084,1.004,-0.452,-0.661
516.977,0.923,1.064,1.008,-0.436,-0.655
516.988,0.919,1.046,0.991,-0.442,-0.651
516.999,0.963,1.025,1.028,-0.393,-0.638
517.010,0.923,1.007,1.017,-0.393,-0.618
517.020,0.882,1.007,0.977,-0.423,-0.615
517.031,0.968,1.004,1.003,-0.386,-0.607
517.042,0.881,0.993,0.978,-0.401,-0.598
517.053,0.921,1.011,0.993,-0.377,-0.590
517.063,0.960,0.977,0.994,-0.364,-0.579
517.074,1.007,0.998,1.009,-0.340,-0.564
517.085,0.839,0.967,0.987,-0.351,-0.552
517.096,1.047,0.964,0.997,-0.331,-0.545
517.107,0.960,0.952,0.985,-0.333,-0.539
517.117,0.878,0.963,0.977,-0.332,-0.534
517.128,1.001,0.967,0.973,-0.326,-0.530
517.139,0.794,0.938,0.940,-0.349,-0.533
517.150,1.003,0.937,0.933,-0.346,-0.534
517.160,1.008,0.945,0.939,-0.332,-0.530
517.171,0.835,0.947,0.937,-0.324,-0.523
517.182,1.009,0.955,0.946,-0.307,-0.516
517.193,1.051,0.965,0.938,-0.306,-0.509
517.203,1.049,0.979,0.932,-0.304,-0.506
517.214,0.964,0.968,0.945,-0.281,-0.495
517.225,0.918,0.986,0.967,-0.251,-0.478
517.236,1.048,1.007,0.982,-0.228,-0.454
517.247,0.877,0.984,0.966,-0.235,-0.441
517.257,1.047,0.993,0.956,-0.237,-0.439
517.268,0.878,0.986,0.973,-0.210,-0.431
517.279,0.800,0.965,0.967,-0.207,-0.423
517.290,0.965,0.962,0.934,-0.231,-0.422
517.300,1.006,0.959,0.933,-0.224,-0.424
517.311,0.798,0.952,0.930,-0.218,-0.421
517.322,0.841,0.953,0.905,-0.235,-0.423
517.333,1.130,0.959,0.906,-0.225,-0.426
517.343,0.797,0.954,0.896,-0.227,-0.429
517.354,1.129,0.963,0.874,-0.242,-0.433
517.365,1.341,0.990,0.856,-0.253,-0.443
517.376,1.089,0.999,0.860,-0.241,-0.449
517.386,1.004,0.996,0.890,-0.203,-0.438
517.397,1.130,0.985,0.871,-0.213,-0.424
517.408,0.882,0.971,0.878,-0.198,-0.412
517.419,1.006,0.934,0.888,-0.178,-0.401
517.430,1.213,0.962,0.880,-0.179,-0.390
517.440,0.920,0.977,0.885,-0.167,-0.383
517.451,0.796,0.967,0.854,-0.190,-0.384
517.462,0.958,0.940,0.846,-0.189,-0.387
517.473,1.169,0.955,0.834,-0.194,-0.389
517.483,1.003,0.945,0.829,-0.191,-0.386
517.494,0.881,0.947,0.845,-0.167,-0.376
517.505,1.047,0.963,0.826,-0.179,-0.369
517.516,0.758,0.962,0.813,-0.185,-0.367
517.526,0.796,0.990,0.799,-0.193,-0.369
517.537,1.045,0.985,0.819,-0.165,-0.362
517.548,1.173,0.982,0.809,-0.168,-0.354
517.559,1.003,0.981,0.817,-0.153,-0.345
517.569,0.754,0.966,0.836,-0.125,-0.329
517.580,1.130,0.961,0.813,-0.141,-0.319
517.591,0.879,0.978,0.796,-0.152,-0.324
517.602,0.756,0.965,0.789,-0.152,-0.323
517.613,1.126,0.996,0.802,-0.133,-0.318
517.623,0.794,0.987,0.807,-0.120,-0.305
517.634,0.837,0.987,0.819,-0.101,-0.293
517.645,0.756,0.985,0.808,-0.105,-0.281
517.656,0.754,0.979,0.826,-0.079,-0.269
517.666,1.051,0.978,0.833,-0.066,-0.255
517.677,0.878,0.974,0.833,-0.059,-0.241
517.688,1.089,0.983,0.839,-0.047,-0.227
517.699,0.834,0.966,0.878,-0.000,-0.204
517.709,0.672,0.939,0.849,-0.021,-0.191
517.720,1.085,0.957,0.831,-0.033,-0.186
517.731,1.127,0.981,0.841,-0.018,-0.181
517.742,0.840,0.973,0.824,-0.028,-0.176
517.752,1.006,0.972,0.817,-0.028,-0.176
517.763,1.088,0.984,0.802,-0.036,-0.177
517.774,1.130,1.006,0.806,-0.028,-0.178
517.785,0.960,0.997,0.800,-0.027,-0.176
517.795,1.175,0.990,0.821,0.000,-0.171
517.806,1.004,0.989,0.814,-0.000,-0.170
517.817,0.797,0.975,0.819,0.011,-0.162
517.828,0.961,0.959,0.810,0.010,-0.156
517.838,0.754,0.938,0.838,0.045,-0.142
517.849,0.835,0.948,0.831,0.044,-0.129
517.860,0.754,0.927,0.828,0.048,-0.123
517.871,0.964,0.952,0.829,0.054,-0.114
517.882,0.882,0.965,0.819,0.050,-0.111
517.892,0.793,0.953,0.813,0.051,-0.110
517.903,1.126,0.977,0.809,0.051,-0.106
517.914,0.668,0.966,0.783,0.032,-0.109
517.925,1.134,0.973,0.781,0.036,-0.109
517.935,1.131,0.974,0.751,0.012,-0.115
517.946,1.003,0.963,0.770,0.037,-0.117
517.957,1.138,0.970,0.775,0.047,-0.113
517.968,0.959,0.972,0.789,0.068,-0.101
517.979,1.049,0.967,0.795,0.080,-0.087
517.989,1.172,1.005,0.818,0.107,-0.069
518.000,0.967,1.021,0.809,0.102,-0.057
518.011,1.088,1.012,0.793,