R
Px,Ix,Dx,Py,Iy,Dy,Pz,Iz,FFrx,FFry,FFdrx,FFdry,satI,satPID,DTermC,GparamC,AparamC,KFQAng,KFQbias,KFRmeas,CPx,CIx,CPy,CIy,CsatI,CsatPID,CFFdrx,CFFdry
175,25,1900,200,25,2100,500,150,0,0,0,0,7,75,10,10.0,32.0,0.000100,0.003000,20,0,0,0,0,10,75,0,0
sysTime
16.901
16.912
16.923
16.934
16.945
16.957
16.968
16.979
16.990
17.001
17.012
17.023
17.034
17.045
17.056
17.067
17.078
17.089
17.101
17.112
17.123
17.134
17.145
17.156
17.167
17.178
17.189
17.200
17.211
17.222
17.233
17.245
17.256
17.267
17.278
17.289
17.300
17.310
17.321
17.332
17.343
17.354
17.365
17.376
17.388
17.399
17.410
17.421
17.432
17.443
17.454
17.465
17.476
17.487
17.498
17.509
17.521
17.532
17.543
17.554
17.565
17.576
17.587
17.598
17.609
17.620
17.631
17.642
17.654
17.665
17.676
17.687
17.698
17.709
17.720
17.731
17.742
17.753
17.764
17.775
17.786
17.798
17.809
17.820
17.831
17.842
17.853
17.864
17.875
17.886
17.897
17.908
17.919
17.931
17.942
17.953
17.964
17.975
17.986
17.997
18.008
18.019
18.030
18.041
18.053
18.064
18.075
18.086
18.097
18.108
18.118
18.129
18.140
18.151
18.162
18.174
18.185
18.196
18.207
18.218
18.229
18.240
18.251
18.262
18.273
18.284
18.296
18.307
18.318
18.329
18.340
18.351
18.362
18.373
18.384
18.395
18.407
18.418
18.429
18.440
18.451
18.462
18.473
18.484
18.495
18.506
18.517
18.529
18.540
18.551
18.562
18.573
18.584
18.595
18.606
18.617
18.628
18.639
18.651
18.662
18.673
18.684
18.695
18.706
18.717
18.728
18.739
18.750
18.761
18.773
18.784
18.795
18.806
18.817
18.828
18.839
18.850
18.861
18.872
18.883
18.895
18.906
18.917
