R
Px,Ix,Dx,Py,Iy,Dy,Pz,Iz,FFrx,FFry,FFdrx,FFdry,satI,satPID,DTermC,GparamC,AparamC,KFQAng,KFQbias,KFRmeas,CPx,CIx,CPy,CIy,CsatI,CsatPID,CFFdrx,CFFdry,CFalpha
175,25,1900,200,25,2100,500,150,0,0,0,0,7,75,10,10.0,32.0,0.000100,0.003000,20,0,0,0,0,10,75,0,0,0.995
sysTime
5.298
5.309
5.319
5.330
5.341
5.352
5.363
5.373
5.384
5.395
5.406
5.416
5.427
5.438
5.449
5.459
5.470
5.481
5.492
5.502
5.513
5.524
5.535
5.545
5.556
5.567
5.578
5.588
5.599
5.610
5.621
5.631
5.642
5.653
5.664
5.674
5.685
5.696
5.706
5.717
5.728
5.739
5.750
5.760
5.771
5.781
5.792
5.803
5.814
5.825
5.836
5.847
5.857
5.868
5.879
5.890
5.901
5.911
5.922
5.933
5.944
5.955
5.966
5.977
5.987
5.998
6.009
6.020
6.031
6.042
6.052
6.063
6.074
6.085
6.096
6.107
6.118
6.128
6.139
6.150
6.161
6.172
6.183
6.193
6.204
6.215
6.226
6.237
6.248
6.258
6.269
6.280
6.291
6.301
6.311
6.321
6.331
6.341
6.351
6.362
6.372
6.383
6.393
6.403
6.413
6.423
6.433
6.444
6.454
6.464
6.474
6.484
6.494
6.504
6.514
6.524
6.534
6.544
6.555
6.566
6.576
6.586
6.596
6.606
6.616
6.626
6.637
6.647
6.658
6.668
6.678
6.689
6.700
6.712
6.722
6.732
6.742
6.752
6.762
6.773
6.783
6.793
6.803
6.813
6.823
6.833
6.843
6.853
6.863
6.873
6.883
6.893
6.903
6.913
6.925
6.935
6.945
6.956
6.966
6.977
6.987
6.998
7.009
7.019
7.031
7.042
7.053
7.064
7.074
7.084
7.095
7.106
7.117
7.129
7.140
7.151
7.162
7.173
7.184
7.195
7.206
7.217
7.228
7.239
7.250
7.261
7.272
7.283
7.294
7.305
7.316
7.327
7.338
7.349
7.360
7.371
7.382
7.393
7.404
7.415
7.426
7.437
7.448
7.459
7.471
7.482
7.493
7.504
7.515
7.526
7.537
7