R
Px,Ix,Dx,Py,Iy,Dy,Pz,Iz,FFrx,FFry,FFdrx,FFdry,satI,satPID,DTermC,GparamC,AparamC,KFQAng,KFQbias,KFRmeas,CPx,CIx,CPy,CIy,CsatI,CsatPID,CFFdrx,CFFdry
175,25,1900,200,25,2100,500,150,0,0,0,0,7,75,10,10.0,32.0,0.000100,0.003000,20,0,0,0,0,10,75,0,0
sysTime
11.940
11.950
11.960
11.970
11.980
11.990
12.001
12.011
12.021
12.031
12.041
12.053
12.063
12.073
12.083
12.094
12.104
12.114
12.124
12.134
12.144
12.154
12.164
12.174
12.184
12.194
12.204
12.215
12.225
12.235
12.245
12.255
12.265
12.275
12.285
12.295
12.305
12.316
12.326
12.336
12.346
12.356
12.366
12.376
12.386
12.396
12.406
12.416
12.426
12.436
12.446
12.456
12.466
12.476
12.487
12.497
12.507
12.517
12.527
12.537
12.547
12.557
12.567
12.577
12.587
12.597
12.607
12.617
12.627
12.637
12.647
12.657
12.667
12.677
12.688
12.698
12.708
12.718
12.728
12.739
12.749
12.759
12.769
12.779
12.789
12.799
12.809
12.819
12.829
12.839
12.849
12.859
12.869
12.879
12.889
12.899
12.909
12.919
12.930
12.940
12.950
12.961
12.971
12.981
12.991
13.001
13.011
13.021
13.031
13.041
13.052
13.062
13.072
13.082
13.092
13.102
13.112
13.122
13.132
13.142
13.152
13.162
13.172
13.182
13.192
13.202
13.212
13.222
13.232
13.243
13.253
13.263
13.273
13.283
13.293
13.303
13.313
13.324
13.334
13.344
13.354
13.364
13.374
13.384
13.394
13.406
13.416
13.426
13.436
13.446
13.456
13.466
13.476
13.486
13.497
13.507
13.517
13.527
13.537
13.547
13.557
13.567
13.577
13.587
13.597
13.607
13.617
13.627
13.637
13.648
13.658
13.669
13.679
13.689
13.699
13.709
13.719
13.729
13.739
13.750
13.760
13.770
13.780
13.790
13.801
13.811
13.821
13.832
13.842
13.852
13.862
13.872
13.882
13.892
13.902
13.912
13.922
13.932
13.942
13.952
13.962
13.972
13.982
13.992
14.002
14.012
14.022
14.032
14.042
14.052
14.063
14.073
14.083
14.093
14.103
14.113
14.123
14.133
14.143
14.153
14.163
14.173
14.183
14.193
14.203
14.213
14.223
14.233
14.243
14.253
14.263
14.273
14.283
14.293
14.303
14.313
14.324
14.334
14.344
14.354
14.364
14.374
14.384
14.394
14.404
14.414
14.424
14.434
14.444
14.454
14.464
14.474
14.484
14.494
14.504
14.514
14.524
14.535
14.545
14.555
14.565
14.576
14.586
14.596
14.606
14.616
14.626
14.636
14.646
14.656
14.666
14.676
14.686
14.696
14.706
14.716
14.726
14.736
14.746
14.756
14.766
14.776
14.786
14.796
14.806
14.817
14.827
14.837
14.847
14.857
14.867
14.877
14.887
14.897
14.907
14.917
14.927
14.937
14.947
14.957
14.967
14.977
14.987
14.997
15.007
15.017
15.027
15.037
15.047
15.058
15.068
15.078
15.088
15.098
15.108
15.118
15.128
15.139
15.149
15.159
15.169
15.179
15.189
15.199
15.209
15.219
15.229
15.240
15.250
15.260
15.271
15.281
15.291
15.301
15.311
15.321
15.331
15.341
15.351
15.362
15.372
15.382
15.392
15.402
15.412
15.422
15.432
15.442
15.452
15.462
15.473
15.483
15.493
15.503
15.513
15.523
15.533
15.544
15.554
15.564
15.574
15.584
15.594
15.604
15.614
15.624
15.634
15.644
15.654
15.664
15.675
15.685
15.695
15.705
15.715
15.725
15.735
15.745
15.755
15.765
15.775
15.785
15.795
15.805
15.815
15.825
15.835
15.845
15.855
15.865
15.875
15.885
15.895
15.905
15.915
15.925
15.936
15.947
15.957
15.967
15.977
15.987
15.997
16.008
16.018
16.028
16.038
16.048
16.059
16.069
16.079
16.089
16.099
16.109
16.119
16.129
16.139
16.149
16.160
16.170
16.180
16.190
16.200
16.210
16.220
16.230
16.240
16.250
16.261
16.271
16.281
16.291
16.301
16.311
16.321
16.331
16.341
16.351
16.361
16.371
16.382
16.392
16.402
16.412
16.422
16.432
16.442
16.452
16.462
16.472
16.482
16.492
16.502
16.512
16.522
16.532
16.542
16.552
16.562
16.572
16.582
16.592
16.602
16.612
16.622
16.632
16.643
16.653
16.663
16.673
16.683
16.693
16.703
16.713
16.723
16.7