R
Px,Ix,Dx,Py,Iy,Dy,Pz,Iz,FFrx,FFry,FFdrx,FFdry,satI,satPID,DTermC,GparamC,AparamC,KFQAng,KFQbias,KFRmeas
175,25,1900,200,25,2100,300,100,0,0,0,0,7,75,10,10.0,32.0,0.000,0.000,20.00
sysTime,GPT1X,GPT2X,aRawR,aPT1R,aPT2R,aKFRawR,aKFPT10R,aKFPT20R,aKFPT11R,aKFPT21R,aKFPT22R
311.435,-0.291,0.163,-1.417,-1.558,-1.522,-1.722,-2.005,-2.028,-2.022,-2.045,-1.972
311.446,-0.312,-0.029,-1.287,-1.544,-1.526,-1.730,-2.013,-2.035,-2.026,-2.049,-1.971
311.456,-0.651,-0.106,-1.634,-1.549,-1.529,-1.734,-2.017,-2.040,-2.028,-2.051,-1.971
311.467,-0.302,-0.258,-1.416,-1.554,-1.533,-1.736,-2.018,-2.041,-2.034,-2.057,-1.972
311.477,-0.620,-0.444,-1.585,-1.525,-1.533,-1.757,-2.040,-2.062,-2.041,-2.064,-1.975
311.488,-0.450,-0.356,-1.506,-1.521,-1.531,-1.744,-2.027,-2.050,-2.043,-2.066,-1.979
311.498,-0.020,-0.321,-1.459,-1.502,-1.528,-1.729,-2.012,-2.034,-2.045,-2.068,-1.982
311.509,-0.258,-0.155,-1.499,-1.492,-1.523,-1.724,-2.007,-2.029,-2.043,-2.066,-1.983
311.519,-1.147,-0.480,-1.376,-1.501,-1.520,-1.756,-2.038,-2.061,-2.052,-2.075,-1.986
311.530,-0.764,-0.598,-1.549,-1.509,-1.518,-1.748,-2.030,-2.053,-2.060,-2.083,-1.991
311.540,-1.313,-0.905,-1.506,-1.517,-1.518,-1.784,-2.067,-2.090,-2.074,-2.097,-1.998
311.551,0.176,-0.710,-1.752,-1.545,-1.520,-1.762,-2.044,-2.067,-2.081,-2.103,-2.007
311.561,0.035,-0.413,-1.584,-1.535,-1.523,-1.766,-2.048,-2.071,-2.080,-2.102,-2.012
311.572,-0.165,-0.377,-1.749,-1.531,-1.523,-1.775,-2.057,-2.080,-2.082,-2.104,-2.015
311.582,-0.859,-0.317,-1.501,-1.513,-1.523,-1.783,-2.065,-2.088,-2.083,-2.105,-2.018
311.593,-0.980,-0.447,-1.537,-1.506,-1.520,-1.793,-2.075,-2.097,-2.090,-2.113,-2.021
311.603,0.068,-0.346,-1.548,-1.496,-1.517,-1.775,-2.058,-2.080,-2.094,-2.116,-2.025
311.614,-0.796,-0.357,-1.335,-1.486,-1.513,-1.791,-2.073,-2.096,-2.096,-2.118,-2.028
311.624,-0.867,-0.451,-1.631,-1.501,-1.511,-1.793,-2.075,-2.097,-2.102,-2.124,-2.031
311.635,-0.498,-0.587,-1.586,-1.501,-1.509,-1.789,-2.071,-2.093,-2.110,-2.132,-2.036
311.645,-0.417,-0.640,-1.424,-1.497,-1.507,-1.786,-2.068,-2.090,-2.116,-2.138,-2.041
311.656,-0.186,-0.464,-1.668,-1.500,-1.506,-1.791,-2.073,-2.095,-2.118,-2.140,-2.047
311.666,-0.234,-0.439,-1.673,-1.503,-1.505,-1.807,-2.089,-2.111,-2.123,-2.145,-2.051
311.677,0.161,-0.315,-1.587,-1.512,-1.505,-1.794,-2.076,-2.098,-2.123,-2.145,-2.054
311.688,0.750,0.032,-1.584,-1.540,-1.509,-1.770,-2.051,-2.073,-2.117,-2.139,-2.055
311.698,0.554,0.295,-1.369,-1.544,-1.515,-1.767,-2.048,-2.070,-2.109,-2.131,-2.052
311.708,0.925,0.410,-1.334,-1.541,-1.519,-1.754,-2.035,-2.057,-2.103,-2.124,-2.048
311.719,-0.487,0.213,-1.216,-1.518,-1.521,-1.792,-2.073,-2.095,-2.102,-2.124,-2.043
311.730,0.265,-0.036,-1.502,-1.502,-1.518,-1.790,-2.071,-2.093,-2.107,-2.129,-2.042
311.740,-0.530,0.079,-1.373,-1.501,-1.516,-1.790,-2.071,-2.093,-2.103,-2.125,-2.041
311.751,-0.337,-0.191,-1.625,-1.519,-1.515,-1.794,-2.075,-2.097,-2.109,-2.131,-2.041
311.761,-0.688,-0.292,-1.502,-1.518,-1.515,-1.801,-2.082,-2.103,-2.113,-2.135,-2.042
311.772,-0.881,-0.577,-1.417,-1.522,-1.516,-1.830,-2.111,-2.132,-2.124,-2.146,-2.046
311.782,1.105,-0.178,-1.291,-1.503,-1.516,-1.778,-2.059,-2.080,-2.121,-2.142,-2.050
311.793,0.478,0.251,-1.461,-1.490,-1.513,-1.773,-2.053,-2.075,-2.109,-2.131,-2.048
311.803,1.681,0.496,-1.461,-1.478,-1.509,-1.756,-2.037,-2.058,-2.102,-2.124,-2.044
311.814,0.438,0.642,-1.591,-1.490,-1.505,-1.781,-2.062,-2.084,-2.092,-2.113,-2.037
311.824,0.114,0.437,-1.419,-1.485,-1.502,-1.789,-2.070,-2.091,-2.090,-2.112,-2.031
311.835,1.001,0.447,-1.715,-1.500,-1.501,-1.768,-2.049,-2.070,-2.086,-2.107,-2.026
311.845,0.381,0.469,-1.495,-1.499,-1.501,-1.781,-2.062,-2.083,-2.080,-2.101,-2.020
311.856,0.388,0.502,-1.420,-1.492,-1.500,-1.770,-2.051,-2.072,-2.073,-2.095,-2.014
311.866,1.814,0.726,-1.499,-1.472,-1.497,-1.731,-2.011,-2.033,-2.063,-2.085,-2.008
311.877,1.559,1.063,-1.507,-1.471,-1.494,-1.729,-2.010,-2.031,-2.046,-2.068,-1.997
311.887,0.696,1.186,-1.509,-1.474,-1.490,-1.725,-2.005,-2.027,-2.030,-2.052,-1.984
311.898,0.668,0.944,-1.501,-1.483,-1.489,-1.722,-2.002,-2.023,-2.024,-2.046,-1.972
311.908,-0.102,0.662,-1.461,-1.467,-1.487,-1.738,-2.019,-2.040,-2.021,-2.043,-1.963
311.919,0.568,0.557,-1.753,-1.493,-1.486,-1.729,-2.008,-2.030,-2.019,-2.040,-1.957
311.929,0.317,0.417,-1.755,-1.499,-1.487,-1.737,-2.017,-2.038,-2.016,-2.037,-1.951
311.940,0.738,0.550,-1.376,-1.491,-1.488,-1.729,-2.008,-2.030,-2.010,-2.031,-1.945
311.950,0.663,0.669,-1.753,-1.523,-1.491,-1.714,-1.993,-2.014,-2.000,-2.021,-1.938
311.961,0.525,0.636,-1.504,-1.516,-1.494,-1.704,-1.983,-2.004,-1.993,-2.014,-1.930
311.972,0.144,0.507,-1.454,-1.508,-1.496,-1.714,-1.993,-2.014,-1.990,-2.011,-1.923
311.983,0.860,0.498,-1.630,-1.519,-1.498,-1.692,-1.971,-1.992,-1.985,-2.006,-1.918
311.994,-0.286,0.401,-1.454,-1.522,-1.501,-1.721,-2.000,-2.021,-1.982,-2.003,-1.912
312.005,-0.189,0.147,-1.582,-1.522,-1.503,-1.725,-2.004,-2.025,-1.986,-2.007,-1.908
312.017,-0.723,-0.003,-1.417,-1.516,-1.504,-1.738,-2.018,-2.039,-1.989,-2.010,-1.907
312.028,-0.792,-0.218,-1.372,-1.514,-1.506,-1.735,-2.015,-2.036,-1.995,-2.016,-1.908
312.039,-0.831,-0.377,-1.457,-1.522,-1.508,-1.741,-2.021,-2.042,-2.003,-2.024,-1.911
312.050,-1.819,-0.745,-1.671,-1.545,-1.511,-1.780,-2.059,-2.080,-2.019,-2.039,-1.916
312.061,-2.680,-1.204,-1.753,-1.550,-1.515,-1.826,-2.105,-2.126,-2.042,-2.063,-1.927
312.072,-1.907,-1.556,-1.211,-1.545,-1.520,-1.835,-2.114,-2.135,-2.069,-2.090,-1.942
312.084,-0.242,-1.410,-1.168,-1.525,-1.522,-1.812,-2.091,-2.112,-2.084,-2.104,-1.959
312.095,-0.682,-1.095,-9.655,-1.778,-1.526,-1.813,-2.090,-2.110,-2.086,-2.106,-1.972
312.106,-0.109,-0.951,2.810,-1.382,-1.534,-1.816,-2.097,-2.117,-2.095,-2.115,-1.983
312.117,0.837,-0.431,-1.886,-2.040,-1.565,-1.783,-2.057,-2.077,-2.088,-2.108,-1.990
312.128,1.186,0.123,3.091,-1.639,-1.611,-1.756,-2.035,-2.054,-2.075,-2.094,-1.991
312.139,0.466,0.361,-10.383,-1.993,-1.609,-1.745,-2.020,-2.039,-2.062,-2.081,-1.987
312.151,0.957,0.507,1.132,-1.949,-1.666,-1.725,-2.001,-2.020,-2.054,-2.073,-1.982
312.162,0.398,0.578,-5.840,-2.091,-1.708,-1.721,-1.995,-2.013,-2.045,-2.063,-1.975
312.173,2.381,0.994,-8.962,-2.136,-1.747,-1.646,-1.920,-1.938,-2.027,-2.045,-1.966
312.184,2.045,1.371,-2.121,-2.092,-1.785,-1.632,-1.907,-1.924,-2.003,-2.020,-1.952
312.195,2.209,1.602,-7.418,-2.111,-1.817,-1.618,-1.891,-1.909,-1.981,-1.999,-1.936
312.206,1.625,1.743,-2.621,-2.054,-1.845,-1.596,-1.871,-1.888,-1.958,-1.974,-1.916
312.218,-0.112,1.394,0.689,-1.953,-1.867,-1.632,-1.907,-1.924,-1.949,-1.965,-1.898
312.229,-0.769,0.729,-4.827,-2.128,-1.886,-1.666,-1.940,-1.956,-1.957,-1.973,-1.887
312.240,-0.661,0.203,-2.132,-1.936,-1.891,-1.687,-1.963,-1.979,-1.969,-1.985,-1.882
312.251,-1.149,-0.090,-1.171,-1.787,-1.891,-1.712,-1.989,-2.005,-1.978,-1.994,-1.882
312.262,0.316,-0.186,-1.788,-1.755,-1.874,-1.682,-1.959,-1.976,-1.984,-2.001,-1.884
312.273,0.026,-0.067,-6.053,-1.689,-1.852,-1.689,-1.967,-1.984,-1.983,-1.999,-1.886
312.284,-0.178,-0.026,9.062,-1.406,-1.832,-1.690,-1.972,-1.989,-1.982,-1.999,-1.886
312.295,-0.748,-0.205,1.033,-1.367,-1.790,-1.710,-1.992,-2.009,-1.988,-2.005,-1.887
312.306,-1.110,-0.407,6.802,-1.459,-1.774,-1.724,-2.006,-2.023,-1.996,-2.014,-1.890
312.317,-1.206,-0.624,5.420,-1.707,-1.773,-1.736,-2.015,-2.032,-2.008,-2.025,-1.896
312.328,-1.235,-0.768,3.617,-1.833,-1.792,-1.747,-2.024,-2.041,-2.020,-2.037,-1.903
312.338,-2.493,-1.157,-5.537,-2.002,-1.816,-1.805,-2.081,-2.098,-2.041,-2.057,-1.913
312.349,-2.019,-1.435,1.791,-2.009,-1.844,-1.795,-2.070,-2.087,-2.062,-2.078,-1.927
312.360,-1.319,-1.378,-3.603,-2.164,-1.893,-1.777,-2.052,-2.068,-2.076,-2.092,-1.942
312.371,-0.823,-1.257,3.149,-1.989,-1.933,-1.775,-2.052,-2.067,-2.088,-2.104,-1.956
312.381,-0.071,-1.079,-0.455,-1.917,-1.943,-1.772,-2.050,-2.065,-2.097,-2.113,-1.969
312.392,0.801,-0.496,-2.421,-1.649,-1.923,-1.718,-2.000,-2.015,-2.089,-2.104,-1.977
312.403,1.130,0.036,-6.284,-1.540,-1.870,-1.695,-1.978,-1.993,-2.077,-2.093,-1.979
312.414,-0.583,-0.070,-14.087,-1.505,-1.789,-1.756,-2.040,-2.057,-2.078,-2.095,-1.979
312.424,-0.740,-0.289,-11.087,-1.901,-1.748,-1.791,-2.071,-2.088,-2.088,-2.105,-1.981
312.435,-1.774,-0.514,16.834,-2.179,-1.814,-1.831,-2.111,-2.127,-2.099,-2.115,-1.985
312.446,-1.054,-0.763,12.851,-2.091,-1.903,-1.811,-2.092,-2.108,-2.113,-2.129,-1.992
312.457,-1.550,-1.079,-6.074,-1.965,-1.932,-1.853,-2.136,-2.151,-2.133,-2.148,-2.002
312.468,-1.467,-1.260,-14.255,-1.814,-1.889,-1.889,-2.173,-2.189,-2.152,-2.168,-2.015
312.478,-2.094,-1.160,17.727,-1.690,-1.896,-1.892,-2.177,-2.192,-2.162,-2.177,-2.028
312.489,-0.215,-1.018,-5.422,-1.552,-1.887,-1.815,-2.104,-2.120,-2.169,-2.184,-2.039
312.500,0.417,-0.699,-33.609,-1.505,-1.794,-1.840,-2.128,-2.144,-2.173,-2.189,-2.049
312.511,1.834,0.118,5.179,-1.331,-1.733,-1.816,-2.097,-2.114,-2.157,-2.174,-2.052
312.522,2.641,0.411,-3.624,-1.546,-1.686,-1.799,-2.081,-2.098,-2.145,-2.162,-2.049
312.533,2.046,1.214,43.618,-1.422,-1.665,-1.779,-2.077,-2.095,-2.114,-2.132,-2.039
312.544,4.969,1.937,4.167,-1.330,-1.661,-1.629,-1.926,-1.944,-2.074,-2.092,-2.021
312.555,6.131,3.284,-4.094,-1.181,-1.639,-1.550,-1.853,-1.871,-2.010,-2.028,-1.991
312.566,6.072,3.811,-4.642,-1.010,-1.500,-1.465,-1.776,-1.795,-1.948,-1.968,-1.950
312.578,6.857,4.651,-7.209,-1.423,-1.481,-1.411,-1.724,-1.744,-1.881,-1.900,-1.902
312.589,10.593,5.847,37.830,-0.520,-1.424,-1.234,-1.566,-1.586,-1.792,-1.812,-1.843
312.600,14.517,8.293,-12.949,-0.938,-1.300,-0.958,-1.287,-1.308,-1.642,-1.663,-1.762
312.611,16.228,10.452,32.369,-0.528,-1.256,-0.788,-1.131,-1.153,-1.481,-1.502,-1.657
312.622,22.042,13.402,-1.132,-0.478,-1.152,-0.365,-0.712,-0.735,-1.260,-1.283,-1.521
312.634,25.597,17.116,-1.430,-0.629,-1.094,0.007,-0.338,-0.362,-0.985,-1.009,-1.349
312.645,29.287,20.509,-3.157,-0.800,-1.045,0.409,0.063,0.039,-0.679,-0.703,-1.136
312.656,29.175,23.227,-5.565,-1.004,-1.035,0.754,0.409,0.385,-0.356,-0.379,-0.892
312.667,29.943,25.268,20.905,-0.215,-0.993,1.073,0.721,0.697,-0.029,-0.053,-0.620
312.678,34.992,27.782,2.823,-0.079,-0.876,1.600,1.247,1.222,0.334,0.309,-0.325
312.689,35.822,30.509,-33.999,-1.265,-0.886,2.009,1.668,1.643,0.722,0.697,-0.010
312.700,37.223,32.004,9.448,-1.312,-0.961,2.371,2.032,2.008,1.097,1.073,0.326
312.711,37.790,33.856,17.832,-0.675,-0.943,2.741,2.423,2.398,1.499,1.474,0.681
312.722,40.713,35.522,-61.925,-2.669,-0.984,3.172,2.900,2.876,1.918,1.894,1.058
312.733,46.528,38.340,-42.159,-3.920,-1.292,3.903,3.637,3.616,2.413,2.392,1.474
312.744,47.354,41.347,8.379,-2.836,-1.537,4.443,4.170,4.151,2.937,2.919,1.919
312.755,43.034,42.312,-3.710,-2.280,-1.604,4.734,4.453,4.435,3.423,3.406,2.383
312.766,39.921,41.744,1.036,-2.067,-1.691,5.113,4.833,4.816,3.874,3.857,2.847
312.778,37.313,40.810,7.781,-1.346,-1.686,5.530,5.249,5.232,4.310,4.293,3.306
312.789,31.510,38.683,5.453,-0.985,-1.610,5.753,5.472,5.454,4.691,4.674,3.745
312.800,23.294,34.450,4.821,-0.772,-1.527,5.778,5.493,5.475,4.980,4.962,4.153
312.811,20.769,30.426,-4.698,-0.918,-1.452,6.029,5.740,5.721,5.227,5.208,4.508
312.823,11.140,25.415,-14.527,-1.294,-1.402,5.889,5.602,5.582,5.390,5.370,4.811
312.834,4.617,19.470,1.479,-1.176,-1.413,5.740,5.445,5.426,5.458,5.439,5.050
312.845,1.300,14.120,19.798,-0.233,-1.317,5.665,5.362,5.342,5.481,5.461,5.227
312.856,-3.761,8.978,10.267,0.070,-1.159,5.526,5.219,5.197,5.459,5.437,5.346
312.868,-9.659,3.643,-8.069,-0.241,-1.030,5.255,4.953,4.929,5.369,5.346,5.405
312.879,-16.025,-2.001,4.135,-0.131,-0.946,4.932,4.628,4.604,5.211,5.187,5.404
312.890,-21.815,-7.883,16.597,0.248,-0.844,4.546,4.224,4.199,4.982,4.956,5.337
312.901,-24.659,-12.805,-11.988,-0.946,-0.759,4.252,3.939,3.913,4.720,4.694,5.211
312.913,-31.159,-17.985,-50.153,-3.574,-0.980,3.740,3.440,3.416,4.393,4.370,5.029
312.924,-34.761,-22.882,-57.344,-3.961,-1.311,3.242,2.955,2.935,4.010,3.990,4.788
312.935,-39.827,-27.652,24.022,-1.725,-1.460,2.652,2.337,2.319,3.574,3.556,4.492
312.947,-43.965,-32.410,27.301,-0.408,-1.389,2.006,1.685,1.665,3.080,3.061,4.136
312.958,-47.001,-36.720,25.557,1.314,-1.130,1.400,1.065,1.043,2.561,2.538,3.737
312.969,-49.939,-40.659,14.722,1.830,-0.804,0.752,0.412,0.386,2.009,1.983,3.293
312.980,-48.896,-43.443,-5.112,1.474,-0.532,0.224,-0.110,-0.139,1.453,1.424,2.814
312.991,-51.899,-45.795,5.519,1.672,-0.303,-0.412,-0.746,-0.777,0.888,0.857,2.310
313.003,-50.004,-47.300,10.378,2.168,-0.038,-0.914,-1.250,-1.284,0.321,0.287,1.783
313.014,-50.728,-48.309,1.809,1.810,0.214,-1.481,-1.812,-1.848,-0.233,-0.269,1.252
313.025,-51.396,-49.366,-11.930,0.584,0.325,-2.086,-2.402,-2.439,-0.796,-0.834,0.715
313.036,-51.687,-49.809,-24.529,-0.264,0.294,-2.658,-2.957,-2.994,-1.377,-1.414,0.145
313.048,-51.300,-50.443,-56.278,-2.066,0.098,-3.286,-3.548,-3.583,-1.972,-2.007,-0.430
313.059,-52.077,-50.926,-59.036,-3.066,-0.185,-3.908,-4.152,-4.184,-2.565,-2.597,-1.009
313.071,-51.457,-51.167,-49.590,-3.273,-0.499,-4.483,-4.713,-4.741,-3.160,-3.188,-1.595
313.082,-50.623,-50.894,-24.400,-2.980,-0.771,-5.002,-5.234,-5.259,-3.743,-3.768,-2.186
313.094,-47.593,-50.243,-6.716,-2.786,-0.998,-5.463,-5.701,-5.724,-4.306,-4.328,-2.765
313.105,-45.197,-48.794,-4.888,-2.607,-1.167,-5.923,-6.165,-6.185,-4.831,-4.852,-3.329
313.117,-39.043,-46.386,-18.189,-2.809,-1.330,-6.214,-6.452,-6.471,-5.309,-5.328,-3.874
313.128,-34.424,-42.778,-26.254,-3.210,-1.521,-6.458,-6.696,-6.712,-5.717,-5.733,-4.385
313.140,-33.379,-39.703,-19.896,-3.985,-1.780,-6.815,-7.064,-7.078,-6.101,-6.114,-4.854
313.152,-27.709,-36.487,-26.074,-4.476,-2.068,-7.052,-7.288,-7.298,-6.454,-6.465,-5.294
313.163,-20.514,-32.051,-60.518,-6.578,-2.418,-7.102,-7.317,-7.323,-6.721,-6.727,-5.684
313.175,-10.580,-26.389,-49.777,-8.744,-3.011,-6.885,-7.091,-7.090,-6.887,-6.887,-6.014
313.186,-0.134,-18.959,-6.100,-7.736,-3.638,-6.479,-6.710,-6.702,-6.926,-6.918,-6.266
313.198,7.582,-11.219,17.269,-5.371,-3.957,-6.191,-6.430,-6.420,-6.873,-6.862,-6.432
313.210,10.143,-4.598,17.703,-4.583,-4.075,-6.004,-6.242,-6.230,-6.760,-6.747,-6.519
313.222,15.744,1.024,-64.835,-4.968,-4.097,-5.717,-5.948,-5.936,-6.604,-6.592,-6.535
313.234,21.385,6.564,-44.526,-5.565,-4.201,-5.352,-5.581,-5.567,-6.383,-6.369,-6.483
313.247,27.577,12.566,8.140,-4.865,-4.350,-4.838,-5.072,-5.057,-6.078,-6.063,-6.360
313.259,31.153,18.092,8.413,-3.972,-4.325,-4.364,-4.600,-4.585,-5.714,-5.699,-6.165
313.271,36.094,23.027,-70.105,-4.135,-4.243,-3.832,-4.059,-4.045,-5.306,-5.292,-5.908
313.283,42.267,28.618,-9.555,-5.414,-4.394,-3.098,-3.324,-3.308,-4.814,-4.798,-5.587
313.296,46.491,33.882,40.944,-2.774,-4.383,-2.426,-2.671,-2.655,-4.265,-4.249,-5.197
313.308,48.141,38.104,-5.304,-1.627,-4.060,-1.829,-2.089,-2.077,-3.687,-3.675,-4.750
313.318,51.797,41.154,-20.797,-2.120,-3.886,-1.212,-1.467,-1.457,-3.172,-3.162,-4.339
313.329,53.932,44.105,-32.834,-3.087,-3.751,-0.600,-0.850,-0.841,-2.628,-2.620,-3.898
313.339,57.109,47.111,-33.736,-4.300,-3.777,0.136,-0.116,-0.107,-2.047,-2.038,-3.422
313.349,58.136,49.768,-34.724,-5.777,-3.888,0.787,0.540,0.550,-1.455,-1.445,-2.922
313.359,59.747,52.280,-6.771,-5.975,-4.074,1.489,1.243,1.256,-0.856,-0.844,-2.408
313.372,58.550,53.920,-30.677,-6.193,-4.258,2.110,1.861,1.875,-0.151,-0.137,-1.750
313.382,58.027,54.930,-22.900,-6.549,-4.438,2.706,2.453,2.470,0.441,0.457,-1.191
313.392,54.576,55.249,-6.910,-6.469,-4.647,3.220,2.948,2.966,1.013,1.032,-0.630
313.402,51.721,54.483,-23.843,-6.516,-4.786,3.622,3.351,3.371,1.538,1.558,-0.077
313.413,48.724,53.304,-41.466,-6.936,-4.945,4.031,3.769,3.791,2.047,2.069,0.474
313.423,46.753,51.847,-39.076,-7.521,-5.169,4.499,4.237,4.262,2.541,2.566,1.019
313.434,44.182,50.102,-19.465,-8.023,-5.395,4.872,4.622,4.649,2.997,3.025,1.537
313.444,39.760,47.800,28.453,-6.214,-5.515,5.125,4.849,4.878,3.409,3.438,2.032
313.454,34.531,45.087,39.505,-4.666,-5.513,5.322,5.037,5.065,3.785,3.813,2.503
313.465,30.672,41.377,7.405,-2.666,-5.283,5.427,5.129,5.155,4.088,4.114,2.937
313.475,25.353,37.923,28.840,-2.247,-5.054,5.526,5.235,5.258,4.369,4.393,3.334
313.485,21.188,34.234,-13.292,-2.222,-4.828,5.684,5.379,5.400,4.609,4.629,3.696
313.496,14.126,29.661,-34.424,-2.483,-4.569,5.576,5.273,5.291,4.773,4.791,4.017
313.506,9.809,25.329,14.266,-2.326,-4.472,5.646,5.332,5.349,4.902,4.918,4.290
313.516,3.723,20.328,36.654,-1.062,-4.191,5.444,5.108,5.121,4.949,4.962,4.511
313.527,-1.059,15.588,-57.355,-2.873,-4.043,5.347,5.026,5.038,4.964,4.975,4.683
313.537,-7.750,10.164,36.058,-1.624,-3.883,5.001,4.676,4.685,4.894,4.904,4.801
313.547,-11.912,5.016,-47.661,-2.198,-3.696,4.801,4.479,4.486,4.788,4.795,4.866
313.558,-20.044,-0.621,56.402,-1.087,-3.562,4.293,3.962,3.968,4.600,4.605,4.875
313.568,-25.684,-6.404,-77.972,-1.022,-3.295,3.830,3.513,3.515,4.353,4.355,4.825
313.579,-28.964,-11.833,1.834,-1.304,-3.158,3.441,3.137,3.137,4.061,4.061,4.717
313.589,-32.898,-16.574,45.547,-0.446,-2.960,2.977,2.658,2.657,3.738,3.736,4.558
313.599,-35.467,-21.218,-14.441,-0.509,-2.735,2.504,2.184,2.180,3.374,3.370,4.352
313.609,-40.815,-25.761,12.948,-0.139,-2.556,1.938,1.618,1.612,2.972,2.965,4.099
313.620,-46.197,-30.271,-15.150,0.225,-2.297,1.287,0.967,0.957,2.516,2.506,3.797
313.630,-48.395,-34.725,-0.807,0.000,-2.103,0.667,0.361,0.349,2.019,2.007,3.453
313.640,-49.122,-38.043,12.240,0.349,-1.958,0.241,-0.070,-0.084,1.532,1.519,3.074
313.650,-50.657,-41.015,10.673,1.179,-1.692,-0.306,-0.617,-0.633,1.021,1.004,2.660
313.661,-53.071,-43.947,-25.431,0.277,-1.487,-0.970,-1.269,-1.288,0.479,0.460,2.216
313.671,-50.565,-45.678,-28.508,-1.687,-1.481,-1.391,-1.679,-1.698,-0.049,-0.068,1.747
313.681,-48.040,-46.480,26.231,-0.347,-1.444,-1.832,-2.126,-2.146,-0.559,-0.578,1.268
313.692,-44.719,-46.558,26.245,1.647,-1.218,-2.250,-2.555,-2.577,-1.056,-1.078,0.774
313.702,-42.270,-45.691,-7.369,1.341,-0.990,-2.562,-2.870,-2.895,-1.495,-1.520,0.298
313.712,-37.826,-43.946,19.632,1.365,-0.792,-2.789,-3.098,-3.126,-1.893,-1.920,-0.159
313.723,-36.817,-42.300,-15.731,1.095,-0.610,-3.174,-3.477,-3.506,-2.277,-2.306,-0.601
313.733,-31.270,-39.733,8.516,0.785,-0.558,-3.231,-3.540,-3.570,-2.604,-2.634,-1.020
313.743,-28.569,-37.211,21.196,1.940,-0.361,-3.459,-3.776,-3.808,-2.908,-2.941,-1.412
313.754,-20.034,-33.776,-6.633,1.927,-0.137,-3.400,-3.716,-3.751,-3.154,-3.189,-1.780
313.764,-14.419,-29.280,-12.993,1.446,-0.007,-3.334,-3.663,-3.700,-3.316,-3.352,-2.097
313.774,-9.164,-24.983,-28.677,1.507,0.188,-3.348,-3.673,-3.712,-3.443,-3.481,-2.370
313.784,-2.015,-19.517,28.670,1.530,0.199,-3.038,-3.362,-3.401,-3.471,-3.510,-2.590
313.795,3.021,-14.403,-18.926,1.787,0.409,-2.890,-3.209,-3.251,-3.462,-3.503,-2.758
313.805,9.492,-8.832,-21.871,0.937,0.457,-2.585,-2.889,-2.931,-3.381,-3.423,-2.869
313.815,12.751,-3.883,32.495,2.104,0.558,-2.398,-2.711,-2.754,-3.269,-3.312,-2.928
313.826,18.372,1.576,-16.902,1.396,0.660,-1.907,-2.222,-2.266,-3.076,-3.120,-2.930
313.836,24.001,6.671,3.072,1.427,0.761,-1.540,-1.857,-1.903,-2.856,-2.901,-2.881
313.846,31.545,12.495,-12.071,0.818,0.747,-0.870,-1.177,-1.222,-2.541,-2.586,-2.772
313.856,34.119,17.731,44.382,3.251,0.919,-0.471,-0.783,-0.830,-2.199,-2.246,-2.609
313.867,39.764,22.582,-48.902,1.152,1.019,0.097,-0.200,-0.248,-1.815,-1.863,-2.393
313.877,45.299,28.016,21.497,1.581,1.029,0.762,0.465,0.416,-1.355,-1.403,-2.121
313.888,50.471,33.072,-16.238,1.331,1.064,1.376,1.091,1.042,-0.865,-0.913,-1.800
313.898,53.108,37.878,34.149,2.484,1.105,1.969,1.693,1.644,-0.332,-0.381,-1.430
313.908,56.713,42.207,-42.485,0.226,1.149,2.632,2.374,2.324,0.233,0.184,-1.012
313.918,59.329,46.258,-8.862,-1.582,0.920,3.317,3.074,3.027,0.832,0.785,-0.551
313.929,61.969,50.024,-6.025,-1.716,0.680,4.066,3.821,3.776,1.457,1.412,-0.053
313.939,60.314,52.791,68.975,0.049,0.489,4.610,4.347,4.305,2.086,2.044,0.485
313.949,61.961,54.851,-12.313,0.622,0.586,5.289,5.022,4.978,2.710,2.667,1.038
313.960,60.950,56.521,-3.855,-0.334,0.482,5.930,5.657,5.615,3.345,3.303,1.614
313.970,59.391,57.408,-48.079,-1.011,0.412,6.482,6.219,6.178,3.956,3.915,2.197
313.980,55.467,57.131,1.640,-1.626,0.181,6.900,6.652,6.614,4.534,4.495,2.785
313.990,51.992,55.998,-18.905,-1.713,0.049,7.264,7.020,6.983,5.066,5.029,3.361
314.001,47.361,54.409,9.216,-1.970,-0.180,7.654,7.425,7.391,5.577,5.542,3.925
314.011,41.408,51.668,55.244,1.321,-0.118,7.850,7.598,7.563,6.021,5.986,4.469
314.021,39.613,48.705,0.142,1.729,0.030,8.203,7.945,7.908,6.429,6.392,4.980
314.032,33.523,45.278,-27.672,0.671,0.184,8.322,8.071,8.033,6.785,6.747,5.452
314.042,29.098,41.559,-36.953,-1.426,0.097,8.547,8.294,8.257,7.102,7.064,5.892
314.052,21.560,37.334,13.825,-0.053,0.011,8.568,8.308,8.271,7.354,7.317,6.289
314.063,13.167,31.734,-5.722,0.593,0.089,8.375,8.105,8.067,7.503,7.465,6.632
314.073,5.459,26.009,13.401,0.567,0.094,8.266,8.004,7.967,7.599,7.561,6.922
314.083,-2.618,19.192,-21.062,1.308,0.265,7.914,7.646,7.607,7.582,7.542,7.139
314.094,-8.033,12.866,6.749,1.123,0.316,7.705,7.439,7.399,7.519,7.479,7.290
314.104,-15.819,6.078,-20.525,0.624,0.379,7.218,6.962,6.922,7.368,7.327,7.373
314.114,-21.194,-0.400,-35.895,-0.731,0.291,6.870,6.621,6.581,7.165,7.126,7.389
314.124,-29.521,-6.866,66.925,0.521,0.193,6.309,6.046,6.007,6.890,6.851,7.337
314.135,-32.107,-13.318,-27.389,0.218,0.261,5.794,5.537,5.498,6.545,6.505,7.218
314.145,-38.492,-19.095,16.411,1.030,0.260,5.184,4.930,4.890,6.163,6.124,7.037
314.155,-46.295,-25.399,-39.219,0.888,0.403,4.407,4.150,4.109,5.706,5.665,6.795
314.166,-47.279,-30.581,-28.647,-0.801,0.346,3.982,3.722,3.682,5.230,5.190,6.495
314.176,-51.133,-35.246,22.467,-0.552,0.166,3.332,3.080,3.042,4.717,4.679,6.145
314.186,-51.438,-39.350,2.955,0.306,0.207,2.774,2.517,2.479,4.180,4.142,5.751
314.196,-52.733,-42.526,20.478,0.856,0.203,2.199,1.941,1.903,3.642,3.603,5.321
314.207,-53.283,-45.156,-11.310,1.041,0.334,1.603,1.359,1.320,3.086,3.046,4.856
314.217,-51.111,-47.066,-74.947,-0.693,0.314,1.080,0.874,0.834,2.538,2.498,4.374
314.227,-50.231,-47.585,23.648,-0.328,0.151,0.681,0.473,0.435,2.032,1.994,3.884
314.238,-53.717,-49.211,6.047,1.464,0.265,-0.092,-0.315,-0.354,1.468,1.429,3.377
314.248,-49.467,-49.531,-0.300,0.840,0.298,-0.359,-0.581,-0.620,0.956,0.916,2.870
314.258,-48.577,-49.112,-3.458,0.773,0.366,-0.852,-1.071,-1.111,0.461,0.421,2.363
314.268,-44.887,-48.470,-52.475,-0.044,0.349,-1.269,-1.461,-1.501,-0.024,-0.064,1.858
314.279,-43.137,-47.068,29.977,2.287,0.428,-1.618,-1.809,-1.849,-0.471,-0.511,1.359
314.289,-45.338,-46.504,-60.867,3.060,0.691,-2.192,-2.375,-2.418,-0.930,-0.974,0.876
314.299,-39.769,-45.349,-8.991,1.927,0.781,-2.434,-2.601,-2.646,-1.362,-1.407,0.403
314.310,-38.912,-43.811,33.712,2.630,0.901,-2.818,-2.984,-3.030,-1.763,-1.809,-0.052
314.320,-37.111,-42.348,11.538,2.516,1.060,-3.208,-3.368,-3.416,-2.156,-2.204,-0.494
314.330,-32.119,-40.552,-84.319,0.534,1.104,-3.481,-3.596,-3.644,-2.520,-2.568,-0.918
314.341,-27.802,-37.512,20.339,0.010,0.961,-3.583,-3.683,-3.729,-2.815,-2.862,-1.321
314.351,-23.354,-34.343,4.752,0.981,1.017,-3.732,-3.837,-3.884,-3.074,-3.121,-1.684
314.361,-18.418,-30.826,-52.946,-0.566,0.939,-3.769,-3.854,-3.901,-3.282,-3.328,-2.015
314.372,-13.897,-26.821,38.923,0.311,0.841,-3.732,-3.832,-3.877,-3.435,-3.480,-2.305
314.382,-8.326,-22.497,29.409,2.580,0.922,-3.633,-3.733,-3.779,-3.534,-3.580,-2.552
314.392,-1.804,-18.050,-83.827,1.173,1.070,-3.495,-3.573,-3.620,-3.582,-3.630,-2.754
314.403,4.742,-12.723,15.202,0.531,0.941,-3.208,-3.272,-3.318,-3.549,-3.595,-2.905
314.413,9.033,-7.914,22.457,1.519,0.990,-3.055,-3.126,-3.173,-3.485,-3.531,-3.004
314.423,16.940,-2.419,-5.864,0.748,0.990,-2.619,-2.685,-2.732,-3.340,-3.386,-3.049
314.433,22.669,3.539,-9.603,0.035,0.918,-2.173,-2.232,-2.278,-3.119,-3.165,-3.033
314.444,29.026,9.555,31.727,0.382,0.855,-1.675,-1.740,-1.785,-2.841,-2.886,-2.957
314.454,34.652,15.236,-54.647,-0.475,0.794,-1.190,-1.228,-1.272,-2.510,-2.554,-2.820
314.464,42.160,21.288,18.832,-0.128,0.642,-0.521,-0.548,-0.590,-2.102,-2.145,-2.621
314.475,46.797,27.058,-2.236,-0.127,0.600,0.056,0.034,-0.007,-1.650,-1.692,-2.365
314.485,46.708,32.056,61.165,0.020,0.523,0.526,0.483,0.442,-1.170,-1.211,-2.054
314.495,52.262,36.376,-29.572,-0.905,0.475,1.178,1.141,1.101,-0.669,-0.709,-1.697
314.506,56.091,41.080,39.482,-0.829,0.274,1.895,1.850,1.813,-0.104,-0.141,-1.291
314.516,61.688,45.423,28.090,1.008,0.314,2.618,2.555,2.517,0.488,0.450,-0.842
314.526,64.832,50.239,-31.357,-0.764,0.277,3.451,3.395,3.357,1.162,1.125,-0.337
314.537,64.242,53.772,-18.994,-2.113,0.109,4.083,4.038,4.002,1.824,1.788,0.203
314.547,65.087,56.655,26.213,-1.030,-0.073,4.788,4.754,4.721,2.491,2.458,0.774
314.557,64.135,58.477,-0.445,-0.197,-0.056,5.382,5.343,5.310,3.148,3.115,1.370
314.568,65.318,60.047,-10.009,-0.792,-0.090,6.102,6.060,6.027,3.811,3.778,1.979
314.578,63.610,61.343,-32.899,-1.321,-0.175,6.734,6.701,6.670,4.478,4.446,2.603
314.588,59.401,61.134,33.375,-0.342,-0.260,7.206,7.163,7.133,5.101,5.071,3.234
314.599,55.781,60.177,17.165,0.581,-0.183,7.657,7.619,7.587,5.695,5.664,3.863
314.609,53.005,58.493,-67.217,-1.040,-0.199,8.055,8.048,8.017,6.242,6.210,4.469
314.619,48.285,56.322,8.401,-1.221,-0.314,8.402,8.396,8.366,6.748,6.718,5.052
314.630,43.594,53.661,-8.269,-1.119,-0.387,8.760,8.752,8.723,7.215,7.187,5.608
314.640,34.293,49.554,32.494,0.419,-0.374,8.773,8.745,8.716,7.594,7.565,6.132
314.650,30.511,44.835,-13.836,-0.472,-0.326,8.924,8.900,8.871,7.904,7.874,6.606
314.661,24.912,40.334,10.006,-0.375,-0.364,9.028,9.003,8.974,8.180,8.151,7.039
314.671,17.569,34.980,-33.186,-1.248,-0.371,8.949,8.927,8.898,8.372,8.343,7.413
314.681,9.427,29.422,73.396,-0.991,-0.533,8.801,8.774,8.747,8.496,8.469,7.730
314.692,2.022,22.974,15.290,0.610,-0.437,8.539,8.515,8.487,8.528,8.500,7.984
314.702,-5.316,16.591,-20.292,-0.201,-0.399,8.225,8.211,8.183,8.494,8.465,8.171
314.712,-12.125,9.709,-6.409,-0.481,-0.405,7.819,7.808,7.780,8.373,8.345,8.289
314.723,-17.195,3.489,0.513,-0.563,-0.433,7.546,7.533,7.505,8.216,8.188,8.341
314.733,-25.692,-3.046,11.863,-0.213,-0.430,6.977,6.952,6.924,7.973,7.945,8.327
314.743,-32.135,-9.807,16.949,0.880,-0.358,6.416,6.392,6.363,7.657,7.628,8.244
314.753,-38.722,-16.532,1.759,1.786,-0.174,5.811,5.781,5.750,7.279,7.248,8.093
314.764,-42.999,-22.628,-6.459,0.912,-0.065,5.303,5.276,5.244,6.861,6.828,7.878
314.774,-49.390,-28.708,-8.900,1.040,0.032,4.564,4.543,4.509,6.375,6.341,7.601
314.784,-53.874,-34.789,25.632,2.142,0.154,3.844,3.821,3.786,5.827,5.791,7.260
314.794,-55.901,-40.048,-34.757,1.753,0.388,3.172,3.158,3.119,5.243,5.205,6.857
314.805,-57.359,-44.206,-6.861,0.637,0.396,2.543,2.542,2.504,4.652,4.614,6.408
314.815,-59.510,-47.832,9.016,0.672,0.423,1.851,1.848,1.809,4.044,4.006,5.925
314.825,-61.240,-51.145,36.745,1.688,0.472,1.130,1.115,1.076,3.411,3.372,5.407
314.836,-59.514,-53.554,4.376,3.011,0.705,0.538,0.528,0.486,2.781,2.739,4.858
314.846,-59.880,-54.694,-13.739,2.224,0.816,0.007,0.002,-0.040,2.186,2.143,4.296
314.856,-59.079,-56.129,7.825,2.545,0.988,-0.662,-0.671,-0.716,1.559,1.514,3.720
314.867,-55.684,-56.230,-21.420,2.116,1.100,-1.149,-1.148,-1.195,0.967,0.920,3.132
314.877,-47.974,-55.142,-0.617,2.110,1.203,-1.462,-1.463,-1.511,0.427,0.379,2.557
314.887,-43.312,-52.494,13.652,2.358,1.276,-1.727,-1.727,-1.776,-0.028,-0.077,2.008
314.897,-39.962,-49.656,-22.530,2.241,1.407,-2.080,-2.077,-2.128,-0.456,-0.506,1.483
314.908,-32.680,-45.988,-20.930,0.664,1.384,-2.158,-2.154,-2.204,-0.817,-0.867,0.995
314.918,-25.580,-41.451,-24.912,-0.791,1.223,-2.238,-2.212,-2.260,-1.111,-1.159,0.548
314.928,-20.343,-36.512,22.323,0.593,1.105,-2.242,-2.213,-2.260,-1.338,-1.385,0.147
314.939,-15.735,-31.864,-14.797,0.958,1.141,-2.309,-2.279,-2.326,-1.526,-1.573,-0.199
314.949,-10.440,-26.872,-6.924,0.336,1.096,-2.232,-2.199,-2.245,-1.650,-1.696,-0.495
314.959,-3.848,-21.652,-74.112,-0.830,0.962,-2.078,-2.012,-2.056,-1.713,-1.758,-0.737
314.969,-0.025,-16.684,35.085,0.500,0.846,-1.999,-1.940,-1.983,-1.737,-1.780,-0.928
314.980,5.559,-11.574,3.516,1.431,0.899,-1.753,-1.698,-1.742,-1.699,-1.743,-1.067
314.992,10.664,-4.977,43.304,2.410,0.979,-1.469,-1.426,-1.471,-1.588,-1.632,-1.161
315.002,16.073,-0.574,-3.936,2.819,1.201,-1.197,-1.149,-1.196,-1.457,-1.505,-1.185
315.013,19.425,4.588,-37.083,1.378,1.238,-0.822,-0.764,-0.812,-1.249,-1.297,-1.156
315.023,21.410,8.386,-9.373,0.703,1.221,-0.616,-0.553,-0.600,-1.049,-1.096,-1.084
315.033,24.058,12.461,42.524,1.613,1.163,-0.259,-0.204,-0.251,-0.801,-0.848,-0.972
315.043,26.871,15.400,9.143,2.730,1.312,0.000,0.046,-0.002,-0.556,-0.605,-0.826
315.054,28.112,18.637,-27.340,1.163,1.342,0.380,0.436,0.387,-0.259,-0.308,-0.644
315.064,28.711,20.867,-3.601,0.677,1.267,0.596,0.658,0.610,0.016,-0.031,-0.439
315.074,28.561,22.894,33.727,1.595,1.234,0.876,0.948,0.901,0.312,0.264,-0.212
315.084,26.917,23.950,25.364,2.562,1.317,1.060,1.124,1.076,0.588,0.540,0.029
315.094,26.726,24.625,-51.234,1.431,1.435,1.321,1.397,1.347,0.864,0.814,0.280
315.105,27.530,25.378,-14.819,0.062,1.300,1.636,1.736,1.688,1.147,1.098,0.538
315.115,27.936,25.829,13.350,0.627,1.216,1.915,2.018,1.971,1.428,1.381,0.805
315.125,29.447,26.808,19.505,1.517,1.204,2.282,2.379,2.332,1.729,1.682,1.075
315.136,26.731,26.713,16.378,2.731,1.328,2.394,2.476,2.427,1.997,1.949,1.349
315.146,25.446,26.707,-21.605,1.641,1.361,2.672,2.760,2.711,2.275,2.226,1.624
315.156,24.988,26.196,-5.969,1.266,1.370,2.917,3.011,2.962,2.529,2.480,1.894
315.167,22.410,25.640,-2.393,1.183,1.359,3.103,3.198,3.149,2.776,2.727,2.159
315.177,19.211,24.328,20.867,1.588,1.328,3.195,3.289,3.240,2.983,2.935,2.412
315.187,17.699,22.690,9.348,2.284,1.443,3.281,3.384,3.334,3.166,3.116,2.653
315.197,16.960,21.317,-83.586,0.732,1.468,3.401,3.535,3.485,3.340,3.290,2.875
315.208,16.304,20.071,11.288,1.229,1.410,3.565,3.696,3.647,3.506,3.457,3.083
315.220,14.640,18.460,3.617,1.246,1.390,3.750,3.881,3.832,3.694,3.645,3.318
315.232,13.402,17.157,13.990,1.489,1.354,3.936,4.062,4.013,3.869,3.820,3.531
315.244,10.479,15.404,12.639,1.145,1.343,4.016,4.151,4.103,4.012,3.964,3.725
315.257,7.337,13.009,6.962,0.213,1.194,4.005,4.165,4.119,4.107,4.061,3.892
315.269,1.779,10.001,0.690,-0.121,1.038,3.870,4.051,4.006,4.153,4.108,4.029
315.281,-3.546,5.965,-1.888,-0.118,0.892,3.642,3.822,3.779,4.118,4.075,4.118
315.293,-8.928,2.024,-11.779,-0.080,0.794,3.389,3.556,3.514,4.035,3.993,4.159
315.305,-10.122,-1.875,-73.951,-0.946,0.663,3.154,3.338,3.298,3.899,3.859,4.149
315.318,-14.184,-5.600,-83.622,-2.483,0.403,2.798,3.015,2.978,3.727,3.691,4.095
315.330,-14.957,-8.721,-50.181,-3.570,0.033,2.519,2.746,2.715,3.521,3.489,3.994
315.341,-16.559,-10.363,10.125,-3.421,-0.310,2.330,2.554,2.527,3.354,3.327,3.888
315.351,-16.477,-11.942,1.441,-2.806,-0.537,2.162,2.378,2.354,3.174,3.150,3.766
315.361,-20.476,-13.767,36.396,-1.157,-0.651,1.808,2.014,1.991,2.972,2.950,3.628
315.371,-20.978,-15.662,-62.409,-2.392,-0.714,1.570,1.790,1.768,2.750,2.729,3.470
315.382,-21.992,-16.839,38.269,-2.005,-0.935,1.376,1.596,1.577,2.537,2.518,3.297
315.392,-24.445,-18.488,13.455,-1.115,-0.937,1.021,1.245,1.227,2.289,2.270,3.107
315.402,-27.967,-20.567,-23.699,-1.757,-1.005,0.582,0.824,0.807,2.009,1.991,2.899
315.413,-29.207,-22.764,6.303,-1.413,-1.050,0.215,0.450,0.433,1.697,1.680,2.666
315.423,-28.635,-24.116,-11.841,-1.734,-1.098,-0.003,0.226,0.210,1.408,1.392,2.421
315.435,-34.165,-26.528,-49.489,-2.097,-1.163,-0.584,-0.356,-0.372,1.014,0.999,2.102
315.447,-32.817,-28.759,-78.677,-3.826,-1.316,-1.014,-0.769,-0.782,0.593,0.579,1.755
315.460,-33.037,-30.331,-84.495,-5.872,-1.666,-1.513,-1.230,-1.238,0.169,0.161,1.385
315.472,-33.480,-31.532,-65.468,-6.774,-2.122,-2.010,-1.718,-1.719,-0.262,-0.263,0.999
315.484,-34.764,-32.343,-40.289,-6.761,-2.572,-2.494,-2.202,-2.196,-0.695,-0.690,0.597
315.496,-31.742,-32.382,-39.921,-7.462,-3.032,-2.807,-2.510,-2.498,-1.107,-1.095,0.194
315.509,-26.117,-30.839,-42.043,-8.094,-3.532,-2.973,-2.667,-2.648,-1.461,-1.442,-0.198
315.521,-22.956,-28.309,26.715,-7.053,-3.957,-3.144,-2.860,-2.835,-1.759,-1.733,-0.565
315.533,-17.729,-25.250,63.825,-4.857,-4.144,-3.224,-2.975,-2.947,-2.008,-1.980,-0.900
315.543,-11.735,-22.687,-2.263,-4.242,-4.138,-3.228,-2.990,-2.962,-2.174,-2.146,-1.151
315.554,-5.295,-18.704,-12.228,-4.724,-4.183,-3.004,-2.788,-2.759,-2.251,-2.222,-1.367
315.564,-0.605,-14.480,17.810,-4.005,-4.224,-2.849,-2.639,-2.610,-2.277,-2.248,-1.538
315.574,2.413,-10.518,45.477,-3.119,-4.114,-2.769,-2.582,-2.554,-2.273,-2.245,-1.667
315.585,9.282,-6.331,-17.415,-3.352,-4.045,-2.499,-2.307,-2.280,-2.217,-2.190,-1.755
315.595,14.780,-1.454,4.141,-2.775,-3.940,-2.148,-1.953,-1.927,-2.085,-2.060,-1.793
315.605,21.726,4.020,-25.077,-3.383,-3.869,-1.671,-1.475,-1.450,-1.883,-1.858,-1.779
315.616,28.029,9.341,75.404,-2.828,-3.801,-1.228,-1.069,-1.045,-1.634,-1.610,-1.709
315.626,35.144,15.510,0.587,-2.449,-3.680,-0.555,-0.398,-0.376,-1.288,-1.265,-1.579
315.636,42.495,21.703,-45.833,-3.111,-3.611,0.087,0.265,0.286,-0.885,-0.863,-1.387
315.646,46.900,27.595,21.777,-2.597,-3.526,0.647,0.814,0.835,-0.439,-0.419,-1.137
315.656,53.098,33.257,-25.411,-3.312,-3.489,1.345,1.522,1.542,0.064,0.084,-0.825
315.667,59.646,39.363,3.335,-2.965,-3.455,2.192,2.370,2.389,0.650,0.670,-0.450
315.677,61.805,44.807,-3.725,-2.898,-3.406,2.887,3.064,3.083,1.277,1.296,-0.012
315.687,64.830,49.309,-16.931,-3.053,-3.340,3.577,3.753,3.771,1.911,1.929,0.469
315.698,70.012,54.147,-9.598,-3.369,-3.366,4.537,4.709,4.727,2.614,2.632,1.002
315.708,74.307,58.890,11.052,-2.344,-3.287,5.414,5.590,5.608,3.354,3.372,1.582
315.718,73.408,62.765,13.032,-2.013,-3.185,6.133,6.302,6.318,4.107,4.123,2.202
315.729,75.753,65.585,-25.754,-2.736,-3.106,6.921,7.094,7.109,4.856,4.871,2.857
315.739,77.285,68.582,15.386,-2.534,-3.116,7.850,8.021,8.036,5.658,5.673,3.552
315.749,75.702,70.559,16.955,-1.772,-2.999,8.557,8.737,8.751,6.433,6.447,4.259
315.760,73.483,71.321,-14.924,-2.156,-2.910,9.152,9.339,9.352,7.175,7.188,4.978
315.770,72.843,71.711,-9.241,-2.539,-2.870,9.894,10.081,10.093,7.914,7.926,5.703
315.780,72.724,72.170,1.461,-2.260,-2.837,10.704,10.881,10.893,8.658,8.670,6.430
315.790,69.777,71.892,21.197,-1.661,-2.743,11.307,11.475,11.485,9.371,9.382,7.155
315.801,68.940,70.851,-0.322,-1.366,-2.632,11.905,12.065,12.075,10.051,10.060,7.874
315.811,68.962,70.410,-0.227,-0.949,-2.485,12.627,12.785,12.792,10.757,10.764,8.596
315.821,67.107,69.643,-23.055,-2.640,-2.444,13.251,13.414,13.420,11.441,11.448,9.307
315.832,60.612,67.964,51.851,-2.086,-2.459,13.646,13.786,13.793,12.072,12.080,9.998
315.842,56.983,65.782,7.431,-0.962,-2.354,14.182,14.314,14.320,12.672,12.678,10.671
315.852,49.785,62.426,-18.319,-1.100,-2.168,14.413,14.547,14.550,13.197,13.200,11.313
315.863,46.773,59.063,-16.111,-2.210,-2.181,14.876,15.009,15.013,13.692,13.695,11.923
315.873,41.908,55.058,9.130,-1.411,-2.114,15.118,15.244,15.247,14.123,14.126,12.496
315.883,34.639,50.483,-10.108,-1.974,-2.095,15.215,15.342,15.344,14.486,14.489,13.017
315.894,24.751,44.881,24.043,-1.115,-2.012,15.128,15.230,15.231,14.759,14.760,13.484
315.904,16.726,38.824,-9.244,-1.165,-1.920,15.145,15.247,15.248,14.965,14.965,13.893
315.914,7.265,31.496,-19.353,-1.838,-1.850,14.828,14.934,14.934,15.045,15.045,14.229
315.925,1.076,24.612,3.208,-2.134,-1.933,14.750,14.852,14.853,15.077,15.077,14.494
315.935,-9.694,16.975,13.923,-1.418,-1.879,14.259,14.348,14.347,14.997,14.997,14.683
315.946,-16.962,9.203,11.816,-0.751,-1.829,13.863,13.947,13.947,14.836,14.835,14.790
315.956,-22.727,1.380,13.756,-0.238,-1.665,13.366,13.437,13.434,14.588,14.585,14.815
315.966,-28.766,-5.666,-34.312,-1.895,-1.636,12.904,12.971,12.967,14.298,14.295,14.765
315.977,-36.083,-13.008,24.297,-1.739,-1.695,12.225,12.285,12.283,13.919,13.917,14.641
315.987,-45.771,-20.334,12.428,-0.945,-1.657,11.491,11.549,11.546,13.474,13.471,14.442
315.997,-53.940,-28.052,-0.157,-0.648,-1.554,10.642,10.689,10.685,12.924,12.920,14.161
316.008,-56.306,-34.804,1.103,-0.613,-1.473,10.063,10.111,10.106,12.349,12.344,13.812
316.018,-60.692,-40.882,-50.713,-2.153,-1.477,9.261,9.335,9.330,11.725,11.719,13.397
316.028,-63.159,-46.332,20.102,-1.479,-1.524,8.472,8.545,8.541,11.055,11.050,12.919
316.039,-66.319,-51.031,-3.188,-0.828,-1.446,7.690,7.760,7.755,10.370,10.365,12.394
316.049,-69.467,-55.577,-13.727,-1.309,-1.385,6.811,6.877,6.870,9.642,9.636,11.823
316.059,-68.390,-58.847,-9.942,-1.930,-1.453,6.177,6.228,6.222,8.909,8.904,11.202
316.070,-70.058,-61.561,42.823,-0.837,-1.459,5.375,5.409,5.403,8.175,8.169,10.562
316.080,-70.604,-63.827,5.530,-0.702,-1.385,4.574,4.621,4.615,7.434,7.428,9.899
316.090,-68.991,-65.434,-20.605,-1.120,-1.368,3.853,3.914,3.908,6.699,6.693,9.220
316.101,-68.231,-66.236,14.557,-0.423,-1.313,3.141,3.203,3.196,5.981,5.973,8.528
316.111,-68.614,-66.624,-19.237,-0.275,-1.209,2.423,2.489,2.481,5.273,5.265,7.831
316.121,-64.765,-66.728,18.541,0.131,-1.107,1.796,1.849,1.839,4.556,4.546,7.120
316.132,-61.087,-65.492,-4.213,-0.201,-1.019,1.325,1.378,1.367,3.916,3.905,6.433
316.142,-56.019,-63.583,28.071,0.268,-0.913,0.852,0.886,0.873,3.308,3.295,5.763
316.152,-51.582,-61.112,-7.651,0.096,-0.784,0.412,0.448,0.433,2.744,2.730,5.113
316.162,-47.412,-57.821,-4.476,-0.190,-0.764,0.129,0.164,0.150,2.248,2.233,4.497
316.173,-41.453,-54.261,30.707,1.488,-0.608,-0.149,-0.121,-0.137,1.786,1.770,3.913
316.183,-34.992,-50.032,-59.113,1.339,-0.416,-0.394,-0.343,-0.362,1.386,1.367,3.367
316.193,-27.712,-45.190,1.766,1.049,-0.324,-0.498,-0.436,-0.457,1.061,1.040,2.876
316.204,-22.691,-39.952,18.320,1.898,-0.139,-0.587,-0.510,-0.532,0.807,0.785,2.438
316.214,-16.977,-34.635,0.736,1.596,0.016,-0.585,-0.505,-0.529,0.610,0.586,2.056
316.224,-9.360,-29.014,-22.209,0.427,0.116,-0.436,-0.351,-0.377,0.481,0.455,1.731
316.234,-4.684,-23.058,28.156,0.496,0.095,-0.312,-0.229,-0.255,0.422,0.396,1.468
316.245,3.506,-17.404,11.618,1.349,0.187,-0.065,0.012,-0.014,0.409,0.382,1.258
316.255,10.870,-11.041,-16.838,0.143,0.221,0.280,0.356,0.328,0.486,0.458,1.116
316.265,16.475,-4.473,22.634,0.226,0.184,0.580,0.654,0.627,0.629,0.602,1.039
316.276,24.115,2.158,-43.827,-0.655,0.180,1.111,1.189,1.162,0.850,0.824,1.031
316.286,30.601,8.814,39.622,0.518,0.138,1.637,1.701,1.675,1.137,1.111,1.091
316.296,33.527,14.948,16.945,2.287,0.284,2.111,2.172,2.144,1.479,1.451,1.217
316.307,39.318,20.514,-55.917,1.286,0.465,2.669,2.749,2.719,1.855,1.825,1.401
316.317,45.434,26.389,11.852,0.747,0.449,3.341,3.423,3.393,2.306,2.276,1.649
316.327,48.733,31.730,-0.204,0.876,0.487,3.908,3.986,3.955,2.788,2.757,1.950
316.338,55.118,36.953,4.898,0.993,0.528,4.665,4.741,4.710,3.320,3.289,2.303
316.348,58.079,42.193,14.507,1.595,0.578,5.387,5.460,5.428,3.909,3.877,2.712
316.358,61.487,46.403,-4.385,2.141,0.726,6.024,6.089,6.055,4.505,4.471,3.167
316.368,64.977,51.122,-19.571,1.199,0.734,6.914,6.977,6.943,5.173,5.139,3.669
316.379,69.463,55.221,28.904,2.076,0.829,7.743,7.791,7.756,5.858,5.823,4.215
316.389,74.132,59.696,-8.832,1.915,0.945,8.710,8.761,8.724,6.615,6.578,4.814
316.400,79.298,64.276,-0.079,1.736,1.030,9.658,9.711,9.673,7.403,7.365,5.449
316.410,81.366,68.407,-8.279,1.214,1.053,10.527,10.590,10.551,8.221,8.183,6.127
316.420,86.780,72.325,-1.015,1.129,1.077,11.557,11.620,11.581,9.071,9.032,6.845
316.430,89.966,76.762,23.227,1.497,1.064,12.633,12.691,12.652,9.982,9.943,7.605
316.441,87.013,79.180,-20.879,0.475,1.087,13.330,13.396,13.358,10.860,10.821,8.401
316.451,85.004,80.767,-10.510,-0.163,0.952,14.165,14.230,14.193,11.742,11.705,9.228
316.461,79.495,81.008,31.740,1.674,0.966,14.782,14.850,14.813,12.568,12.531,10.047
316.472,73.704,79.649,-53.917,1.050,1.028,15.318,15.407,15.370,13.334,13.296,10.859
316.482,68.667,77.261,11.578,1.016,0.968,15.871,15.962,15.925,14.048,14.011,11.656
316.492,60.484,73.768,14.033,1.732,1.033,16.209,16.296,16.258,14.687,14.649,12.416
316.503,50.293,68.577,-4.076,1.357,1.067,16.334,16.428,16.390,15.220,15.182,13.130
316.513,40.498,62.305,-14.843,0.827,1.060,16.456,16.555,16.517,15.666,15.628,13.790
316.523,28.930,55.016,11.151,1.012,1.035,16.404,16.510,16.472,15.998,15.960,14.371
316.534,14.934,46.161,2.866,1.405,1.081,16.096,16.189,16.151,16.188,16.150,14.865
316.544,6.279,36.856,-7.007,1.030,1.093,15.898,15.991,15.953,16.269,16.231,15.267
316.554,-5.760,27.372,2.237,0.886,1.065,15.474,15.566,15.528,16.246,16.208,15.570
316.565,-17.983,16.894,6.037,0.869,1.038,14.845,14.938,14.900,16.083,16.045,15.766
316.575,-27.778,6.557,10.081,1.415,1.071,14.250,14.357,14.319,15.820,15.782,15.858
316.585,-35.930,-3.657,-21.403,0.939,1.103,13.545,13.659,13.621,15.445,15.406,15.843
316.596,-42.874,-12.612,-1.072,0.169,0.981,12.986,13.102,13.065,15.026,14.990,15.730
316.606,-58.299,-22.536,36.772,1.264,0.952,11.888,11.990,11.954,14.474,14.438,15.520
316.616,-61.530,-32.545,1.566,1.908,1.053,11.050,11.144,11.107,13.808,13.770,15.204
316.627,-66.487,-40.606,2.357,1.903,1.140,10.226,10.327,10.289,13.131,13.092,14.801
316.637,-70.811,-47.788,-21.865,1.154,1.163,9.324,9.436,9.397,12.401,12.362,14.319
316.647,-73.523,-54.060,-2.493,0.405,1.098,8.489,8.607,8.569,11.630,11.592,13.764
316.658,-79.178,-59.791,-26.589,0.213,1.045,7.455,7.582,7.544,10.825,10.788,13.157
316.668,-80.919,-65.103,-36.488,-0.929,0.908,6.522,6.675,6.639,9.975,9.940,12.490
316.680,-81.110,-70.519,-27.537,-3.309,0.498,5.491,5.673,5.643,8.939,8.909,11.622
316.691,-88.180,-74.226,-23.912,-4.226,0.047,4.439,4.609,4.585,8.053,8.029,10.860
316.701,-92.629,-78.561,-24.265,-4.403,-0.382,3.302,3.488,3.469,7.095,7.076,10.053
316.711,-95.218,-82.464,9.341,-3.610,-0.737,2.265,2.444,2.431,6.099,6.085,9.192
316.722,-98.128,-86.006,8.091,-2.718,-0.927,1.155,1.318,1.307,5.092,5.081,8.310
316.732,-101.355,-89.657,15.340,-1.773,-1.057,-0.015,0.139,0.130,4.051,4.041,7.393
316.742,-103.892,-92.858,38.659,0.182,-1.019,-1.151,-0.994,-1.004,2.997,2.987,6.445
316.752,-106.176,-96.237,1.349,-0.035,-0.905,-2.400,-2.246,-2.257,1.893,1.882,5.457
316.763,-103.274,-98.211,-15.128,-1.100,-0.900,-3.259,-3.113,-3.125,0.823,0.812,4.446
316.773,-98.970,-98.430,9.479,-0.602,-0.909,-4.078,-3.936,-3.948,-0.211,-0.222,3.416
316.783,-97.650,-98.662,-82.080,-1.833,-0.900,-5.151,-4.966,-4.977,-1.239,-1.250,2.394
316.794,-88.888,-96.940,-16.959,-3.019,-1.114,-5.727,-5.539,-5.548,-2.188,-2.197,1.383
316.804,-82.347,-93.642,33.801,-0.608,-1.134,-6.353,-6.186,-6.194,-3.063,-3.071,0.395
316.814,-75.337,-89.751,-54.379,-1.235,-1.082,-6.948,-6.784,-6.793,-3.876,-3.885,-0.550
316.825,-68.036,-84.829,40.189,-0.356,-1.127,-7.419,-7.263,-7.271,-4.603,-4.611,-1.446
316.835,-60.564,-79.533,57.596,1.706,-0.912,-7.860,-7.738,-7.749,-5.274,-5.285,-2.301
316.845,-46.776,-72.430,-7.921,1.927,-0.613,-7.855,-7.748,-7.764,-5.800,-5.815,-3.076
316.856,-32.969,-63.431,2.949,1.373,-0.437,-7.741,-7.631,-7.649,-6.179,-6.197,-3.764
316.866,-22.072,-54.274,-73.168,0.951,-0.280,-7.760,-7.607,-7.627,-6.461,-6.481,-4.360
316.876,-6.132,-43.564,-10.046,-0.168,-0.282,-7.271,-7.117,-7.137,-6.580,-6.600,-4.850
316.886,4.037,-32.276,15.494,0.002,-0.277,-6.863,-6.714,-6.733,-6.564,-6.584,-5.223
316.897,10.191,-22.010,55.687,0.579,-0.219,-6.544,-6.424,-6.445,-6.474,-6.494,-5.491
316.909,17.666,-10.137,6.175,1.339,-0.053,-6.152,-6.044,-6.067,-6.287,-6.310,-5.676
316.919,23.793,-2.146,24.208,2.388,0.123,-5.748,-5.659,-5.685,-6.067,-6.093,-5.725
316.930,29.745,5.433,1.273,2.465,0.333,-5.215,-5.124,-5.153,-5.772,-5.800,-5.695
316.940,33.481,12.118,11.265,2.480,0.518,-4.788,-4.675,-4.706,-5.439,-5.470,-5.593
316.950,33.513,17.396,-44.895,0.956,0.613,-4.513,-4.364,-4.397,-5.092,-5.124,-5.429
316.961,37.135,22.059,-7.531,0.708,0.606,-3.991,-3.833,-3.865,-4.710,-4.742,-5.212
316.971,39.568,26.197,21.365,1.430,0.661,-3.504,-3.356,-3.388,-4.309,-4.342,-4.954
316.981,41.027,29.672,2.024,1.464,0.731,-3.002,-2.852,-2.886,-3.888,-3.922,-4.657
316.991,40.460,32.405,-16.823,1.193,0.788,-2.653,-2.495,-2.529,-3.470,-3.505,-4.331
317.002,40.442,34.214,-12.868,0.646,0.785,-2.279,-2.109,-2.144,-3.058,-3.092,-3.981
317.012,43.646,36.457,36.605,1.545,0.817,-1.700,-1.537,-1.572,-2.612,-2.647,-3.610
317.023,47.507,38.769,1.344,2.065,0.930,-1.076,-0.918,-0.954,-2.133,-2.170,-3.212
317.033,51.840,41.701,-25.342,0.960,0.970,-0.392,-0.227,-0.264,-1.615,-1.652,-2.793
317.043,54.579,44.458,-37.879,0.015,0.895,0.165,0.360,0.324,-1.076,-1.112,-2.345
317.053,55.520,47.220,55.177,1.134,0.813,0.766,0.948,0.913,-0.507,-0.542,-1.867
317.064,61.816,50.184,19.835,1.853,0.909,1.553,1.732,1.696,0.092,0.056,-1.364
317.074,65.636,53.856,-39.290,0.251,0.921,2.415,2.585,2.549,0.756,0.720,-0.827
317.084,69.517,57.440,-41.898,-1.337,0.760,3.219,3.420,3.387,1.453,1.420,-0.249
317.095,72.672,61.142,25.200,-1.062,0.515,4.097,4.298,4.268,2.201,2.171,0.374
317.105,74.584,64.209,24.366,0.053,0.458,4.866,5.064,5.035,2.950,2.920,1.022
317.115,76.850,67.233,3.847,0.516,0.446,5.744,5.939,5.910,3.730,3.701,1.700
317.126,75.893,69.564,50.574,1.240,0.492,6.488,6.656,6.626,4.510,4.480,2.403
317.136,77.508,71.401,-18.365,1.040,0.559,7.340,7.511,7.480,5.300,5.269,3.130
317.146,78.529,73.110,-32.684,0.123,0.529,8.154,8.345,8.315,6.093,6.062,3.867
317.157,78.822,74.537,-6.070,-0.324,0.460,9.019,9.213,9.184,6.910,6.881,4.635
317.167,75.656,75.037,-7.067,-0.741,0.371,9.698,9.894,9.866,7.688,7.660,5.395
317.177,68.126,73.739,-48.659,-1.301,0.250,10.088,10.314,10.287,8.399,8.373,6.153
317.188,60.934,71.073,33.506,0.969,0.220,10.489,10.696,10.671,9.045,9.019,6.891
317.198,52.545,67.102,23.143,2.895,0.433,10.749,10.951,10.923,9.611,9.582,7.593
317.209,43.310,61.930,-57.463,2.362,0.621,10.865,11.098,11.066,10.085,10.054,8.243
317.219,35.769,56.016,33.764,2.990,0.794,10.977,11.193,11.160,10.474,10.440,8.838
317.229,30.566,49.955,-17.753,2.640,1.032,11.111,11.331,11.294,10.800,10.763,9.375
317.240,21.003,43.670,-27.173,1.335,1.086,11.084,11.313,11.276,11.056,11.018,9.843
317.250,11.089,36.409,-4.190,0.782,1.071,10.886,11.120,11.082,11.201,11.163,10.239
317.260,2.591,28.463,-38.017,-0.327,0.995,10.628,10.873,10.836,11.241,11.205,10.553
317.271,-7.251,20.487,20.554,-0.262,0.818,10.272,10.515,10.482,11.197,11.164,10.786
317.281,-17.713,11.764,20.437,0.972,0.823,9.694,9.925,9.891,11.034,11.000,10.929
317.292,-27.390,2.590,-14.606,0.318,0.808,9.045,9.288,9.254,10.765,10.731,10.980
317.302,-34.039,-5.865,25.092,1.280,0.794,8.487,8.728,8.695,10.430,10.397,10.940
317.312,-38.828,-13.715,11.600,2.624,0.944,7.927,8.156,8.120,10.035,9.999,10.816
317.323,-43.897,-20.913,-56.287,0.391,0.971,7.317,7.568,7.532,9.589,9.553,10.615
317.333,-49.768,-27.586,26.371,0.013,0.827,6.656,6.910,6.876,9.091,9.058,10.345
317.343,-56.392,-34.363,24.198,0.950,0.809,5.817,6.071,6.038,8.517,8.484,10.005
317.354,-60.773,-40.597,15.659,1.354,0.861,5.002,5.255,5.221,7.886,7.852,9.593
317.364,-65.114,-46.435,-15.409,0.599,0.859,4.131,4.404,4.370,7.216,7.182,9.125
317.374,-65.414,-50.966,-5.694,0.174,0.801,3.541,3.809,3.776,6.555,6.522,8.615
317.386,-65.819,-55.684,-2.751,0.411,0.765,2.733,2.999,2.967,5.740,5.707,7.943
317.399,-64.574,-58.744,-4.286,0.485,0.743,1.973,2.238,2.206,4.922,4.890,7.218
317.409,-65.619,-60.302,8.002,0.635,0.724,1.281,1.549,1.517,4.248,4.217,6.596
317.420,-67.091,-61.841,-2.579,0.708,0.728,0.526,0.795,0.763,3.549,3.517,5.948
317.430,-65.587,-62.828,19.652,1.069,0.732,-0.099,0.164,0.132,2.869,2.837,5.301
317.440,-60.933,-62.819,-24.661,0.423,0.765,-0.585,-0.315,-0.347,2.218,2.186,4.649
317.450,-59.158,-61.684,-21.736,-0.607,0.643,-1.020,-0.752,-0.783,1.618,1.588,4.004
317.461,-56.733,-60.591,43.231,1.613,0.648,-1.561,-1.318,-1.349,1.016,0.986,3.368
317.471,-51.470,-58.949,13.865,2.112,0.780,-1.961,-1.723,-1.755,0.453,0.421,2.747
317.481,-44.410,-55.751,-25.838,1.127,0.853,-2.117,-1.886,-1.919,-0.019,-0.053,2.159
317.492,-38.342,-51.782,-66.325,0.066,0.818,-2.329,-2.068,-2.101,-0.441,-0.474,1.597
317.502,-33.152,-47.439,11.839,-0.139,0.693,-2.498,-2.218,-2.249,-0.801,-0.832,1.087
317.514,-26.208,-41.437,-31.392,-0.565,0.611,-2.663,-2.364,-2.394,-1.169,-1.199,0.530
317.525,-19.060,-36.682,-2.138,-0.661,0.508,-2.666,-2.368,-2.396,-1.406,-1.434,0.131
317.535,-9.894,-30.673,-9.725,-0.893,0.381,-2.428,-2.138,-2.164,-1.542,-1.568,-0.211
317.545,-4.426,-24.488,46.817,1.158,0.373,-2.343,-2.076,-2.102,-1.614,-1.640,-0.491
317.556,4.612,-18.421,26.416,1.571,0.485,-2.147,-1.901,-1.929,-1.631,-1.659,-0.713
317.566,13.771,-10.850,-0.503,1.394,0.555,-1.605,-1.364,-1.393,-1.508,-1.537,-0.856
317.576,21.368,-3.167,-35.465,0.970,0.622,-1.135,-0.881,-0.911,-1.310,-1.340,-0.920
317.586,27.500,3.710,-40.362,-0.014,0.598,-0.745,-0.461,-0.490,-1.066,-1.095,-0.912
317.597,36.392,11.217,10.992,-0.314,0.515,-0.075,0.214,0.186,-0.727,-0.755,-0.829
317.607,41.890,18.525,28.436,0.921,0.511,0.536,0.828,0.800,-0.317,-0.345,-0.670
317.617,45.279,24.954,11.051,1.503,0.607,1.060,1.344,1.314,0.134,0.105,-0.439
317.628,53.036,31.012,-44.993,0.415,0.665,1.794,2.093,2.063,0.634,0.604,-0.147
317.638,59.073,37.690,-1.943,0.423,0.619,2.681,2.975,2.945,1.229,1.199,0.213
317.648,58.817,43.151,73.320,2.014,0.691,3.279,3.533,3.502,1.837,1.806,0.635
317.659,61.750,47.447,-4.508,2.359,0.835,3.966,4.219,4.187,2.453,2.420,1.103
317.669,64.150,51.489,8.777,2.200,0.920,4.734,4.990,4.956,3.105,3.071,1.614
317.679,64.203,54.626,-4.897,2.234,1.064,5.357,5.616,5.580,3.760,3.724,2.161
317.690,68.789,57.734,-32.963,1.144,1.106,6.182,6.469,6.433,4.452,4.416,2.747
317.700,69.655,60.744,38.181,1.879,1.075,6.922,7.206,7.170,5.162,5.126,3.356
317.710,72.339,63.110,11.019,2.175,1.197,7.651,7.939,7.901,5.875,5.837,3.993
317.721,74.607,65.830,-51.002,-0.209,1.153,8.524,8.826,8.788,6.634,6.597,4.656
317.731,76.541,68.437,51.526,0.628,1.010,9.330,9.619,9.584,7.400,7.364,5.341
317.741,79.609,70.522,3.733,1.462,1.083,10.128,10.406,10.370,8.175,8.139,6.051
317.752,82.531,73.433,-28.076,0.396,1.077,11.145,11.423,11.387,9.013,8.977,6.787
317.762,80.893,75.650,26.243,1.559,1.062,11.909,12.173,12.137,9.841,9.805,7.544
317.772,79.778,76.211,24.602,2.361,1.167,12.588,12.828,12.791,10.635,10.597,8.322
317.783,80.821,77.246,-16.500,1.256,1.228,13.513,13.751,13.712,11.459,11.420,9.107
317.793,76.297,77.533,24.854,1.261,1.173,14.117,14.360,14.322,12.246,12.208,9.888
317.803,71.831,76.236,24.732,2.125,1.238,14.643,14.872,14.834,12.980,12.941,10.671
317.814,66.377,74.239,-23.650,1.383,1.328,15.223,15.453,15.413,13.692,13.652,11.446
317.824,57.575,71.096,-5.858,0.732,1.249,15.584,15.826,15.788,14.318,14.279,12.179
317.835,44.948,65.309,37.447,1.851,1.228,15.583,15.815,15.776,14.802,14.764,12.863
317.845,34.514,58.456,-11.343,2.101,1.372,15.612,15.852,15.812,15.186,15.146,13.481
317.855,24.440,50.709,-76.130,0.349,1.326,15.475,15.772,15.733,15.458,15.419,14.021
317.866,14.552,42.492,20.938,0.846,1.241,15.315,15.623,15.584,15.630,15.592,14.476
317.876,2.940,33.460,-16.979,1.271,1.271,14.911,15.225,15.186,15.678,15.640,14.835
317.886,-9.118,23.605,-8.189,0.775,1.241,14.380,14.705,14.667,15.605,15.567,15.098
317.896,-22.113,13.492,-2.020,0.469,1.177,13.783,14.111,14.074,15.422,15.385,15.257
317.907,-33.681,2.468,6.992,0.669,1.113,13.036,13.362,13.326,15.093,15.057,15.308
317.917,-47.228,-8.634,5.374,1.051,1.102,12.177,12.503,12.467,14.655,14.619,15.247
317.927,-59.204,-20.399,-23.765,0.825,1.116,11.129,11.452,11.416,14.065,14.029,15.064
317.937,-68.016,-31.509,-10.675,0.255,1.055,10.194,10.520,10.485,13.386,13.351,14.765
317.948,-76.443,-41.825,21.530,0.930,1.002,9.137,9.457,9.423,12.621,12.587,14.358
317.958,-83.741,-51.921,5.987,1.691,1.090,8.007,8.315,8.280,11.772,11.736,13.851
317.968,-89.220,-60.644,-62.733,-0.172,1.036,6.980,7.310,7.275,10.881,10.847,13.253
317.978,-94.551,-68.835,7.004,-0.752,0.837,5.809,6.164,6.132,9.922,9.890,12.571
317.990,-101.335,-78.246,-16.231,-0.737,0.705,4.429,4.766,4.737,8.714,8.684,11.649
318.002,-106.241,-87.276,-24.128,-2.129,0.465,2.930,3.277,3.251,7.417,7.390,10.625
318.015,-108.545,-93.846,-23.942,-2.819,0.067,1.534,1.895,1.874,6.086,6.065,9.496
318.027,-111.255,-99.116,6.889,-2.324,-0.272,0.097,0.453,0.437,4.737,4.720,8.308
318.039,-111.139,-102.919,-0.797,-0.825,-0.357,-1.273,-0.912,-0.926,3.389,3.374,7.076
318.051,-110.504,-105.470,13.349,1.329,-0.205,-2.611,-2.265,-2.282,2.046,2.029,5.807
318.063,-106.721,-106.220,-0.496,1.963,0.079,-3.825,-3.498,-3.519,0.738,0.717,4.520
318.075,-103.337,-106.054,-10.808,1.127,0.241,-5.071,-4.718,-4.741,-0.534,-0.558,3.238
318.087,-97.747,-104.073,30.514,0.759,0.256,-6.170,-5.804,-5.827,-1.765,-1.789,1.946
318.099,-91.431,-100.577,39.674,1.132,0.303,-7.077,-6.719,-6.743,-2.890,-2.914,0.712
318.111,-83.484,-95.598,49.747,1.638,0.430,-7.765,-7.428,-7.454,-3.912,-3.938,-0.467
318.123,-76.486,-90.363,-15.599,2.015,0.637,-8.527,-8.178,-8.208,-4.866,-4.895,-1.586
318.135,-64.955,-83.386,-24.483,1.020,0.763,-8.971,-8.605,-8.636,-5.685,-5.716,-2.618
318.147,-51.440,-74.731,-15.610,-0.345,0.689,-9.186,-8.819,-8.848,-6.363,-6.393,-3.560
318.159,-42.116,-65.185,6.072,-0.901,0.474,-9.361,-8.996,-9.023,-6.904,-6.931,-4.399
318.171,-32.269,-55.590,9.316,-0.495,0.304,-9.426,-9.061,-9.085,-7.321,-7.346,-5.107
318.183,-21.872,-45.998,16.494,0.785,0.288,-9.458,-9.091,-9.115,-7.633,-7.657,-5.707
318.196,-12.059,-36.261,11.236,2.381,0.505,-9.380,-9.029,-9.056,-7.826,-7.853,-6.202
318.208,-1.854,-26.848,4.023,3.361,0.860,-9.212,-8.886,-8.918,-7.910,-7.942,-6.579
318.220,8.599,-16.889,13.435,3.738,1.187,-8.850,-8.523,-8.559,-7.851,-7.887,-6.833
318.230,15.835,-9.299,-80.985,2.545,1.414,-8.500,-8.141,-8.180,-7.709,-7.748,-6.949
318.243,27.955,1.360,-66.031,-0.407,1.344,-7.817,-7.421,-7.460,-7.413,-7.451,-6.978
318.254,35.723,11.416,-54.605,-1.496,1.075,-7.236,-6.819,-6.853,-7.040,-7.074,-6.888
318.265,42.521,20.763,5.396,-1.044,0.767,-6.567,-6.165,-6.195,-6.582,-6.612,-6.690
318.276,46.867,28.572,11.310,-0.379,0.625,-5.939,-5.544,-5.572,-6.068,-6.096,-6.395
318.288,50.221,35.067,1.568,-0.064,0.545,-5.278,-4.888,-4.915,-5.513,-5.540,-6.024
318.299,53.442,40.828,0.961,-0.012,0.480,-4.553,-4.167,-4.192,-4.903,-4.928,-5.578
318.310,55.352,45.147,13.064,0.347,0.447,-3.934,-3.554,-3.578,-4.294,-4.319,-5.087
318.322,59.954,49.435,6.511,0.625,0.466,-3.084,-2.713,-2.738,-3.632,-3.657,-4.546
318.333,62.296,53.034,-0.353,0.517,0.481,-2.314,-1.944,-1.969,-2.945,-2.970,-3.963
318.344,66.120,56.909,2.762,0.498,0.473,-1.426,-1.053,-1.078,-2.210,-2.235,-3.338
318.355,63.808,59.400,4.384,0.313,0.460,-0.835,-0.427,-0.452,-1.482,-1.507,-2.678
318.367,63.398,60.750,-60.003,-0.708,0.384,-0.190,0.249,0.226,-0.763,-0.786,-1.992
318.378,62.785,61.498,-25.473,-0.992,0.241,0.486,0.940,0.918,-0.059,-0.081,-1.306
318.389,63.715,62.135,48.862,0.963,0.226,1.253,1.692,1.671,0.651,0.630,-0.610
318.400,63.012,62.245,22.951,2.465,0.455,1.951,2.372,2.348,1.356,1.332,0.087
318.411,67.104,63.318,3.025,1.715,0.629,2.825,3.252,3.225,2.090,2.063,0.790
318.423,65.772,64.109,-37.721,-0.141,0.630,3.549,3.973,3.946,2.828,2.801,1.504
318.434,61.465,63.895,-72.282,-1.772,0.363,4.075,4.537,4.515,3.531,3.508,2.218
318.445,50.656,61.076,11.093,-1.062,0.175,4.376,4.812,4.792,4.154,4.134,2.925
318.457,46.878,56.916,54.882,2.270,0.250,4.786,5.193,5.172,4.684,4.663,3.577
318.468,40.807,52.313,31.691,4.445,0.666,5.117,5.513,5.486,5.167,5.140,4.183
318.479,35.883,47.653,-1.129,3.313,1.012,5.377,5.795,5.763,5.592,5.560,4.736
318.490,29.047,42.564,-47.689,0.606,1.086,5.493,5.953,5.920,5.945,5.911,5.232
318.502,20.856,36.450,-49.471,-0.077,0.979,5.489,5.982,5.951,6.206,6.174,5.666
318.513,12.390,29.666,23.043,1.106,0.909,5.421,5.906,5.876,6.375,6.344,6.029
318.524,3.980,22.483,16.139,1.547,0.961,5.243,5.745,5.714,6.451,6.420,6.306
318.536,-5.598,14.636,-10.178,0.536,0.961,4.933,5.447,5.416,6.424,6.393,6.499
318.547,-14.347,6.454,-73.363,-1.929,0.734,4.498,5.071,5.043,6.293,6.265,6.601
318.558,-20.777,-1.437,-31.306,-2.484,0.399,4.096,4.674,4.651,6.074,6.052,6.611
318.569,-30.841,-9.565,9.563,-1.346,0.155,3.496,4.081,4.062,5.764,5.746,6.532
318.581,-43.724,-18.792,26.810,0.643,0.144,2.685,3.242,3.224,5.320,5.302,6.351
318.593,-49.922,-28.049,50.581,1.987,0.319,1.882,2.410,2.389,4.748,4.727,6.056
318.604,-55.361,-35.971,22.201,2.362,0.513,1.182,1.700,1.676,4.143,4.118,5.671
318.615,-56.720,-42.769,13.291,2.277,0.707,0.507,1.025,0.998,3.495,3.468,5.212
318.626,-57.973,-47.477,-6.107,1.115,0.804,-0.114,0.400,0.372,2.871,2.842,4.711
318.637,-61.343,-51.720,-18.048,0.457,0.771,-0.948,-0.405,-0.433,2.202,2.174,4.158
318.648,-63.861,-55.420,5.264,0.316,0.735,-1.728,-1.187,-1.214,1.489,1.462,3.547
318.660,-65.973,-58.672,-8.993,-0.418,0.644,-2.450,-1.924,-1.950,0.747,0.721,2.889
318.671,-65.672,-60.784,-60.447,-3.767,0.295,-3.146,-2.595,-2.616,0.009,-0.011,2.211
318.682,-65.303,-62.294,-74.809,-4.785,-0.228,-3.933,-3.335,-3.347,-0.739,-0.752,1.511
318.693,-65.980,-63.428,20.073,-2.183,-0.606,-4.672,-4.090,-4.097,-1.465,-1.472,0.819
318.704,-66.131,-64.323,42.927,-0.413,-0.606,-5.392,-4.846,-4.853,-2.188,-2.195,0.119
318.715,-64.816,-64.738,-16.960,-0.993,-0.625,-6.046,-5.498,-5.505,-2.900,-2.906,-0.585
318.726,-64.717,-64.456,20.079,-0.261,-0.666,-6.712,-6.160,-6.166,-3.599,-3.604,-1.295
318.737,-62.859,-64.116,36.201,-0.175,-0.582,-7.376,-6.826,-6.833,-4.285,-4.292,-1.992
318.748,-56.848,-62.747,-40.690,-2.977,-0.676,-7.871,-7.305,-7.311,-4.951,-4.956,-2.696
318.759,-46.824,-58.833,-16.055,-3.646,-1.018,-8.046,-7.485,-7.485,-5.521,-5.522,-3.380
318.770,-37.381,-52.619,5.394,-2.864,-1.270,-8.185,-7.631,-7.627,-5.964,-5.961,-3.990
318.781,-33.901,-47.146,-35.609,-4.283,-1.507,-8.545,-7.971,-7.964,-6.353,-6.346,-4.525
318.792,-24.750,-41.144,-32.664,-4.468,-1.857,-8.539,-7.954,-7.942,-6.666,-6.653,-5.004
318.803,-20.423,-34.467,18.822,-2.316,-2.071,-8.607,-8.035,-8.019,-6.889,-6.873,-5.409
318.814,-16.307,-29.416,18.057,-0.644,-1.907,-8.793,-8.241,-8.228,-7.098,-7.085,-5.753
318.824,-5.372,-23.014,-1.972,-0.779,-1.811,-8.497,-7.947,-7.935,-7.193,-7.181,-6.029
318.835,-1.199,-16.035,13.431,0.396,-1.600,-8.332,-7.783,-7.774,-7.197,-7.188,-6.233
318.846,1.194,-10.865,-38.730,-1.215,-1.382,-8.327,-7.725,-7.720,-7.187,-7.182,-6.371
318.858,4.504,-6.445,-76.232,-2.790,-1.480,-8.192,-7.544,-7.536,-7.145,-7.137,-6.459
318.869,7.159,-2.257,29.341,1.037,-1.400,-8.064,-7.422,-7.416,-7.067,-7.060,-6.500
318.881,9.638,1.307,39.869,2.885,-0.982,-7.880,-7.235,-7.235,-6.949,-6.949,-6.497
318.893,16.604,5.321,-10.140,1.531,-0.634,-7.473,-6.826,-6.832,-6.771,-6.776,-6.446
318.906,23.610,10.399,-16.512,0.413,-0.503,-6.977,-6.321,-6.328,-6.506,-6.513,-6.339
318.916,29.184,14.586,15.030,0.807,-0.371,-6.505,-5.851,-5.860,-6.223,-6.233,-6.202
318.926,33.940,19.125,18.120,0.270,-0.360,-6.010,-5.352,-5.362,-5.883,-5.892,-6.017
318.937,38.991,23.544,-57.657,0.121,-0.244,-5.452,-4.796,-4.808,-5.501,-5.513,-5.788
318.947,43.160,27.844,30.670,0.167,-0.279,-4.965,-4.309,-4.320,-5.088,-5.099,-5.517
318.957,51.240,33.179,-57.462,-0.885,-0.262,-4.141,-3.470,-3.481,-4.580,-4.591,-5.193
318.968,56.060,38.269,34.228,-0.586,-0.321,-3.481,-2.818,-2.828,-4.034,-4.044,-4.816
318.978,60.848,43.608,-9.970,-0.756,-0.360,-2.691,-2.039,-2.048,-3.420,-3.430,-4.385
318.988,63.979,48.449,-3.083,-0.701,-0.376,-1.927,-1.276,-1.285,-2.764,-2.773,-3.897
318.999,70.299,53.213,0.541,-0.654,-0.399,-1.057,-0.407,-0.416,-2.076,-2.085,-3.367
319.009,74.353,58.385,3.605,-0.513,-0.419,-0.166,0.480,0.472,-1.326,-1.334,-2.790
319.021,84.799,65.526,0.622,-0.610,-0.434,1.186,1.834,1.826,-0.338,-0.346,-2.021
319.031,88.675,71.272,-2.519,-0.884,-0.472,2.256,2.902,2.894,0.560,0.553,-1.316
319.042,90.365,75.663,4.652,-0.445,-0.477,3.196,3.830,3.823,1.469,1.462,-0.556
319.052,87.573,79.016,15.800,-0.792,-0.527,4.029,4.661,4.655,2.391,2.385,0.249
319.062,86.956,81.064,-20.215,-0.723,-0.496,4.931,5.559,5.552,3.283,3.276,1.068
319.073,88.386,82.645,20.899,-0.641,-0.538,5.835,6.460,6.454,4.167,4.161,1.904
319.083,89.093,84.397,-86.179,-1.182,-0.579,6.772,7.430,7.424,5.080,5.075,2.759
319.093,88.417,85.300,1.290,-0.663,-0.578,7.612,8.289,8.283,5.979,5.974,3.629
319.104,85.743,85.767,19.721,-0.651,-0.632,8.396,9.083,9.078,6.863,6.858,4.500
319.114,83.298,85.388,-19.523,-0.581,-0.596,9.185,9.873,9.868,7.721,7.716,5.370
319.124,79.568,84.284,19.982,-0.437,-0.609,9.900,10.583,10.578,8.556,8.551,6.246
319.135,77.484,82.617,-16.292,-1.088,-0.622,10.609,11.295,11.290,9.345,9.340,7.094
319.145,73.103,80.750,24.100,-0.636,-0.626,11.217,11.889,11.885,10.104,10.100,7.922
319.155,70.284,78.417,-6.459,-1.351,-0.678,11.895,12.564,12.561,10.829,10.825,8.726
319.166,62.429,74.924,6.760,-1.134,-0.698,12.233,12.884,12.880,11.477,11.474,9.499
319.176,55.844,70.668,-10.243,-1.386,-0.757,12.639,13.287,13.284,12.066,12.064,10.232
319.186,47.472,65.706,47.012,-0.712,-0.801,12.884,13.510,13.508,12.585,12.583,10.927
319.197,40.725,59.893,-33.742,-1.341,-0.773,13.067,13.695,13.693,13.011,13.009,11.555
319.207,28.254,53.399,68.574,-0.412,-0.873,13.018,13.628,13.627,13.349,13.349,12.118
319.218,18.146,44.744,-23.293,-0.051,-0.689,12.739,13.348,13.344,13.528,13.525,12.597
319.228,8.231,36.527,-27.581,-2.032,-0.770,12.588,13.197,13.195,13.643,13.640,12.990
319.238,-6.976,26.830,50.564,-1.261,-0.898,11.998,12.585,12.584,13.603,13.603,13.286
319.249,-18.161,16.394,11.455,-0.120,-0.788,11.401,11.995,11.993,13.433,13.431,13.482
319.259,-26.929,6.089,-47.563,-2.865,-0.894,10.802,11.426,11.425,13.161,13.161,13.566
319.270,-38.119,-3.840,-6.493,-4.004,-1.189,10.136,10.762,10.766,12.802,12.806,13.548
319.280,-52.959,-15.078,59.175,-2.701,-1.383,9.074,9.660,9.666,12.281,12.288,13.417
319.290,-61.775,-26.159,3.564,-1.682,-1.411,8.116,8.699,8.706,11.650,11.656,13.169
319.301,-68.347,-36.058,-54.022,-1.908,-1.422,7.175,7.777,7.784,10.953,10.960,12.815
319.311,-72.160,-45.086,-16.177,-2.844,-1.508,6.258,6.863,6.871,10.180,10.188,12.359
319.321,-77.403,-52.408,-21.444,-3.486,-1.729,5.379,5.977,5.988,9.398,9.409,11.827
319.332,-83.001,-59.746,46.924,-1.515,-1.789,4.298,4.852,4.864,8.535,8.547,11.221
319.342,-83.626,-65.669,-7.507,-1.043,-1.691,3.428,3.977,3.987,7.660,7.671,10.547
319.352,-85.274,-70.272,50.049,-0.192,-1.639,2.503,3.035,3.045,6.780,6.790,9.824
319.363,-86.546,-74.235,9.559,0.864,-1.360,1.528,2.062,2.068,5.881,5.887,9.059
319.373,-83.782,-76.944,-36.728,-0.199,-1.156,0.726,1.269,1.272,4.982,4.985,8.250
319.383,-78.853,-77.872,-4.932,-1.128,-1.154,0.056,0.604,0.608,4.133,4.136,7.431
319.394,-73.627,-77.057,-40.241,-2.371,-1.209,-0.486,0.065,0.069,3.355,3.359,6.622
319.404,-69.679,-75.347,8.556,-2.750,-1.398,-1.046,-0.487,-0.480,2.621,2.627,5.827
319.414,-63.700,-73.093,-19.465,-3.064,-1.513,-1.527,-0.966,-0.958,1.926,1.934,5.053
319.424,-58.162,-69.542,-5.511,-3.429,-1.742,-1.901,-1.338,-1.327,1.307,1.318,4.311
319.435,-54.174,-66.037,55.341,-1.857,-1.846,-2.347,-1.833,-1.820,0.709,0.722,3.593
319.445,-45.771,-61.661,-12.621,-1.833,-1.801,-2.553,-2.040,-2.028,0.198,0.210,2.929
319.455,-38.123,-56.251,58.855,-0.624,-1.803,-2.694,-2.198,-2.186,-0.223,-0.211,2.323
319.466,-29.684,-50.334,27.714,1.083,-1.547,-2.783,-2.297,-2.289,-0.573,-0.564,1.768
319.476,-22.564,-43.947,-9.419,1.290,-1.258,-2.795,-2.309,-2.305,-0.835,-0.831,1.279
319.486,-14.253,-37.291,10.545,1.102,-1.048,-2.708,-2.217,-2.216,-1.022,-1.020,0.860
319.497,-3.798,-29.634,-15.914,-0.462,-0.940,-2.358,-1.869,-1.869,-1.098,-1.098,0.511
319.507,4.513,-21.725,-48.627,-1.457,-0.975,-2.090,-1.574,-1.573,-1.088,-1.088,0.248
319.518,12.235,-14.305,-15.988,-2.122,-1.037,-1.780,-1.262,-1.261,-1.015,-1.014,0.064
319.528,18.386,-6.234,-24.856,-2.924,-1.238,-1.281,-0.767,-0.763,-0.834,-0.830,-0.036
319.538,21.128,0.350,37.871,-2.139,-1.369,-0.990,-0.502,-0.496,-0.638,-0.632,-0.065
319.548,28.935,7.001,-3.749,-1.872,-1.401,-0.401,0.086,0.092,-0.368,-0.362,-0.025
319.559,33.681,13.497,47.782,-0.815,-1.422,0.087,0.554,0.561,-0.043,-0.037,0.080
319.569,40.591,19.263,16.316,1.191,-1.213,0.651,1.098,1.102,0.327,0.331,0.250
319.579,47.329,25.721,-50.950,-0.507,-1.090,1.393,1.845,1.847,0.786,0.788,0.482
319.590,49.703,31.282,23.183,-0.661,-1.110,1.915,2.380,2.382,1.271,1.273,0.775
319.600,52.853,36.416,-4.683,-0.396,-1.027,2.562,3.025,3.026,1.797,1.798,1.123
319.610,56.713,41.211,10.462,-0.368,-0.995,3.252,3.714,3.714,2.359,2.359,1.521
319.621,58.409,45.246,0.518,0.097,-0.875,3.862,4.331,4.330,2.943,2.942,1.965
319.631,59.556,48.628,-74.024,-0.716,-0.815,4.455,4.954,4.952,3.547,3.544,2.451
319.641,61.420,51.632,18.928,-0.655,-0.858,5.124,5.639,5.637,4.162,4.161,2.963
319.652,61.070,54.067,23.170,0.404,-0.775,5.711,6.241,6.239,4.783,4.780,3.500
319.662,60.751,55.624,-76.994,0.222,-0.662,6.247,6.814,6.810,5.392,5.387,4.056
319.672,59.940,56.917,-15.515,-1.141,-0.676,6.910,7.479,7.474,6.016,6.012,4.631
319.682,59.084,57.654,48.032,0.027,-0.672,7.460,8.009,8.005,6.615,6.610,5.210
319.693,58.318,57.388,-22.715,-0.424,-0.566,7.978,8.504,8.499,7.188,7.182,5.791
319.705,56.399,57.312,-20.921,-2.332,-0.695,8.640,9.168,9.164,7.876,7.872,6.482
319.715,51.209,56.655,13.786,-2.372,-0.907,9.033,9.557,9.557,8.422,8.422,7.055
319.726,47.552,54.186,19.030,-1.078,-0.948,9.299,9.803,9.803,8.885,8.885,7.608
319.736,43.296,51.881,-56.670,-1.592,-0.971,9.597,10.118,10.118,9.334,9.334,8.136
319.746,38.337,48.847,5.664,-1.642,-1.060,9.797,10.317,10.319,9.727,9.729,8.637
319.757,34.558,45.717,8.237,-0.881,-1.064,10.078,10.596,10.598,10.086,10.088,9.100
319.767,28.617,41.859,-16.990,-1.821,-1.087,10.125,10.658,10.661,10.380,10.383,9.529
319.777,22.055,37.352,9.667,-1.390,-1.175,10.159,10.693,10.697,10.611,10.615,9.910
319.787,13.286,32.351,4.774,-0.962,-1.138,10.027,10.553,10.556,10.772,10.775,10.241
319.797,6.791,26.180,-6.531,-1.385,-1.166,9.856,10.380,10.383,10.836,10.840,10.514
319.808,0.156,20.650,16.836,-0.826,-1.161,9.734,10.252,10.256,10.866,10.870,10.732
319.818,-10.198,13.379,-22.794,-1.632,-1.155,9.199,9.726,9.729,10.765,10.769,10.880
319.828,-17.930,6.392,4.277,-1.495,-1.224,8.842,9.364,9.368,10.604,10.608,10.958
319.839,-26.692,-0.897,12.615,-0.539,-1.173,8.294,8.791,8.795,10.353,10.357,10.959
319.849,-28.561,-7.916,-13.802,-1.315,-1.150,7.959,8.446,8.450,10.042,10.046,10.886
319.859,-32.817,-13.639,44.421,-0.936,-1.174,7.512,7.984,7.988,9.709,9.713,10.750
319.870,-40.680,-19.954,-22.429,-1.573,-1.157,6.798,7.276,7.279,9.295,9.299,10.551
319.880,-46.706,-26.085,1.262,-2.167,-1.266,6.147,6.625,6.630,8.825,8.831,10.290
319.890,-53.549,-32.394,47.040,-0.867,-1.252,5.378,5.817,5.822,8.275,8.280,9.958
319.901,-59.057,-38.564,-28.356,-2.048,-1.274,4.630,5.069,5.074,7.674,7.680,9.567
319.911,-64.441,-44.394,50.040,-1.176,-1.322,3.814,4.233,4.239,7.021,7.028,9.115
319.921,-67.967,-50.385,-17.578,-1.013,-1.243,2.926,3.327,3.332,6.300,6.305,8.600
319.932,-71.519,-55.374,15.689,-0.940,-1.273,2.083,2.483,2.489,5.564,5.569,8.033
319.942,-75.450,-60.139,-31.665,-1.193,-1.226,1.158,1.566,1.570,4.789,4.794,7.419
319.952,-79.547,-64.526,11.278,-0.495,-1.219,0.235,0.636,0.640,3.970,3.974,6.747
319.963,-80.053,-68.463,-9.484,0.404,-1.050,-0.638,-0.244,-0.242,3.136,3.138,6.046
319.975,-78.855,-71.897,-53.143,-2.284,-1.067,-1.574,-1.145,-1.143,2.146,2.148,5.158
319.987,-78.248,-74.162,-46.645,-4.849,-1.384,-2.544,-2.113,-2.106,1.165,1.172,4.248
320.000,-78.848,-75.753,-29.739,-5.678,-1.832,-3.601,-3.173,-3.159,0.174,0.189,3.312
320.012,-76.502,-76.312,-2.846,-4.965,-2.231,-4.531,-4.130,-4.110,-0.811,-0.791,2.350
320.022,-71.503,-76.061,-36.200,-5.086,-2.426,-5.212,-4.810,-4.786,-1.587,-1.563,1.571
320.032,-69.925,-74.195,48.421,-4.312,-2.698,-5.754,-5.382,-5.354,-2.297,-2.269,0.794
320.042,-63.686,-72.595,9.518,-2.106,-2.662,-6.292,-5.951,-5.924,-2.996,-2.968,0.043
320.053,-60.846,-69.671,-14.196,-2.735,-2.675,-6.739,-6.411,-6.383,-3.612,-3.585,-0.679
320.063,-52.512,-66.535,-26.763,-3.085,-2.679,-7.156,-6.821,-6.793,-4.206,-4.179,-1.373
320.073,-46.925,-61.784,29.459,-1.968,-2.726,-7.346,-7.017,-6.989,-4.687,-4.659,-2.022
320.083,-39.027,-57.270,8.622,-1.502,-2.597,-7.646,-7.332,-7.306,-5.146,-5.120,-2.630
320.093,-33.878,-51.477,-2.831,-1.976,-2.573,-7.714,-7.405,-7.379,-5.488,-5.463,-3.178
320.105,-28.147,-44.990,59.375,-1.311,-2.464,-8.002,-7.694,-7.670,-5.878,-5.854,-3.766
320.118,-12.586,-36.407,-4.806,-2.883,-2.462,-7.774,-7.455,-7.431,-6.117,-6.093,-4.265
320.130,0.145,-25.875,-32.845,-5.020,-2.685,-7.353,-7.016,-6.988,-6.166,-6.138,-4.641
320.142,11.284,-15.281,2.623,-4.070,-2.937,-6.856,-6.528,-6.496,-6.085,-6.053,-4.879
320.153,21.246,-4.533,14.091,-2.075,-2.921,-6.311,-5.981,-5.949,-5.875,-5.844,-4.988
320.165,28.665,5.288,22.096,-1.225,-2.788,-5.825,-5.470,-5.440,-5.568,-5.538,-4.976
320.177,33.323,13.795,43.236,-0.383,-2.566,-5.340,-4.999,-4.972,-5.189,-5.163,-4.856
320.190,40.257,21.630,62.336,0.738,-2.282,-4.622,-4.316,-4.294,-4.730,-4.708,-4.638
320.202,50.220,29.775,54.377,1.056,-1.938,-3.601,-3.325,-3.308,-4.157,-4.140,-4.322
320.214,58.693,37.749,-7.955,0.011,-1.655,-2.608,-2.346,-2.334,-3.495,-3.482,-3.910
320.226,61.825,44.790,-5.749,-1.062,-1.566,-1.798,-1.534,-1.523,-2.771,-2.760,-3.405
320.238,58.631,49.397,-21.419,-2.856,-1.612,-1.214,-0.926,-0.914,-2.060,-2.048,-2.837
320.250,58.173,52.126,-61.921,-5.200,-1.917,-0.566,-0.253,-0.237,-1.370,-1.353,-2.226
320.262,57.418,53.564,-73.198,-7.376,-2.439,0.011,0.371,0.396,-0.703,-0.678,-1.595
320.274,52.414,53.825,-54.842,-6.229,-2.877,0.478,0.860,0.892,-0.063,-0.031,-0.958
320.286,48.052,52.364,31.425,-2.418,-3.005,0.887,1.258,1.292,0.513,0.547,-0.332
320.298,44.005,50.183,22.478,-0.390,-2.769,1.329,1.692,1.722,1.058,1.088,0.272
320.310,41.613,47.883,6.725,0.316,-2.412,1.783,2.151,2.176,1.575,1.600,0.855
320.322,36.647,44.856,12.735,1.336,-1.975,2.038,2.403,2.422,2.026,2.045,1.394
320.334,27.227,40.398,19.015,1.805,-1.528,2.089,2.454,2.467,2.396,2.409,1.893
320.346,20.762,34.992,-18.419,1.261,-1.161,2.119,2.496,2.503,2.673,2.680,2.330
320.358,17.145,30.027,-6.006,1.064,-0.916,2.226,2.614,2.617,2.899,2.902,2.705
320.370,13.086,25.479,36.201,2.351,-0.630,2.304,2.677,2.675,3.086,3.084,3.028
320.380,12.548,22.103,-12.507,1.949,-0.349,2.414,2.789,2.782,3.207,3.201,3.261
320.390,7.820,19.419,22.118,1.878,-0.208,2.430,2.798,2.789,3.322,3.313,3.462
320.400,6.902,15.830,-7.369,2.099,0.039,2.313,2.679,2.666,3.361,3.348,3.627
320.411,4.435,13.316,-9.479,1.305,0.141,2.361,2.729,2.714,3.423,3.408,3.768
320.423,-3.578,8.971,3.500,1.839,0.325,2.087,2.445,2.427,3.417,3.399,3.893
320.433,-8.609,4.922,8.048,2.036,0.466,1.816,2.171,2.151,3.340,3.320,3.952
320.443,-10.452,1.138,-6.052,1.858,0.609,1.642,2.001,1.979,3.234,3.212,3.971
320.454,-13.549,-2.140,-6.723,1.215,0.669,1.436,1.803,1.780,3.108,3.085,3.955
320.466,-20.173,-6.988,-7.519,0.907,0.745,0.992,1.355,1.331,2.887,2.863,3.884
320.477,-23.677,-10.955,9.211,1.238,0.803,0.606,0.959,0.933,2.647,2.622,3.780
320.487,-22.678,-14.061,-14.897,0.476,0.808,0.432,0.781,0.755,2.404,2.378,3.641
320.497,-26.502,-16.489,44.411,1.440,0.823,0.085,0.422,0.396,2.156,2.131,3.476
320.507,-25.428,-19.255,-25.412,0.707,0.861,-0.241,0.107,0.081,1.867,1.841,3.283
320.518,-29.678,-21.397,25.444,1.161,0.813,-0.652,-0.301,-0.326,1.576,1.551,3.062
320.528,-31.444,-23.973,-53.252,0.490,0.903,-1.078,-0.720,-0.747,1.246,1.219,2.819
320.538,-31.072,-25.416,10.387,0.166,0.749,-1.243,-0.883,-0.908,0.948,0.924,2.564
320.551,-32.708,-27.673,35.697,3.166,0.904,-1.734,-1.391,-1.418,0.536,0.509,2.221
320.561,-32.962,-29.368,-18.831,2.602,1.149,-2.196,-1.850,-1.880,0.176,0.145,1.919
320.571,-30.527,-29.523,-0.486,0.801,1.106,-2.342,-1.982,-2.012,-0.131,-0.161,1.612
320.582,-31.464,-29.907,-7.947,1.194,1.177,-2.732,-2.378,-2.409,-0.455,-0.485,1.302
320.592,-25.233,-29.077,-0.930,0.729,1.118,-2.738,-2.384,-2.413,-0.736,-0.766,0.991
320.602,-19.201,-27.016,5.647,0.813,1.110,-2.762,-2.405,-2.435,-0.958,-0.987,0.701
320.613,-10.745,-23.670,-43.404,-0.971,0.979,-2.622,-2.226,-2.254,-1.104,-1.132,0.441
320.623,-6.204,-19.478,70.785,0.821,0.871,-2.533,-2.162,-2.188,-1.185,-1.210,0.219
320.633,2.280,-15.046,-29.072,0.260,0.927,-2.238,-1.894,-1.920,-1.207,-1.233,0.043
320.644,7.673,-9.518,-10.395,-0.674,0.753,-1.975,-1.631,-1.655,-1.143,-1.167,-0.080
320.654,11.212,-4.941,24.187,-0.477,0.632,-1.809,-1.477,-1.499,-1.060,-1.082,-0.154
320.664,19.413,0.591,7.242,-0.013,0.549,-1.286,-0.953,-0.974,-0.887,-0.907,-0.173
320.675,22.837,5.761,-13.650,0.387,0.544,-0.997,-0.668,-0.688,-0.677,-0.698,-0.139
320.685,32.332,11.518,-11.573,-0.568,0.449,-0.374,-0.033,-0.052,-0.389,-0.408,-0.048
320.695,39.610,18.326,46.814,-0.263,0.340,0.327,0.651,0.634,-0.001,-0.018,0.108
320.705,46.964,24.456,10.860,0.317,0.326,0.919,1.233,1.216,0.423,0.405,0.328
320.716,55.435,31.473,-2.225,0.007,0.310,1.785,2.102,2.085,0.962,0.945,0.622
320.726,61.460,38.654,-33.016,-0.601,0.250,2.588,2.920,2.904,1.566,1.550,0.984
320.736,69.203,45.433,-1.656,-0.977,0.127,3.457,3.803,3.789,2.226,2.212,1.416
320.747,74.600,52.185,13.665,-0.350,0.052,4.352,4.715,4.702,2.959,2.946,1.919
320.757,77.171,58.143,44.481,0.564,0.080,5.177,5.508,5.494,3.722,3.709,2.482
320.767,82.258,63.575,-24.593,-0.709,0.062,6.152,6.502,6.489,4.536,4.523,3.109
320.778,83.439,68.601,18.805,-0.855,-0.077,7.080,7.424,7.413,5.396,5.386,3.795
320.788,79.460,71.643,60.199,0.365,-0.072,7.735,8.045,8.034,6.214,6.203,4.511
320.798,79.703,73.689,-23.508,-0.141,0.010,8.596,8.906,8.894,7.029,7.017,5.252
320.808,78.574,75.080,-26.677,-0.953,-0.074,9.342,9.680,9.669,7.830,7.819,6.007
320.819,73.075,75.167,18.841,0.254,-0.084,9.939,10.284,10.273,8.603,8.592,6.774
320.829,69.433,74.163,-20.706,0.117,-0.043,10.534,10.884,10.873,9.321,9.310,7.527
320.839,65.114,72.015,38.998,0.203,-0.043,10.995,11.330,11.318,9.977,9.966,8.262
320.850,59.991,69.342,-8.516,-0.107,-0.006,11.453,11.787,11.775,10.608,10.596,8.984
320.860,55.444,66.561,-39.092,-0.858,-0.072,11.925,12.275,12.264,11.196,11.185,9.668
320.871,51.484,63.018,14.927,0.154,-0.093,12.312,12.651,12.641,11.721,11.711,10.318
320.881,45.102,59.126,33.535,1.149,-0.009,12.525,12.874,12.862,12.194,12.182,10.927
320.891,40.650,54.463,-56.459,-1.045,-0.009,12.659,13.053,13.042,12.594,12.582,11.492
320.902,33.551,49.854,-0.170,-2.192,-0.211,12.789,13.194,13.185,12.950,12.942,12.008
320.912,26.143,44.618,13.092,-1.126,-0.299,12.793,13.185,13.178,13.230,13.223,12.476
320.922,19.937,39.048,3.388,-0.837,-0.372,12.829,13.219,13.213,13.445,13.439,12.881
320.933,13.174,33.298,-2.732,-0.776,-0.381,12.740,13.127,13.122,13.589,13.584,13.226
320.943,8.741,27.439,-16.785,-1.540,-0.458,12.685,13.074,13.069,13.672,13.668,13.512
320.953,6.647,22.511,19.139,-1.226,-0.566,12.673,13.057,13.054,13.726,13.723,13.740
320.964,0.610,17.391,28.659,-0.858,-0.597,12.415,12.776,12.774,13.721,13.718,13.915
320.974,-2.470,12.583,4.438,-0.858,-0.625,12.271,12.648,12.646,13.681,13.680,14.043
320.984,-7.297,8.059,-43.783,-2.076,-0.705,12.080,12.469,12.468,13.608,13.608,14.121
320.995,-12.539,3.187,55.485,-1.529,-0.868,11.722,12.113,12.115,13.465,13.467,14.149
321.005,-15.810,-1.483,10.682,-0.420,-0.813,11.370,11.764,11.765,13.280,13.281,14.127
321.015,-18.784,-5.545,-53.843,-1.836,-0.807,11.100,11.493,11.494,13.078,13.079,14.062
321.026,-21.012,-9.224,9.449,-2.639,-1.027,10.783,11.186,11.191,12.843,12.848,13.956
321.036,-26.239,-13.071,51.956,-0.808,-1.093,10.284,10.660,10.665,12.557,12.563,13.809
321.047,-27.514,-16.659,-11.894,-1.666,-1.089,9.911,10.293,10.299,12.250,12.255,13.626
321.057,-28.887,-19.565,-18.562,-2.710,-1.227,9.586,9.976,9.984,11.936,11.944,13.410
321.067,-30.596,-22.336,-1.792,-2.674,-1.355,9.183,9.572,9.581,11.597,11.606,13.167
321.077,-33.044,-24.809,-16.497,-3.001,-1.507,8.703,9.122,9.134,11.245,11.256,12.900
321.088,-37.091,-27.566,33.146,-0.931,-1.537,8.187,8.586,8.599,10.861,10.873,12.607
321.098,-38.784,-30.256,-17.408,-0.693,-1.410,7.724,8.117,8.128,10.448,10.458,12.283
321.108,-40.716,-32.785,14.864,-0.514,-1.380,7.225,7.616,7.626,10.019,10.029,11.937
321.118,-42.638,-35.020,21.303,0.905,-1.197,6.727,7.110,7.117,9.577,9.584,11.567
321.129,-43.968,-37.229,-34.588,-0.073,-1.056,6.200,6.603,6.608,9.109,9.114,11.170
321.139,-45.520,-39.038,1.582,-0.393,-0.984,5.705,6.112,6.117,8.637,8.641,10.754
321.149,-43.384,-40.467,-62.844,-3.275,-1.085,5.253,5.698,5.704,8.154,8.160,10.321
321.160,-41.840,-40.978,-15.256,-4.513,-1.409,4.892,5.335,5.345,7.689,7.700,9.873
321.170,-40.580,-41.015,-40.930,-6.112,-1.757,4.520,4.971,4.987,7.245,7.261,9.430
321.180,-37.872,-40.503,-48.055,-8.584,-2.342,4.238,4.708,4.732,6.822,6.846,8.991
321.191,-34.885,-39.253,-16.630,-9.064,-2.960,4.015,4.480,4.514,6.432,6.466,8.561
321.201,-34.384,-38.277,-43.672,-9.862,-3.586,3.657,4.125,4.168,6.044,6.086,8.142
321.211,-34.014,-37.127,9.901,-9.167,-4.182,3.335,3.795,3.846,5.671,5.722,7.733
321.222,-32.556,-36.005,-15.919,-9.396,-4.660,3.104,3.550,3.608,5.309,5.367,7.332
321.232,-33.874,-35.368,51.661,-7.890,-5.065,2.689,3.106,3.170,4.938,5.002,6.943
321.242,-32.793,-35.053,32.563,-5.246,-5.144,2.301,2.699,2.764,4.560,4.625,6.558
321.253,-34.592,-34.572,43.827,-3.371,-5.070,1.873,2.246,2.311,4.197,4.262,6.178
321.263,-34.992,-34.978,48.515,-1.156,-4.763,1.392,1.717,1.776,3.802,3.861,5.797
321.273,-33.331,-34.501,10.162,-0.216,-4.370,1.109,1.425,1.478,3.447,3.500,5.419
321.284,-30.750,-33.852,9.631,0.163,-3.955,0.833,1.124,1.170,3.103,3.150,5.049
321.294,-23.131,-31.750,-30.996,-1.313,-3.646,0.908,1.186,1.228,2.828,2.870,4.692
321.304,-16.129,-28.247,-33.871,-2.934,-3.543,0.965,1.264,1.304,2.629,2.669,4.370
321.314,-4.042,-23.377,-26.268,-4.239,-3.532,1.349,1.642,1.682,2.526,2.566,4.099
321.327,3.382,-15.329,-0.705,-4.692,-3.699,1.644,1.940,1.982,2.526,2.568,3.848
321.337,4.211,-10.471,25.404,-4.238,-3.772,1.656,1.930,1.973,2.546,2.589,3.707
321.347,10.754,-5.748,-28.610,-5.135,-3.842,2.027,2.298,2.342,2.620,2.664,3.613
321.358,15.207,-0.679,-39.469,-6.288,-4.059,2.328,2.608,2.656,2.750,2.798,3.568
321.368,22.058,4.116,-18.432,-6.440,-4.248,2.741,3.018,3.069,2.921,2.972,3.574
321.378,26.250,9.553,-15.437,-6.956,-4.511,3.220,3.484,3.539,3.171,3.225,3.635
321.388,28.600,14.050,-7.996,-6.942,-4.730,3.581,3.842,3.900,3.435,3.493,3.744
321.399,29.925,17.908,-33.000,-7.426,-4.921,3.979,4.229,4.290,3.724,3.785,3.897
321.409,30.240,21.042,-4.837,-7.458,-5.174,4.342,4.586,4.651,4.022,4.087,4.085
321.419,35.723,24.180,-24.849,-8.419,-5.429,4.928,5.146,5.214,4.346,4.414,4.302
321.430,37.720,27.424,12.387,-8.036,-5.729,5.388,5.598,5.671,4.711,4.784,4.557
321.440,39.235,30.361,-1.372,-6.585,-5.829,5.851,6.038,6.112,5.090,5.165,4.836
321.450,42.666,32.830,-32.605,-7.904,-5.982,6.371,6.568,6.645,5.482,5.559,5.143
321.461,41.690,35.342,28.041,-7.757,-6.175,6.814,6.996,7.076,5.904,5.984,5.477
321.471,43.491,36.949,-55.832,-8.411,-6.309,7.229,7.427,7.509,6.307,6.389,5.828
321.481,45.223,39.026,-14.258,-8.326,-6.500,7.807,7.983,8.068,6.750,6.835,6.200
321.492,46.000,40.532,4.541,-7.580,-6.625,8.246,8.407,8.494,7.190,7.277,6.592
321.502,45.767,41.944,5.814,-6.718,-6.645,8.705,8.852,8.940,7.639,7.727,6.993
321.512,49.868,43.482,26.373,-5.340,-6.577,9.291,9.395,9.481,8.099,8.185,7.407
321.523,54.216,45.837,-26.684,-5.395,-6.440,9.982,10.084,10.168,8.618,8.702,7.844
321.533,56.725,48.406,-0.216,-5.262,-6.359,10.632,10.728,10.811,9.169,9.251,8.306
321.543,58.527,50.684,-54.622,-5.992,-6.304,11.202,11.339,11.420,9.732,9.813,8.791
321.554,59.094,52.995,19.394,-4.333,-6.213,11.892,12.022,12.101,10.336,10.416,9.310
321.564,57.813,54.020,-42.350,-4.618,-5.986,12.362,12.484,12.559,10.897,10.973,9.834
321.575,58.707,55.308,3.042,-5.033,-5.970,13.083,13.182,13.257,11.488,11.563,10.376
321.585,54.891,55.514,51.370,-3.692,-5.810,13.498,13.562,13.634,12.040,12.112,10.920
321.595,55.559,55.649,-39.819,-4.257,-5.607,14.162,14.208,14.277,12.596,12.665,11.466
321.606,50.399,54.883,34.715,-4.033,-5.569,14.491,14.542,14.610,13.113,13.181,12.008
321.616,45.839,52.904,0.447,-3.197,-5.346,14.775,14.806,14.871,13.579,13.644,12.543
321.626,44.315,51.025,-15.833,-3.831,-5.228,15.257,15.288,15.350,14.028,14.090,13.050
321.637,37.547,48.347,32.264,-2.056,-5.017,15.390,15.385,15.444,14.414,14.472,13.528
321.647,31.247,44.519,-13.153,-3.044,-4.827,15.527,15.518,15.572,14.736,14.790,13.975
321.658,23.177,40.077,2.457,-3.587,-4.740,15.516,15.512,15.565,14.987,15.040,14.377
321.668,14.382,34.143,23.698,-1.534,-4.513,15.315,15.293,15.342,15.130,15.179,14.722
321.678,7.587,28.079,-38.973,-3.372,-4.365,15.195,15.182,15.229,15.214,15.260,15.013
321.689,-2.856,21.337,49.248,-1.869,-4.240,14.811,14.778,14.823,15.199,15.243,15.230
321.699,-12.120,13.198,-33.083,-1.885,-3.993,14.298,14.253,14.293,15.059,15.099,15.368
321.710,-24.480,5.190,42.609,-1.587,-3.886,13.732,13.678,13.716,14.847,14.885,15.424
321.720,-33.845,-4.284,-0.821,-0.744,-3.607,12.960,12.891,12.924,14.483,14.516,15.386
321.730,-43.471,-13.236,-80.228,-1.763,-3.420,12.232,12.182,12.212,14.054,14.084,15.256
321.741,-53.035,-22.501,43.338,-0.574,-3.284,11.294,11.233,11.261,13.500,13.527,15.026
321.751,-61.314,-31.729,-77.346,-1.298,-2.995,10.350,10.310,10.333,12.867,12.889,14.705
321.762,-69.142,-40.104,31.885,-1.021,-2.953,9.438,9.393,9.414,12.170,12.191,14.294
321.772,-76.682,-48.814,-16.357,-0.532,-2.664,8.357,8.307,8.324,11.375,11.392,13.794
321.782,-81.548,-56.451,-0.872,-0.877,-2.555,7.404,7.355,7.370,10.541,10.556,13.216
321.793,-86.073,-63.506,3.526,-0.115,-2.355,6.325,6.263,6.274,9.643,9.654,12.559
321.803,-88.940,-69.573,10.361,0.795,-2.132,5.322,5.256,5.263,8.713,8.720,11.833
321.813,-91.021,-74.811,-28.703,0.184,-1.924,4.274,4.231,4.235,7.763,7.768,11.059
321.824,-93.222,-79.172,34.718,1.486,-1.714,3.244,3.176,3.176,6.795,6.796,10.236
321.834,-94.086,-82.813,-55.674,0.733,-1.396,2.258,2.199,2.195,5.817,5.812,9.372
321.844,-91.930,-85.310,24.612,1.651,-1.209,1.348,1.281,1.274,4.843,4.835,8.481
321.855,-88.424,-86.431,0.270,1.816,-0.941,0.530,0.462,0.450,3.903,3.890,7.573
321.865,-84.036,-86.276,19.997,1.954,-0.698,-0.250,-0.325,-0.341,3.007,2.991,6.670
321.875,-76.039,-84.350,-15.442,1.360,-0.482,-0.764,-0.841,-0.861,2.178,2.158,5.767
321.886,-69.824,-81.143,-16.199,0.741,-0.381,-1.325,-1.373,-1.395,1.429,1.407,4.904
321.896,-64.400,-77.216,29.212,2.193,-0.245,-1.805,-1.852,-1.876,0.745,0.721,4.080
321.906,-56.077,-72.630,-39.122,0.017,-0.103,-2.158,-2.184,-2.210,0.129,0.103,3.303
321.917,-47.610,-67.050,1.443,-1.309,-0.224,-2.400,-2.418,-2.442,-0.404,-0.429,2.576
321.927,-39.446,-60.698,-12.410,-0.991,-0.273,-2.540,-2.561,-2.584,-0.842,-0.865,1.920
321.937,-32.657,-54.411,46.504,-0.159,-0.325,-2.699,-2.750,-2.773,-1.226,-1.249,1.317
321.948,-25.078,-47.778,6.424,0.715,-0.234,-2.744,-2.791,-2.815,-1.523,-1.547,0.788
321.958,-16.856,-40.752,-55.261,-0.097,-0.168,-2.723,-2.739,-2.763,-1.735,-1.760,0.334
321.968,-5.991,-32.804,3.152,-0.823,-0.302,-2.369,-2.377,-2.399,-1.834,-1.857,-0.042
321.978,-0.965,-24.877,26.217,0.349,-0.252,-2.224,-2.241,-2.264,-1.857,-1.880,-0.337
321.989,8.463,-17.615,-7.789,0.314,-0.209,-1.896,-1.911,-1.935,-1.824,-1.848,-0.555
321.999,16.705,-9.582,32.721,1.709,-0.111,-1.472,-1.484,-1.509,-1.684,-1.709,-0.694
322.009,24.260,-1.987,-49.517,-1.078,-0.062,-1.078,-1.057,-1.083,-1.479,-1.505,-0.751
322.020,31.599,6.131,-11.069,-3.350,-0.355,-0.422,-0.393,-0.415,-1.170,-1.192,-0.725
322.030,32.860,13.081,28.907,-2.429,-0.558,-0.002,0.008,-0.010,-0.832,-0.851,-0.624
322.042,37.439,20.337,-15.509,-2.509,-0.749,0.524,0.535,0.520,-0.409,-0.424,-0.421
322.054,40.993,26.656,-64.452,-3.982,-1.044,1.085,1.150,1.140,0.065,0.055,-0.137
322.065,46.927,30.982,-24.529,-5.246,-1.375,1.731,1.811,1.807,0.510,0.505,0.160
322.075,49.242,35.596,12.656,-4.941,-1.740,2.362,2.416,2.418,1.004,1.005,0.499
322.085,46.011,38.201,43.547,-3.183,-1.908,2.668,2.687,2.691,1.461,1.465,0.871
322.096,47.908,40.629,27.409,-0.309,-1.863,3.243,3.256,3.259,1.946,1.949,1.272
322.106,48.787,42.570,-56.425,-1.409,-1.698,3.751,3.777,3.778,2.434,2.434,1.690
322.116,51.775,44.576,-28.625,-3.111,-1.826,4.386,4.433,4.436,2.944,2.947,2.132
322.127,48.901,46.225,52.606,-1.867,-1.933,4.870,4.906,4.910,3.472,3.476,2.600
322.137,44.981,46.219,46.707,-0.314,-1.808,5.163,5.145,5.148,3.930,3.933,3.062
322.147,45.362,45.762,13.152,0.695,-1.619,5.597,5.575,5.574,4.375,4.375,3.522
322.158,43.795,45.335,-51.981,-0.475,-1.427,5.977,5.964,5.961,4.818,4.814,3.976
322.168,40.103,44.565,-4.245,-1.260,-1.455,6.304,6.306,6.303,5.243,5.240,4.426
322.178,33.324,42.235,48.042,0.325,-1.385,6.398,6.380,6.376,5.594,5.590,4.856
322.189,30.325,39.557,-1.350,0.237,-1.205,6.630,6.616,6.609,5.911,5.904,5.261
322.199,25.442,36.420,-30.871,-0.152,-1.107,6.684,6.688,6.680,6.178,6.170,5.638
322.209,19.094,32.463,-5.661,-0.380,-1.029,6.612,6.619,6.610,6.378,6.368,5.974
322.220,16.216,28.679,-4.473,-0.630,-0.992,6.736,6.736,6.726,6.546,6.536,6.268
322.230,8.463,24.477,-0.311,-0.238,-0.931,6.599,6.594,6.583,6.658,6.647,6.521
322.240,-0.134,19.080,36.398,0.526,-0.835,6.342,6.307,6.294,6.678,6.666,6.724
322.250,-7.632,12.952,7.072,1.164,-0.641,6.015,5.984,5.969,6.616,6.601,6.867
322.261,-13.455,6.641,-42.017,0.160,-0.500,5.676,5.657,5.639,6.482,6.464,6.948
322.271,-22.086,0.057,0.313,-0.352,-0.520,5.164,5.151,5.134,6.272,6.255,6.960
322.281,-31.147,-7.074,13.952,0.502,-0.434,4.530,4.505,4.487,5.971,5.952,6.902
322.292,-41.364,-14.816,1.725,0.643,-0.350,3.802,3.778,3.758,5.577,5.557,6.767
322.302,-50.358,-22.960,30.566,1.601,-0.203,2.975,2.943,2.921,5.083,5.061,6.550
322.312,-58.508,-31.257,-25.299,1.131,-0.008,2.091,2.065,2.040,4.500,4.475,6.248
322.323,-63.541,-38.892,-16.811,0.076,-0.002,1.326,1.295,1.270,3.858,3.833,5.864
322.333,-72.646,-46.593,29.618,1.969,0.115,0.297,0.248,0.221,3.129,3.102,5.397
322.343,-77.502,-54.045,12.740,2.480,0.330,-0.661,-0.715,-0.746,2.339,2.309,4.859
322.354,-84.021,-60.871,-6.944,2.190,0.516,-1.706,-1.757,-1.791,1.506,1.472,4.252
322.364,-86.341,-67.132,-16.419,1.664,0.638,-2.693,-2.735,-2.770,0.622,0.587,3.580
322.374,-88.216,-72.235,3.393,1.572,0.707,-3.631,-3.671,-3.707,-0.276,-0.312,2.851
322.384,-88.892,-76.364,12.819,2.110,0.821,-4.547,-4.589,-4.627,-1.183,-1.221,2.079
322.395,-89.335,-79.545,20.664,3.077,1.002,-5.513,-5.566,-5.606,-2.114,-2.154,1.257
322.405,-85.923,-81.447,-39.325,2.189,1.167,-6.312,-6.339,-6.382,-3.008,-3.051,0.424
322.415,-82.071,-81.800,-0.862,1.635,1.187,-6.955,-6.986,-7.029,-3.855,-3.898,-0.417
322.426,-77.269,-81.038,11.666,2.385,1.283,-7.590,-7.627,-7.671,-4.665,-4.710,-1.256
322.436,-72.112,-79.117,8.550,2.862,1.410,-8.130,-8.169,-8.216,-5.416,-5.462,-2.079
322.446,-66.979,-76.537,-21.283,2.973,1.590,-8.720,-8.749,-8.799,-6.125,-6.174,-2.878
322.457,-57.851,-72.746,-28.782,1.764,1.649,-9.061,-9.059,-9.109,-6.762,-6.812,-3.650
322.467,-48.196,-67.073,29.703,2.154,1.622,-9.200,-9.202,-9.252,-7.269,-7.319,-4.350
322.477,-38.944,-60.854,-5.933,2.386,1.711,-9.314,-9.326,-9.377,-7.698,-7.749,-4.992
322.487,-32.602,-54.261,15.991,2.343,1.762,-9.457,-9.468,-9.519,-8.049,-8.101,-5.572
322.497,-22.709,-47.548,-17.633,1.683,1.776,-9.467,-9.451,-9.503,-8.331,-8.383,-6.085
322.508,-14.364,-39.993,22.589,2.120,1.785,-9.377,-9.355,-9.407,-8.507,-8.559,-6.523
322.518,-8.025,-32.556,10.129,2.441,1.845,-9.296,-9.276,-9.329,-8.610,-8.663,-6.882
322.530,-1.431,-23.419,-16.427,1.280,1.828,-9.186,-9.126,-9.178,-8.651,-8.704,-7.206
322.543,6.928,-14.499,-44.257,-0.788,1.639,-8.886,-8.780,-8.829,-8.591,-8.640,-7.420
322.555,14.214,-6.184,-55.006,-2.525,1.276,-8.521,-8.395,-8.438,-8.448,-8.490,-7.529
322.567,18.511,1.211,-60.522,-3.338,0.862,-8.196,-8.046,-8.081,-8.235,-8.270,-7.543
322.577,19.836,5.631,32.389,-2.398,0.510,-7.988,-7.829,-7.857,-8.044,-8.072,-7.497
322.588,20.916,9.262,-27.050,-1.735,0.372,-7.728,-7.587,-7.612,-7.832,-7.858,-7.410
322.598,22.094,12.344,63.638,-1.183,0.162,-7.498,-7.372,-7.394,-7.616,-7.638,-7.292
322.608,25.185,15.274,-25.113,-0.883,0.122,-7.128,-7.005,-7.026,-7.368,-7.389,-7.144
322.620,26.578,18.768,-5.854,-1.315,-0.038,-6.803,-6.680,-6.698,-7.048,-7.066,-6.926
322.632,26.607,21.276,25.654,-0.542,-0.113,-6.434,-6.332,-6.348,-6.716,-6.732,-6.672
322.644,26.328,22.797,4.033,-0.054,-0.123,-6.158,-6.061,-6.077,-6.411,-6.427,-6.411
322.655,28.943,24.411,-10.021,-0.209,-0.111,-5.753,-5.656,-5.672,-6.083,-6.100,-6.130
322.667,30.337,26.151,14.645,0.427,-0.103,-5.368,-5.283,-5.299,-5.738,-5.755,-5.834
322.678,34.116,28.248,-11.569,0.078,-0.063,-4.856,-4.772,-4.789,-5.359,-5.376,-5.516
322.690,35.233,30.446,41.797,0.645,-0.037,-4.400,-4.345,-4.363,-4.953,-4.971,-5.173
322.701,40.508,33.012,-4.366,0.756,0.046,-3.786,-3.733,-3.752,-4.510,-4.529,-4.804
322.712,43.890,36.354,29.600,0.814,0.114,-3.179,-3.134,-3.155,-4.015,-4.035,-4.403
322.724,48.674,39.520,16.706,1.305,0.190,-2.528,-2.483,-2.505,-3.481,-3.503,-3.960
322.735,52.471,43.249,-33.824,1.013,0.318,-1.854,-1.808,-1.832,-2.919,-2.943,-3.502
322.746,56.808,47.130,12.547,1.647,0.428,-1.099,-1.067,-1.093,-2.288,-2.314,-2.981
322.758,65.049,51.766,-16.857,0.745,0.514,-0.159,-0.121,-0.148,-1.590,-1.618,-2.415
322.769,68.017,56.779,29.785,1.370,0.542,0.661,0.688,0.660,-0.842,-0.870,-1.804
322.780,73.631,61.456,-9.312,0.846,0.593,1.656,1.689,1.660,-0.029,-0.058,-1.126
322.792,72.099,65.206,15.640,0.947,0.632,2.456,2.488,2.458,0.802,0.772,-0.405
322.803,73.765,67.618,-49.120,-0.293,0.611,3.301,3.364,3.335,1.636,1.607,0.361
322.815,71.249,69.484,24.145,0.593,0.502,4.064,4.137,4.110,2.469,2.442,1.143
322.826,70.468,69.528,10.864,1.781,0.666,4.812,4.894,4.864,3.267,3.237,1.937
322.838,67.739,69.368,-69.909,-1.488,0.591,5.491,5.624,5.596,4.050,4.021,2.724
322.849,62.456,67.645,-15.345,-1.604,0.307,6.017,6.172,6.148,4.769,4.745,3.497
322.861,55.920,64.860,13.282,-0.180,0.184,6.503,6.648,6.626,5.431,5.408,4.240
322.872,47.980,60.252,32.391,2.242,0.361,6.827,6.945,6.920,6.006,5.981,4.948
322.884,42.607,55.317,22.020,2.086,0.606,7.161,7.292,7.264,6.511,6.483,5.594
322.895,39.165,50.358,-26.262,0.612,0.671,7.455,7.620,7.591,6.954,6.925,6.182
322.907,37.538,46.288,-22.595,-2.186,0.376,7.916,8.079,8.054,7.376,7.351,6.719
322.918,30.238,42.220,-46.514,-4.850,-0.229,8.095,8.263,8.246,7.740,7.723,7.204
322.930,-3.744,32.993,22.275,1.936,-0.493,7.431,7.568,7.554,7.903,7.889,7.610
322.941,-102.899,0.168,37.157,11.653,1.178,3.955,4.038,4.007,7.232,7.201,7.782
322.952,-143.887,-47.147,12.130,13.293,4.205,0.570,0.650,0.595,5.585,5.530,7.469
322.963,-99.543,-68.539,-62.579,8.739,5.756,0.424,0.571,0.506,4.280,4.215,6.797
322.974,-58.261,-70.089,20.022,7.552,6.162,0.672,0.836,0.768,3.402,3.334,5.994
322.986,-25.328,-59.049,17.143,6.263,6.181,1.193,1.404,1.336,2.969,2.901,5.262
322.997,-2.880,-43.514,64.626,5.579,5.992,1.646,1.860,1.794,2.821,2.755,4.686
323.008,14.761,-26.905,25.259,5.678,5.844,2.200,2.428,2.364,2.894,2.831,4.303
323.019,24.607,-11.585,16.103,6.151,5.874,2.688,2.918,2.854,3.119,3.054,4.096
323.030,27.306,0.669,-43.471,5.381,5.860,3.068,3.322,3.259,3.413,3.349,4.043
323.041,22.993,8.106,-4.780,5.113,5.781,3.155,3.438,3.375,3.676,3.613,4.095
323.052,12.366,10.638,-9.776,4.971,5.728,3.074,3.364,3.302,3.864,3.803,4.201
323.062,-1.673,8.161,-22.066,4.682,5.657,2.721,3.015,2.955,3.908,3.849,4.302
323.073,-16.955,1.884,23.038,4.538,5.553,2.202,2.502,2.444,3.798,3.741,4.354
323.084,-33.577,-7.568,-30.534,4.547,5.474,1.449,1.752,1.697,3.505,3.449,4.318
323.096,-46.889,-18.625,-27.906,4.645,5.420,0.611,0.912,0.858,3.037,2.983,4.162
323.107,-58.220,-32.051,73.734,4.606,5.332,-0.277,0.064,0.013,2.448,2.396,3.876
323.118,-65.467,-43.688,47.605,4.696,5.248,-1.138,-0.741,-0.791,1.791,1.742,3.470
323.128,-69.137,-52.799,55.305,4.954,5.186,-1.911,-1.528,-1.575,1.079,1.031,2.954
323.139,-71.701,-59.753,-22.425,5.442,5.181,-2.693,-2.344,-2.391,0.328,0.281,2.352
323.150,-73.800,-64.720,-28.326,6.065,5.224,-3.462,-3.140,-3.189,-0.435,-0.484,1.690
323.160,-76.063,-68.767,-45.982,6.709,5.318,-4.301,-3.992,-4.044,-1.236,-1.288,0.970
323.171,63.903,-44.803,-41.807,-17.775,2.023,-2.236,-1.886,-1.897,-1.549,-1.560,0.308
323.182,201.875,31.327,35.146,-20.443,-3.050,2.173,2.499,2.536,-0.146,-0.109,0.206
323.192,73.728,64.776,11.756,-7.413,-4.595,0.863,1.153,1.202,1.271,1.320,0.765
323.203,-37.472,39.176,-67.671,-9.517,-4.995,-1.596,-1.265,-1.212,1.369,1.422,1.329
323.214,-107.045,-8.296,-36.426,-10.570,-5.682,-4.000,-3.665,-3.603,0.525,0.586,1.476
323.224,-117.432,-52.132,21.630,-7.253,-6.273,-5.710,-5.429,-5.359,-0.816,-0.746,1.112
323.235,-39.812,-57.307,27.995,-9.565,-6.632,-4.820,-4.522,-4.447,-1.644,-1.570,0.474
323.246,7.446,-38.781,11.951,-10.309,-7.124,-4.001,-3.703,-3.620,-1.831,-1.748,-0.067
323.256,35.654,-13.749,50.469,-10.318,-7.544,-3.090,-2.815,-2.725,-1.606,-1.516,-0.368
323.267,58.575,10.086,-30.331,-13.951,-8.008,-2.172,-1.877,-1.777,-1.148,-1.048,-0.410
323.277,64.216,32.854,-22.379,-14.245,-8.623,-1.010,-0.739,-0.628,-0.433,-0.322,-0.194
323.288,40.212,38.223,18.096,-8.818,-8.585,-1.083,-0.819,-0.710,0.079,0.188,0.172
323.299,32.899,36.552,-1.513,-9.573,-8.655,-0.961,-0.665,-0.554,0.419,0.529,0.542
323.309,41.869,38.011,7.981,-10.460,-8.917,-0.380,-0.047,0.067,0.804,0.918,0.908
323.320,18.631,33.650,32.850,-6.726,-8.818,-0.536,-0.260,-0.147,1.088,1.200,1.263
323.331,11.069,25.670,4.634,-3.578,-8.359,-0.593,-0.349,-0.245,1.208,1.312,1.545
323.341,-3.701,16.370,10.358,-0.696,-7.545,-0.837,-0.645,-0.556,1.227,1.316,1.739
323.352,-9.598,7.078,-17.600,-2.941,-6.829,-1.111,-0.885,-0.809,1.134,1.211,1.834
323.362,-11.170,0.514,8.125,-1.675,-6.237,-1.230,-1.023,-0.957,1.015,1.081,1.846
323.373,-15.654,-4.907,-2.879,-1.438,-5.600,-1.459,-1.256,-1.201,0.866,0.921,1.798
323.383,-15.591,-8.880,-5.787,-1.961,-5.093,-1.631,-1.419,-1.372,0.692,0.739,1.702
323.394,-13.629,-10.998,-2.909,-1.770,-4.642,-1.748,-1.540,-1.501,0.527,0.566,1.574
323.404,-6.232,-10.248,-6.982,-2.628,-4.326,-1.731,-1.507,-1.474,0.409,0.442,1.440
323.415,-0.558,-7.138,2.812,-2.473,-4.109,-1.620,-1.400,-1.370,0.367,0.396,1.327
323.425,3.431,-3.553,-2.217,-1.972,-3.827,-1.499,-1.287,-1.262,0.375,0.400,1.254
323.436,8.285,0.355,-1.491,-2.147,-3.594,-1.342,-1.127,-1.106,0.427,0.448,1.219
323.446,10.730,3.905,1.656,-1.598,-3.347,-1.197,-0.991,-0.974,0.513,0.530,1.225
323.457,12.309,6.764,-1.457,-1.484,-3.093,-1.048,-0.844,-0.831,0.620,0.633,1.265
323.467,14.914,9.400,1.245,-1.188,-2.847,-0.851,-0.652,-0.643,0.750,0.759,1.333
323.477,14.778,11.544,0.809,-0.867,-2.585,-0.708,-0.515,-0.510,0.895,0.900,1.427
323.488,13.626,12.440,1.194,-0.666,-2.329,-0.587,-0.397,-0.397,1.034,1.034,1.539
323.498,9.732,12.219,11.205,0.467,-2.007,-0.508,-0.336,-0.340,1.154,1.150,1.654
323.509,4.718,9.928,-1.627,0.338,-1.660,-0.556,-0.383,-0.393,1.218,1.208,1.756
323.519,0.991,7.007,4.010,0.805,-1.342,-0.612,-0.446,-0.460,1.238,1.223,1.830
323.529,-3.895,3.391,-1.392,0.826,-1.027,-0.749,-0.583,-0.603,1.212,1.192,1.871
323.540,-5.096,0.227,0.522,0.550,-0.796,-0.828,-0.658,-0.681,1.156,1.133,1.877
323.550,-6.586,-2.217,1.448,0.761,-0.585,-0.923,-0.756,-0.782,1.087,1.060,1.854
323.561,-7.325,-4.074,-1.684,0.447,-0.420,-1.014,-0.843,-0.872,1.008,0.979,1.810
323.571,-7.105,-5.414,1.248,0.491,-0.296,-1.101,-0.931,-0.962,0.922,0.891,1.749
323.582,-7.808,-6.158,-1.069,0.398,-0.188,-1.187,-1.016,-1.048,0.840,0.807,1.679
323.592,-6.441,-6.323,0.000,0.256,-0.120,-1.222,-1.048,-1.082,0.764,0.730,1.604
323.602,-4.615,-5.678,-0.375,0.226,-0.068,-1.217,-1.043,-1.078,0.707,0.673,1.532
323.613,-3.057,-4.886,-0.841,0.037,-0.043,-1.233,-1.057,-1.092,0.661,0.626,1.468
323.623,-2.353,-4.022,0.165,0.025,-0.034,-1.251,-1.075,-1.110,0.625,0.590,1.412
323.633,-0.290,-2.904,-1.092,-0.100,-0.035,-1.231,-1.053,-1.088,0.604,0.569,1.367
323.644,0.073,-1.797,-0.165,-0.130,-0.048,-1.238,-1.061,-1.095,0.595,0.560,1.333
323.654,0.177,-1.047,-0.291,-0.129,-0.060,-1.231,-1.053,-1.088,0.590,0.556,1.310
323.664,1.831,-0.106,-0.250,-0.190,-0.075,-1.182,-1.005,-1.039,0.595,0.561,1.295
323.675,3.690,1.114,-0.207,-0.176,-0.090,-1.125,-0.948,-0.981,0.617,0.583,1.291
323.685,3.991,2.123,-0.291,-0.185,-0.102,-1.094,-0.917,-0.950,0.648,0.614,1.299
323.696,5.564,3.337,0.249,-0.138,-0.111,-1.004,-0.829,-0.862,0.693,0.660,1.319
323.706,6.745,4.495,0.252,-0.071,-0.108,-0.922,-0.748,-0.781,0.750,0.716,1.350
323.716,7.837,5.590,0.418,-0.016,-0.099,-0.825,-0.652,-0.685,0.817,0.784,1.393
323.727,6.706,6.107,0.376,0.061,-0.080,-0.770,-0.599,-0.632,0.885,0.851,1.445