R
Px,Ix,Dx,Py,Iy,Dy,Pz,Iz,FFrx,FFry,FFdrx,FFdry,satI,satPID,DTermC,GparamC,AparamC,KFQAng,KFQbias,KFRmeas
175,25,1900,200,25,2100,300,100,0,0,0,0,7,75,10,10.0,32.0,0.000,0.000,30.00
sysTime,GPT1X,GPT2X,aRawR,aPT1R,aPT2R,aKFRawR,aKFPT10R,aKFPT20R,aKFPT11R,aKFPT21R,aKFPT22R
350.388,0.818,-0.255,0.874,0.547,0.533,0.582,0.566,0.570,0.325,0.329,0.240
350.399,0.475,0.218,0.418,0.552,0.536,0.598,0.581,0.585,0.336,0.339,0.240
350.409,0.642,0.327,0.461,0.544,0.538,0.590,0.573,0.577,0.338,0.342,0.241
350.420,0.355,0.277,0.708,0.563,0.540,0.585,0.569,0.572,0.340,0.344,0.244
350.430,0.164,0.228,0.460,0.556,0.543,0.575,0.559,0.563,0.341,0.344,0.245
350.441,-0.459,0.026,0.251,0.534,0.544,0.558,0.542,0.545,0.338,0.341,0.246
350.451,0.034,-0.075,0.545,0.538,0.543,0.556,0.539,0.543,0.333,0.336,0.244
350.461,0.379,0.089,0.416,0.536,0.542,0.561,0.545,0.548,0.334,0.338,0.244
350.472,-1.143,-0.109,0.500,0.552,0.543,0.532,0.516,0.519,0.331,0.335,0.243
350.482,-0.525,-0.392,0.418,0.534,0.543,0.533,0.517,0.520,0.321,0.324,0.239
350.493,-0.645,-0.383,0.580,0.529,0.541,0.527,0.511,0.515,0.316,0.319,0.234
350.503,0.228,-0.259,0.627,0.553,0.541,0.560,0.543,0.547,0.315,0.318,0.230
350.514,-0.393,-0.140,0.541,0.549,0.542,0.548,0.532,0.536,0.315,0.318,0.227
350.524,-0.418,-0.188,0.543,0.557,0.543,0.541,0.525,0.529,0.311,0.314,0.225
350.535,-0.037,-0.237,0.502,0.553,0.545,0.534,0.518,0.521,0.305,0.309,0.221
350.545,-0.474,-0.368,0.293,0.542,0.546,0.509,0.493,0.497,0.298,0.302,0.217
350.556,-0.601,-0.363,0.583,0.539,0.544,0.501,0.485,0.488,0.293,0.297,0.213
350.566,0.111,-0.216,0.541,0.551,0.545,0.523,0.507,0.510,0.292,0.296,0.209
350.577,0.676,0.120,0.460,0.541,0.545,0.559,0.543,0.546,0.299,0.303,0.208
350.587,0.262,0.128,0.789,0.568,0.547,0.551,0.535,0.538,0.301,0.304,0.208
350.598,1.247,0.352,0.252,0.537,0.548,0.573,0.556,0.560,0.306,0.310,0.209
350.608,1.212,0.667,0.583,0.538,0.547,0.576,0.560,0.564,0.317,0.320,0.214
350.618,0.987,0.797,0.667,0.537,0.545,0.583,0.567,0.570,0.327,0.331,0.221
350.629,0.319,0.783,0.749,0.528,0.542,0.580,0.564,0.567,0.335,0.338,0.228
350.639,0.039,0.411,0.584,0.520,0.539,0.564,0.547,0.551,0.332,0.336,0.234
350.650,-0.143,0.233,0.666,0.537,0.538,0.558,0.542,0.546,0.331,0.334,0.236
350.660,-0.611,0.073,0.878,0.556,0.539,0.555,0.538,0.542,0.329,0.332,0.237
350.671,-0.048,-0.111,0.543,0.557,0.541,0.563,0.546,0.550,0.323,0.327,0.236
350.681,0.005,-0.165,0.710,0.578,0.545,0.547,0.530,0.534,0.319,0.322,0.233
350.692,-0.550,-0.255,0.668,0.589,0.551,0.531,0.514,0.518,0.315,0.318,0.230
350.702,-0.139,-0.205,0.416,0.582,0.556,0.555,0.538,0.542,0.313,0.317,0.227
350.713,-0.108,-0.224,0.417,0.584,0.560,0.537,0.520,0.524,0.309,0.312,0.224
350.723,0.093,-0.171,0.334,0.566,0.563,0.529,0.513,0.516,0.306,0.309,0.221
350.733,-0.493,-0.205,0.458,0.560,0.563,0.519,0.503,0.506,0.304,0.307,0.218
350.744,-0.510,-0.266,0.503,0.575,0.564,0.522,0.506,0.509,0.299,0.303,0.215
350.754,-0.476,-0.287,0.543,0.557,0.564,0.526,0.510,0.513,0.296,0.299,0.212
350.765,-0.846,-0.414,0.538,0.561,0.563,0.501,0.485,0.488,0.287,0.291,0.207
350.775,-1.867,-0.765,0.459,0.563,0.563,0.467,0.450,0.454,0.274,0.277,0.200
350.786,-1.216,-1.041,0.835,0.577,0.564,0.463,0.446,0.450,0.256,0.260,0.190
350.796,-0.109,-0.792,0.459,0.575,0.566,0.480,0.464,0.467,0.250,0.253,0.179
350.807,-0.616,-0.623,0.667,0.586,0.568,0.482,0.465,0.469,0.247,0.251,0.171
350.817,-1.359,-0.755,0.418,0.576,0.571,0.451,0.435,0.438,0.237,0.240,0.164
350.828,-0.501,-0.879,0.666,0.576,0.572,0.458,0.441,0.445,0.224,0.228,0.154
350.838,-0.679,-0.995,0.670,0.569,0.571,0.419,0.402,0.406,0.210,0.214,0.143
350.848,-1.008,-0.909,0.711,0.574,0.571,0.407,0.390,0.394,0.202,0.205,0.133
350.859,-2.047,-1.175,0.497,0.556,0.570,0.362,0.346,0.350,0.185,0.188,0.121
350.869,-1.087,-1.351,0.794,0.566,0.568,0.355,0.339,0.342,0.165,0.169,0.106
350.880,-0.602,-1.222,0.706,0.558,0.566,0.343,0.327,0.330,0.153,0.157,0.092
350.890,-0.527,-1.108,0.584,0.575,0.567,0.329,0.313,0.316,0.143,0.146,0.079
350.901,-0.818,-0.925,0.461,0.566,0.567,0.317,0.301,0.304,0.136,0.140,0.068
350.911,-0.270,-0.709,0.626,0.551,0.565,0.327,0.311,0.314,0.131,0.135,0.059
350.922,1.066,-0.376,0.585,0.556,0.563,0.340,0.324,0.328,0.130,0.134,0.052
350.932,1.159,0.110,0.671,0.568,0.564,0.360,0.344,0.347,0.140,0.144,0.051
350.943,0.327,0.293,0.626,0.559,0.562,0.344,0.327,0.331,0.146,0.150,0.053
350.953,1.277,0.663,0.541,0.561,0.562,0.386,0.370,0.373,0.158,0.162,0.057
350.964,1.614,0.924,0.461,0.551,0.562,0.393,0.377,0.381,0.170,0.174,0.064
350.974,1.396,1.080,0.798,0.562,0.560,0.400,0.383,0.387,0.184,0.187,0.074
350.984,0.641,0.924,0.543,0.544,0.558,0.387,0.370,0.374,0.191,0.195,0.084
350.995,1.092,0.957,0.667,0.554,0.557,0.395,0.379,0.383,0.199,0.203,0.093
351.005,0.647,0.895,0.333,0.542,0.556,0.393,0.377,0.381,0.207,0.211,0.103
351.016,1.109,0.917,0.794,0.546,0.554,0.412,0.396,0.400,0.216,0.219,0.111
351.026,-0.048,0.582,0.833,0.563,0.554,0.390,0.374,0.377,0.218,0.221,0.119
351.037,-0.424,0.209,0.416,0.545,0.554,0.372,0.356,0.360,0.213,0.217,0.122
351.047,-0.527,-0.100,0.376,0.540,0.552,0.361,0.345,0.348,0.206,0.210,0.122
351.058,-0.899,-0.359,0.498,0.537,0.551,0.346,0.330,0.333,0.198,0.202,0.119
351.068,-0.391,-0.420,0.626,0.544,0.549,0.357,0.341,0.345,0.192,0.195,0.114
351.079,0.928,0.084,0.708,0.569,0.551,0.411,0.395,0.398,0.199,0.203,0.111
351.089,-0.289,0.171,0.334,0.546,0.551,0.392,0.376,0.380,0.204,0.207,0.113
351.100,0.043,0.016,0.417,0.537,0.550,0.400,0.384,0.388,0.201,0.204,0.113
351.110,0.023,-0.071,0.586,0.529,0.547,0.393,0.377,0.381,0.198,0.202,0.112
351.121,0.006,-0.060,0.502,0.531,0.545,0.398,0.382,0.385,0.198,0.201,0.111
351.131,-0.546,-0.100,0.627,0.536,0.543,0.390,0.374,0.377,0.196,0.200,0.109
351.142,0.787,0.005,0.625,0.548,0.543,0.407,0.391,0.395,0.195,0.198,0.108
351.152,0.739,0.263,0.501,0.544,0.543,0.418,0.402,0.406,0.203,0.206,0.109
351.163,0.999,0.384,0.710,0.554,0.544,0.421,0.405,0.408,0.208,0.212,0.111
351.174,0.571,0.512,0.668,0.571,0.546,0.402,0.386,0.390,0.215,0.219,0.115
351.185,-0.314,0.451,0.752,0.581,0.550,0.398,0.382,0.385,0.220,0.223,0.120
351.196,-0.338,0.219,0.585,0.570,0.552,0.407,0.391,0.394,0.217,0.221,0.123
351.208,-0.876,-0.046,0.625,0.573,0.554,0.392,0.376,0.380,0.210,0.214,0.123
351.219,0.130,-0.207,0.458,0.559,0.555,0.397,0.381,0.385,0.201,0.205,0.120
351.230,-0.334,-0.242,0.626,0.558,0.555,0.374,0.358,0.362,0.197,0.201,0.117
351.240,-0.195,-0.239,0.544,0.557,0.556,0.373,0.356,0.360,0.194,0.197,0.114
351.251,-0.160,-0.192,0.544,0.560,0.556,0.383,0.366,0.370,0.193,0.196,0.111
351.262,-0.957,-0.274,0.457,0.549,0.556,0.373,0.358,0.361,0.189,0.193,0.108
351.272,-0.993,-0.529,0.626,0.560,0.556,0.357,0.341,0.345,0.177,0.180,0.103
351.283,-0.613,-0.472,-0.333,0.520,0.554,0.368,0.353,0.356,0.172,0.175,0.097
351.294,-0.064,-0.382,-1.609,0.789,0.575,0.382,0.364,0.367,0.168,0.171,0.091
351.305,-1.581,-0.637,7.721,0.529,0.566,0.334,0.318,0.322,0.157,0.161,0.085
351.315,0.201,-0.455,-4.772,0.630,0.592,0.383,0.366,0.369,0.154,0.157,0.078
351.326,-0.776,-0.402,5.351,0.675,0.580,0.356,0.339,0.343,0.151,0.154,0.073
351.337,-0.397,-0.394,-9.915,0.229,0.575,0.360,0.347,0.350,0.145,0.149,0.068
351.347,-0.541,-0.422,10.514,1.054,0.586,0.359,0.340,0.343,0.140,0.143,0.063
351.358,0.346,-0.186,-0.662,0.411,0.588,0.385,0.371,0.374,0.142,0.145,0.059
351.369,-0.011,-0.185,3.798,0.661,0.586,0.366,0.350,0.353,0.139,0.142,0.057
351.379,0.999,0.075,-4.341,0.318,0.574,0.394,0.381,0.384,0.144,0.147,0.055
351.390,1.193,0.462,5.910,0.598,0.558,0.420,0.404,0.408,0.157,0.160,0.058
351.401,0.095,0.453,-4.459,0.447,0.567,0.395,0.381,0.384,0.162,0.165,0.062
351.411,-1.599,0.002,-1.706,0.414,0.547,0.352,0.338,0.341,0.154,0.158,0.064
351.422,-1.330,-0.360,3.825,0.568,0.542,0.350,0.334,0.338,0.140,0.144,0.061
351.433,-1.546,-0.775,0.040,0.569,0.541,0.317,0.301,0.305,0.121,0.125,0.054
351.444,-1.893,-1.142,-3.292,0.299,0.535,0.284,0.270,0.274,0.101,0.104,0.043
351.454,-1.698,-1.328,2.543,0.120,0.481,0.270,0.258,0.262,0.081,0.085,0.029
351.465,-0.526,-1.268,-0.482,0.415,0.463,0.272,0.258,0.262,0.065,0.069,0.014
351.476,0.018,-0.932,2.779,0.388,0.454,0.272,0.258,0.262,0.060,0.065,0.001
351.486,-0.358,-0.647,-1.427,0.089,0.429,0.259,0.248,0.253,0.059,0.064,-0.007
351.497,-0.162,-0.476,7.811,0.191,0.388,0.270,0.258,0.263,0.057,0.062,-0.014
351.508,1.512,-0.077,-3.741,0.123,0.363,0.326,0.314,0.320,0.063,0.068,-0.018
351.519,1.036,0.374,2.890,-0.090,0.316,0.326,0.316,0.321,0.076,0.082,-0.016
351.529,1.942,0.731,-5.939,-0.189,0.270,0.361,0.352,0.358,0.090,0.096,-0.011
351.540,1.746,1.031,4.712,0.299,0.256,0.382,0.368,0.374,0.108,0.114,-0.003
351.551,0.851,1.033,-3.205,0.285,0.253,0.368,0.354,0.360,0.119,0.125,0.007
351.561,0.156,0.746,6.236,0.043,0.231,0.338,0.327,0.333,0.120,0.126,0.015
351.572,-0.614,0.402,-10.566,-0.154,0.209,0.313,0.303,0.309,0.116,0.122,0.020
351.583,-1.414,-0.080,1.573,0.278,0.204,0.282,0.269,0.275,0.104,0.110,0.021
351.594,-1.667,-0.574,4.169,0.340,0.206,0.268,0.254,0.260,0.087,0.093,0.016
351.604,-1.722,-0.864,5.792,0.151,0.190,0.243,0.229,0.236,0.069,0.075,0.007
351.615,-1.502,-1.024,-5.163,-0.292,0.173,0.243,0.233,0.240,0.054,0.060,-0.003
351.626,-1.854,-1.121,-8.601,-0.322,0.136,0.230,0.221,0.228,0.039,0.046,-0.015
351.636,-1.456,-1.265,5.096,0.083,0.116,0.223,0.210,0.218,0.020,0.027,-0.029
351.647,-3.348,-1.645,-2.686,0.075,0.115,0.154,0.141,0.149,-0.004,0.002,-0.046
351.658,-2.311,-1.795,1.558,-0.027,0.093,0.170,0.158,0.165,-0.029,-0.022,-0.065
351.668,-1.926,-1.704,8.791,-0.090,0.075,0.173,0.162,0.169,-0.047,-0.039,-0.085
351.679,-1.315,-1.442,3.140,-0.220,0.053,0.193,0.183,0.191,-0.058,-0.050,-0.102
351.690,-1.827,-1.324,-3.946,-0.105,0.045,0.187,0.176,0.184,-0.069,-0.062,-0.118
351.701,-1.692,-1.487,-4.501,-0.004,0.049,0.189,0.177,0.185,-0.088,-0.080,-0.134
351.711,-2.616,-1.816,-3.984,0.004,0.058,0.138,0.125,0.133,-0.115,-0.107,-0.152
351.722,-2.861,-2.315,4.301,-0.085,0.065,0.082,0.069,0.076,-0.152,-0.144,-0.176
351.733,-1.496,-2.258,7.562,-0.367,0.027,0.095,0.084,0.092,-0.177,-0.169,-0.202
351.744,-1.289,-1.792,17.427,-0.378,-0.080,0.102,0.090,0.099,-0.188,-0.179,-0.224
351.754,-2.879,-2.042,4.836,-0.053,-0.134,0.047,0.034,0.043,-0.213,-0.204,-0.245
351.765,-4.224,-2.546,-0.772,0.007,-0.119,-0.035,-0.049,-0.039,-0.253,-0.243,-0.271
351.776,-5.100,-3.274,3.847,0.354,-0.087,-0.087,-0.104,-0.095,-0.302,-0.293,-0.303
351.787,-4.037,-3.689,-5.927,0.614,-0.016,-0.113,-0.131,-0.123,-0.353,-0.345,-0.343
351.797,-4.201,-3.473,-45.544,0.483,0.137,-0.136,-0.147,-0.140,-0.386,-0.378,-0.382
351.808,-2.658,-3.471,-2.887,-0.586,0.158,-0.141,-0.144,-0.137,-0.424,-0.418,-0.420
351.819,-3.128,-3.263,75.559,-0.990,-0.049,-0.197,-0.212,-0.203,-0.459,-0.450,-0.457
351.830,-3.978,-3.572,1.378,-0.762,-0.212,-0.241,-0.271,-0.261,-0.504,-0.494,-0.494
351.840,-5.684,-3.949,-24.409,-0.404,-0.205,-0.336,-0.367,-0.357,-0.554,-0.544,-0.535
351.851,-6.585,-4.440,8.927,-0.167,-0.219,-0.393,-0.420,-0.409,-0.612,-0.602,-0.582
351.862,-6.549,-5.260,-6.681,-0.520,-0.241,-0.468,-0.491,-0.481,-0.687,-0.677,-0.635
351.873,-6.156,-5.630,-0.444,-0.255,-0.259,-0.560,-0.586,-0.575,-0.761,-0.750,-0.695
351.884,-6.224,-6.015,10.055,0.487,-0.181,-0.647,-0.672,-0.662,-0.834,-0.824,-0.759
351.894,-6.391,-6.182,-38.919,-0.851,-0.194,-0.728,-0.741,-0.731,-0.904,-0.894,-0.825
351.905,-7.940,-6.445,35.733,0.991,-0.189,-0.860,-0.883,-0.873,-0.982,-0.972,-0.894
351.916,-6.225,-7.181,-4.563,1.240,0.060,-0.937,-0.968,-0.960,-1.078,-1.070,-0.971
351.927,-4.208,-6.153,-8.388,0.680,0.149,-0.877,-0.911,-0.904,-1.119,-1.112,-1.042
351.938,-4.732,-5.648,-31.286,0.553,0.174,-0.976,-0.997,-0.990,-1.169,-1.162,-1.105
351.949,-3.101,-4.759,25.241,1.277,0.291,-0.960,-0.979,-0.973,-1.202,-1.196,-1.161
351.959,0.904,-3.633,-18.983,0.562,0.394,-0.858,-0.875,-0.870,-1.216,-1.211,-1.206
351.970,1.029,-1.827,12.736,1.118,0.422,-0.815,-0.827,-0.822,-1.193,-1.188,-1.233
351.981,2.337,-0.737,-21.700,1.083,0.573,-0.772,-0.778,-0.774,-1.175,-1.172,-1.247
351.992,6.830,1.298,-5.546,0.997,0.574,-0.546,-0.552,-0.548,-1.115,-1.111,-1.242
352.003,4.942,2.677,-18.747,0.760,0.670,-0.549,-0.551,-0.548,-1.051,-1.048,-1.218
352.014,1.652,2.978,39.473,2.076,0.695,-0.595,-0.600,-0.597,-1.010,-1.007,-1.186
352.024,-2.114,1.566,40.763,4.703,1.125,-0.740,-0.753,-0.754,-1.020,-1.020,-1.161
352.035,0.447,0.834,-13.226,3.210,1.439,-0.661,-0.664,-0.667,-1.024,-1.027,-1.147
352.046,2.801,1.569,-16.326,2.224,1.546,-0.528,-0.523,-0.527,-0.987,-0.991,-1.132
352.058,2.898,1.878,-5.338,1.469,1.585,-0.494,-0.483,-0.487,-0.956,-0.960,-1.111
352.069,5.773,2.473,-16.722,-0.022,1.469,-0.335,-0.323,-0.326,-0.910,-0.914,-1.084
352.080,5.507,3.597,-12.581,-0.666,1.226,-0.267,-0.260,-0.261,-0.844,-0.845,-1.047
352.091,5.558,4.260,-15.418,-0.494,1.017,-0.258,-0.258,-0.257,-0.789,-0.789,-1.004
352.101,9.546,5.147,-27.828,-0.899,0.817,-0.154,-0.142,-0.140,-0.724,-0.721,-0.955
352.112,13.074,7.299,2.899,-0.029,0.669,0.110,0.127,0.131,-0.595,-0.591,-0.885
352.123,14.447,9.673,19.935,1.580,0.687,0.326,0.335,0.338,-0.435,-0.432,-0.791
352.134,13.420,10.972,29.515,2.839,0.909,0.366,0.374,0.375,-0.291,-0.290,-0.679
352.145,11.527,11.416,13.078,2.191,1.105,0.410,0.420,0.419,-0.158,-0.158,-0.557
352.156,15.190,12.316,-17.187,1.059,1.158,0.698,0.718,0.717,-0.003,-0.004,-0.427
352.167,18.419,13.723,-9.901,0.524,1.094,0.994,1.016,1.016,0.177,0.177,-0.286
352.177,22.175,16.047,-12.858,0.058,1.003,1.368,1.392,1.392,0.403,0.404,-0.124
352.188,26.373,18.738,-19.924,-0.889,0.825,1.767,1.798,1.800,0.672,0.675,0.070
352.200,28.428,21.403,-18.073,-1.182,0.612,2.136,2.167,2.171,0.974,0.978,0.297
352.211,26.301,23.364,-10.099,-1.058,0.427,2.391,2.415,2.420,1.282,1.288,0.550
352.222,23.336,23.348,7.624,-0.182,0.310,2.501,2.515,2.522,1.539,1.546,0.811
352.234,15.359,21.609,12.515,0.326,0.285,2.426,2.441,2.448,1.743,1.750,1.063
352.244,11.370,18.749,-8.352,-0.008,0.294,2.431,2.450,2.457,1.881,1.888,1.280
352.255,7.555,15.651,-71.038,-1.395,0.170,2.379,2.430,2.438,1.977,1.985,1.463
352.266,3.694,12.255,-39.793,-2.024,-0.063,2.305,2.369,2.379,2.030,2.040,1.612
352.277,-2.857,8.022,39.481,-1.658,-0.261,2.082,2.133,2.145,2.017,2.029,1.717
352.288,-8.795,3.537,65.528,0.148,-0.287,1.845,1.884,1.896,1.949,1.962,1.775
352.299,-12.377,-0.773,49.729,1.157,-0.182,1.697,1.723,1.734,1.841,1.852,1.785
352.311,-13.379,-4.331,5.668,1.300,0.014,1.627,1.648,1.658,1.712,1.721,1.752
352.322,-13.625,-7.164,-16.134,-0.432,0.038,1.598,1.623,1.632,1.577,1.587,1.686
352.332,-14.066,-9.473,-15.512,-1.629,-0.114,1.471,1.499,1.510,1.422,1.432,1.592
352.343,-19.335,-12.032,-0.565,-1.211,-0.253,1.141,1.165,1.177,1.234,1.246,1.472
352.354,-22.480,-15.009,13.616,-0.097,-0.273,0.819,0.839,0.851,1.003,1.015,1.322
352.365,-26.353,-18.243,0.833,0.243,-0.216,0.428,0.445,0.457,0.732,0.744,1.138
352.376,-27.307,-21.027,0.087,0.113,-0.179,0.090,0.111,0.122,0.440,0.452,0.923
352.386,-27.082,-23.083,-13.366,0.157,-0.129,-0.273,-0.250,-0.239,0.137,0.148,0.681
352.397,-27.312,-24.534,-36.214,-0.137,-0.113,-0.550,-0.518,-0.508,-0.160,-0.149,0.419
352.408,-23.442,-24.437,12.848,0.809,-0.088,-0.656,-0.623,-0.613,-0.424,-0.414,0.151
352.419,-24.921,-24.344,20.583,2.007,0.118,-0.982,-0.947,-0.938,-0.684,-0.675,-0.111
352.430,-25.261,-24.822,-4.718,1.515,0.295,-1.332,-1.276,-1.269,-0.976,-0.969,-0.391
352.442,-26.265,-25.138,-23.393,0.374,0.337,-1.685,-1.620,-1.614,-1.272,-1.266,-0.678
352.453,-25.316,-25.162,-27.305,-0.343,0.282,-1.984,-1.906,-1.899,-1.567,-1.560,-0.968
352.465,-25.621,-25.457,-31.382,-0.922,0.198,-2.305,-2.213,-2.205,-1.869,-1.861,-1.263
352.476,-18.336,-24.033,-49.760,-1.235,0.073,-2.308,-2.202,-2.192,-2.112,-2.103,-1.546
352.488,-16.377,-21.700,8.656,-0.108,-0.005,-2.434,-2.331,-2.321,-2.306,-2.295,-1.806
352.499,-17.269,-20.205,43.499,3.001,0.171,-2.709,-2.610,-2.602,-2.502,-2.493,-2.044
352.511,-12.868,-18.431,46.271,3.090,0.497,-2.794,-2.690,-2.685,-2.670,-2.665,-2.261
352.522,-5.857,-15.410,-65.598,-1.169,0.513,-2.674,-2.546,-2.541,-2.769,-2.764,-2.448
352.533,-5.367,-12.097,-44.744,-3.301,0.150,-2.701,-2.558,-2.549,-2.826,-2.818,-2.600
352.545,-2.104,-9.498,54.827,-0.261,-0.022,-2.707,-2.598,-2.588,-2.882,-2.872,-2.723
352.556,-0.074,-6.776,48.287,2.109,0.099,-2.654,-2.556,-2.547,-2.892,-2.883,-2.814
352.568,3.968,-4.209,9.273,2.198,0.326,-2.513,-2.414,-2.407,-2.874,-2.867,-2.874
352.579,8.523,-0.772,1.307,1.713,0.493,-2.325,-2.223,-2.218,-2.800,-2.795,-2.898
352.590,10.773,2.536,-18.028,1.032,0.588,-2.208,-2.108,-2.103,-2.698,-2.694,-2.885
352.601,16.104,5.966,2.067,1.006,0.611,-1.947,-1.841,-1.837,-2.558,-2.554,-2.836
352.612,19.982,9.874,11.397,1.789,0.696,-1.624,-1.516,-1.513,-2.346,-2.343,-2.739
352.624,25.060,14.245,12.936,2.971,0.928,-1.203,-1.093,-1.092,-2.076,-2.075,-2.596
352.635,28.063,18.250,-29.481,1.028,1.036,-0.849,-0.720,-0.720,-1.770,-1.770,-2.404
352.647,33.226,22.385,-15.244,0.091,0.969,-0.360,-0.227,-0.226,-1.416,-1.416,-2.167
352.658,35.194,26.244,4.173,0.245,0.867,0.081,0.213,0.215,-1.023,-1.021,-1.883
352.669,34.464,28.858,8.101,0.721,0.844,0.442,0.573,0.575,-0.642,-0.640,-1.576
352.680,37.451,31.337,-4.052,0.306,0.796,0.950,1.082,1.085,-0.243,-0.240,-1.245
352.691,35.692,33.074,7.433,0.456,0.747,1.254,1.384,1.387,0.150,0.153,-0.895
352.702,34.558,33.509,2.507,0.543,0.721,1.579,1.708,1.712,0.522,0.525,-0.535
352.713,35.325,33.920,2.905,0.858,0.724,1.977,2.107,2.110,0.895,0.898,-0.172
352.723,33.661,33.892,-1.826,0.826,0.736,2.229,2.362,2.365,1.254,1.258,0.191
352.734,37.455,34.480,-2.658,0.465,0.701,2.760,2.896,2.900,1.639,1.642,0.559
352.745,35.607,35.346,9.499,1.034,0.704,3.154,3.291,3.295,2.048,2.052,0.942
352.756,29.683,34.119,-5.020,0.641,0.721,3.286,3.428,3.431,2.389,2.392,1.316
352.767,28.629,32.476,-14.972,-0.361,0.614,3.632,3.781,3.786,2.705,2.710,1.674
352.778,23.222,30.246,24.667,1.307,0.577,3.741,3.886,3.891,2.981,2.986,2.011
352.788,20.684,27.317,3.456,1.114,0.665,3.834,3.988,3.992,3.204,3.208,2.318
352.799,19.618,25.002,-20.650,-0.301,0.545,4.032,4.210,4.215,3.420,3.425,2.596
352.810,11.810,22.340,20.044,1.056,0.530,4.038,4.222,4.227,3.603,3.609,2.849
352.821,7.119,17.946,-24.299,-0.447,0.563,3.954,4.147,4.152,3.694,3.699,3.061
352.832,4.264,13.677,2.102,-0.549,0.349,3.932,4.126,4.133,3.741,3.749,3.226
352.842,-1.992,9.761,30.449,0.827,0.369,3.770,3.953,3.960,3.754,3.761,3.347
352.853,-5.259,5.090,-31.948,-0.871,0.311,3.602,3.787,3.795,3.698,3.706,3.420
352.864,-9.023,1.043,5.722,-0.066,0.178,3.475,3.656,3.664,3.619,3.628,3.448
352.875,-16.737,-3.510,-0.179,0.094,0.206,3.084,3.265,3.274,3.474,3.483,3.427
352.886,-16.097,-7.726,-4.779,-0.416,0.134,2.936,3.122,3.131,3.290,3.300,3.359
352.897,-18.832,-10.856,-2.963,-0.461,0.079,2.703,2.888,2.898,3.099,3.109,3.252
352.907,-23.243,-14.088,48.890,0.248,0.033,2.332,2.499,2.509,2.867,2.877,3.111
352.919,-25.065,-17.295,28.913,1.031,0.111,2.003,2.163,2.172,2.592,2.601,2.928
352.930,-23.664,-19.561,-33.670,-0.140,0.152,1.844,2.009,2.018,2.321,2.330,2.715
352.941,-25.191,-20.985,-16.201,-1.499,-0.046,1.581,1.758,1.769,2.052,2.063,2.484
352.953,-29.565,-23.162,23.321,0.003,-0.132,1.065,1.231,1.243,1.730,1.741,2.229
352.964,-36.801,-26.744,36.233,2.360,0.127,0.416,0.571,0.581,1.339,1.349,1.939
352.975,-38.132,-30.235,-46.168,0.863,0.280,-0.013,0.161,0.169,0.919,0.927,1.613
352.986,-35.415,-32.324,-16.520,-0.051,0.271,-0.339,-0.157,-0.149,0.503,0.511,1.256
352.998,-34.574,-33.005,1.364,0.032,0.220,-0.685,-0.507,-0.499,0.115,0.123,0.888
353.009,-38.847,-34.388,14.938,0.895,0.242,-1.250,-1.079,-1.071,-0.302,-0.294,0.508
353.020,-43.883,-36.881,47.270,2.096,0.379,-1.883,-1.721,-1.714,-0.773,-0.766,0.105
353.031,-43.912,-38.881,27.871,3.696,0.764,-2.307,-2.157,-2.154,-1.259,-1.255,-0.328
353.043,-40.022,-40.021,-14.885,2.124,1.002,-2.638,-2.483,-2.482,-1.732,-1.731,-0.774
353.054,-39.270,-39.731,-33.269,0.514,1.004,-3.064,-2.905,-2.904,-2.169,-2.168,-1.218
353.065,-44.151,-40.572,4.122,0.699,0.911,-3.703,-3.559,-3.558,-2.643,-2.641,-1.668
353.076,-42.934,-41.342,7.157,1.309,0.948,-4.160,-4.023,-4.022,-3.128,-3.126,-2.129
353.088,-36.791,-40.711,18.727,2.135,1.038,-4.409,-4.269,-4.269,-3.568,-3.567,-2.587
353.099,-30.445,-37.967,13.466,3.338,1.292,-4.576,-4.437,-4.439,-3.933,-3.935,-3.030
353.110,-26.693,-34.849,3.091,3.094,1.522,-4.822,-4.680,-4.684,-4.250,-4.254,-3.435
353.121,-21.222,-30.985,18.147,3.138,1.679,-4.941,-4.799,-4.804,-4.507,-4.512,-3.798
353.133,-13.841,-26.404,64.626,4.349,1.961,-4.924,-4.807,-4.815,-4.696,-4.704,-4.115
353.144,-7.357,-21.436,-26.585,3.122,2.172,-4.838,-4.711,-4.721,-4.811,-4.821,-4.377
353.155,-2.742,-15.932,-18.272,1.603,2.162,-4.682,-4.557,-4.566,-4.849,-4.859,-4.575
353.167,2.259,-10.377,2.154,1.503,2.066,-4.549,-4.428,-4.437,-4.836,-4.845,-4.716
353.178,4.866,-6.118,24.276,2.024,2.058,-4.575,-4.460,-4.468,-4.811,-4.820,-4.802
353.189,11.685,-1.091,-18.191,1.257,2.002,-4.248,-4.126,-4.134,-4.702,-4.710,-4.833
353.200,20.796,5.001,0.635,1.169,1.877,-3.759,-3.621,-3.628,-4.499,-4.507,-4.802
353.211,27.384,11.464,13.517,1.583,1.823,-3.288,-3.152,-3.159,-4.218,-4.225,-4.700
353.223,32.224,17.515,1.813,1.524,1.791,-2.794,-2.654,-2.661,-3.873,-3.879,-4.526
353.234,39.047,23.829,5.273,1.550,1.749,-2.148,-2.008,-2.014,-3.453,-3.459,-4.284
353.245,42.940,29.396,8.211,1.482,1.726,-1.561,-1.421,-1.427,-2.981,-2.986,-3.972
353.257,46.362,34.352,-14.204,0.215,1.610,-0.950,-0.806,-0.811,-2.475,-2.479,-3.606
353.268,52.314,39.495,-1.087,-0.019,1.385,-0.247,-0.103,-0.106,-1.916,-1.918,-3.184
353.279,50.216,43.154,38.728,0.335,1.249,0.238,0.363,0.362,-1.344,-1.346,-2.714
353.290,47.602,44.847,-8.146,0.248,1.144,0.704,0.832,0.831,-0.796,-0.796,-2.214
353.302,52.600,46.462,17.840,1.126,1.077,1.386,1.509,1.510,-0.243,-0.243,-1.702
353.313,52.300,48.400,12.280,1.547,1.118,1.988,2.120,2.120,0.358,0.357,-1.158
353.324,55.049,50.143,-13.775,0.031,1.071,2.679,2.822,2.823,0.962,0.962,-0.601
353.335,55.234,51.772,-6.609,-0.365,0.862,3.285,3.429,3.431,1.578,1.580,-0.027
353.347,50.568,52.073,52.208,0.977,0.789,3.698,3.826,3.829,2.167,2.170,0.557
353.358,45.818,50.523,23.658,0.756,0.807,4.046,4.177,4.180,2.698,2.701,1.134
353.369,45.249,48.983,-42.343,-1.051,0.664,4.549,4.700,4.704,3.212,3.216,1.693
353.381,41.122,47.067,-60.829,-1.683,0.407,4.924,5.100,5.107,3.702,3.709,2.239
353.392,38.429,44.542,8.597,-0.754,0.245,5.292,5.468,5.476,4.139,4.148,2.749
353.403,36.195,41.967,-9.840,-1.034,0.139,5.658,5.834,5.843,4.549,4.559,3.231
353.414,32.250,39.726,-6.846,-1.134,-0.028,5.991,6.149,6.161,4.938,4.949,3.684
353.426,26.499,36.005,60.069,1.392,-0.009,6.087,6.210,6.221,5.245,5.256,4.102
353.437,17.154,30.898,26.767,2.163,0.224,5.999,6.118,6.127,5.471,5.480,4.471
353.448,11.529,25.260,-15.596,0.827,0.351,5.929,6.074,6.081,5.618,5.625,4.779
353.460,6.101,19.990,-7.690,0.665,0.370,5.836,5.983,5.991,5.711,5.718,5.026
353.471,2.009,14.462,31.840,1.330,0.453,5.716,5.855,5.862,5.735,5.742,5.209
353.482,0.797,10.032,-12.437,-0.035,0.505,5.792,5.934,5.940,5.748,5.754,5.339
353.493,-4.089,6.452,-13.220,-0.842,0.373,5.662,5.803,5.810,5.732,5.739,5.424
353.505,-11.620,1.188,-11.122,-0.569,0.264,5.263,5.395,5.403,5.612,5.621,5.456
353.516,-19.672,-4.812,-5.124,-0.721,0.173,4.798,4.931,4.940,5.413,5.422,5.426
353.527,-26.316,-10.925,-10.995,-0.855,0.062,4.323,4.457,4.467,5.138,5.148,5.326
353.538,-32.811,-17.201,21.949,1.180,0.090,3.770,3.885,3.895,4.789,4.799,5.156
353.550,-38.949,-23.588,24.135,2.961,0.354,3.150,3.253,3.260,4.368,4.376,4.915
353.561,-44.448,-29.751,9.836,2.585,0.612,2.492,2.597,2.602,3.885,3.890,4.604
353.572,-48.981,-35.350,-0.757,1.906,0.796,1.822,1.933,1.936,3.353,3.356,4.228
353.584,-50.449,-40.190,-40.969,0.015,0.797,1.223,1.355,1.357,2.786,2.788,3.795
353.595,-54.810,-44.249,-20.972,-0.745,0.650,0.561,0.693,0.698,2.192,2.196,3.312
353.606,-59.590,-48.368,-0.862,-0.225,0.528,-0.262,-0.138,-0.133,1.535,1.540,2.776
353.617,-63.369,-52.997,26.023,0.891,0.538,-1.190,-1.075,-1.070,0.820,0.825,2.199
353.629,-64.096,-56.537,36.078,2.297,0.674,-1.864,-1.776,-1.772,0.105,0.108,1.579
353.640,-63.948,-58.869,35.067,4.256,0.983,-2.517,-2.442,-2.441,-0.606,-0.606,0.926
353.651,-59.444,-59.648,-6.885,3.092,1.293,-3.050,-2.957,-2.959,-1.291,-1.294,0.259
353.662,-56.056,-58.814,-43.802,-0.740,1.214,-3.543,-3.432,-3.433,-1.928,-1.929,-0.404
353.674,-54.500,-57.744,-16.464,-0.972,0.944,-4.160,-4.047,-4.046,-2.565,-2.564,-1.070
353.685,-53.032,-56.414,11.194,-0.319,0.783,-4.735,-4.625,-4.622,-3.170,-3.167,-1.710
353.696,-45.746,-53.946,-6.930,-0.912,0.618,-5.051,-4.947,-4.943,-3.722,-3.718,-2.331
353.708,-43.221,-50.781,-35.896,-1.518,0.404,-5.480,-5.369,-5.362,-4.218,-4.212,-2.916
353.719,-38.046,-47.420,-37.354,-2.767,0.099,-5.824,-5.703,-5.694,-4.677,-4.667,-3.465
353.730,-32.088,-43.121,-7.831,-2.152,-0.181,-6.063,-5.942,-5.929,-5.068,-5.055,-3.972
353.742,-28.901,-38.984,49.637,2.568,-0.096,-6.347,-6.231,-6.219,-5.412,-5.401,-4.434
353.753,-23.175,-34.701,11.452,3.193,0.366,-6.465,-6.357,-6.350,-5.696,-5.689,-4.843
353.764,-16.904,-29.718,-9.867,1.864,0.567,-6.459,-6.348,-6.343,-5.905,-5.901,-5.199
353.775,-9.457,-23.965,-3.915,1.050,0.640,-6.369,-6.254,-6.250,-6.037,-6.033,-5.492
353.787,-2.999,-18.068,-14.915,0.510,0.642,-6.257,-6.135,-6.131,-6.098,-6.094,-5.719
353.798,3.238,-11.977,6.788,0.697,0.630,-6.066,-5.944,-5.939,-6.086,-6.081,-5.879
353.809,11.160,-5.567,-30.811,-0.599,0.601,-5.741,-5.605,-5.601,-5.993,-5.988,-5.969
353.821,17.741,0.878,-45.480,-1.858,0.373,-5.399,-5.256,-5.249,-5.827,-5.821,-5.985
353.832,20.383,6.869,23.399,-0.431,0.129,-5.103,-4.983,-4.974,-5.607,-5.598,-5.932
353.843,22.199,11.181,41.392,1.038,0.180,-4.900,-4.800,-4.791,-5.380,-5.371,-5.823
353.855,34.800,17.123,-32.472,-0.911,0.162,-4.161,-4.051,-4.042,-5.045,-5.036,-5.655
353.866,40.430,24.027,-6.131,-1.470,-0.066,-3.543,-3.438,-3.427,-4.610,-4.599,-5.413
353.877,43.074,29.798,22.519,-0.494,-0.168,-3.024,-2.934,-2.922,-4.135,-4.123,-5.099
353.888,44.457,34.145,38.588,1.165,-0.061,-2.489,-2.426,-2.415,-3.643,-3.632,-4.731
353.900,46.339,37.967,1.434,0.946,0.069,-1.882,-1.811,-1.801,-3.116,-3.107,-4.316
353.911,48.543,41.235,-36.701,-0.181,0.099,-1.270,-1.187,-1.177,-2.571,-2.562,-3.864
353.922,49.313,43.803,-6.284,-0.461,-0.016,-0.708,-0.620,-0.609,-2.017,-2.006,-3.379
353.934,53.028,46.331,80.090,0.919,0.031,-0.022,0.054,0.064,-1.440,-1.430,-2.871
353.945,58.667,49.236,5.208,1.075,0.164,0.805,0.875,0.884,-0.808,-0.799,-2.323
353.956,59.641,52.692,-9.426,0.121,0.199,1.539,1.611,1.619,-0.135,-0.127,-1.750
353.967,56.111,54.070,16.294,0.628,0.204,2.051,2.116,2.124,0.505,0.513,-1.147
353.979,55.228,54.369,13.278,0.813,0.288,2.596,2.662,2.669,1.119,1.126,-0.539
353.990,57.079,55.269,-39.927,-1.341,0.217,3.321,3.400,3.408,1.761,1.770,0.079
354.001,53.923,55.289,-52.922,-1.670,0.000,3.833,3.927,3.937,2.383,2.393,0.702
354.012,51.857,54.295,58.743,0.063,-0.062,4.338,4.425,4.436,2.963,2.974,1.313
354.024,51.852,53.187,7.956,1.173,0.070,4.940,5.019,5.028,3.542,3.552,1.922
354.035,49.467,52.607,-11.969,0.757,0.161,5.457,5.540,5.549,4.114,4.123,2.510
354.046,42.436,50.250,10.909,0.878,0.229,5.688,5.768,5.777,4.614,4.622,3.080
354.057,40.201,47.148,-12.168,0.390,0.305,6.118,6.198,6.205,5.071,5.078,3.621
354.069,36.784,44.160,-19.087,-0.724,0.228,6.472,6.555,6.563,5.493,5.501,4.126
354.080,27.133,39.927,10.657,-0.216,0.146,6.542,6.619,6.627,5.842,5.851,4.594
354.091,17.700,33.809,16.042,1.077,0.217,6.470,6.544,6.552,6.078,6.086,5.004
354.103,10.101,27.126,-3.178,0.941,0.314,6.366,6.454,6.461,6.220,6.227,5.335
354.114,0.476,19.860,-21.710,0.635,0.354,6.145,6.250,6.257,6.272,6.279,5.589
354.125,-6.713,11.958,7.782,1.062,0.409,5.894,5.999,6.006,6.219,6.225,5.756
354.136,-13.080,4.617,-4.260,0.815,0.485,5.559,5.666,5.672,6.092,6.097,5.837
354.147,-24.646,-3.487,-4.023,0.836,0.518,4.931,5.032,5.037,5.856,5.861,5.831
354.159,-31.662,-11.675,15.979,1.485,0.604,4.410,4.502,4.506,5.528,5.532,5.733
354.170,-39.536,-19.829,3.657,1.287,0.695,3.772,3.863,3.866,5.108,5.111,5.543
354.181,-42.604,-26.560,-8.921,0.745,0.721,3.272,3.362,3.365,4.648,4.651,5.272
354.193,-49.921,-33.322,35.156,1.472,0.751,2.499,2.572,2.575,4.109,4.111,4.924
354.204,-55.459,-40.013,8.146,1.743,0.860,1.706,1.781,1.783,3.499,3.500,4.502
354.215,-57.534,-45.348,-16.117,1.183,0.925,0.998,1.082,1.083,2.859,2.860,4.013
354.226,-63.627,-50.415,6.860,1.630,0.971,0.133,0.216,0.216,2.174,2.174,3.468
354.238,-65.583,-55.098,1.065,1.688,1.060,-0.618,-0.535,-0.536,1.440,1.440,2.864
354.249,-64.673,-57.834,8.706,1.906,1.113,-1.283,-1.187,-1.188,0.727,0.725,2.227
354.260,-67.917,-60.839,16.435,2.374,1.296,-2.184,-2.095,-2.098,-0.030,-0.033,1.554
354.271,-67.447,-63.100,-22.898,1.342,1.342,-2.923,-2.824,-2.827,-0.792,-0.795,0.854
354.283,-65.621,-64.016,-7.140,0.874,1.315,-3.542,-3.442,-3.445,-1.527,-1.530,0.140
354.294,-63.461,-64.180,-60.168,-1.608,1.094,-4.224,-4.113,-4.114,-2.257,-2.257,-0.582
354.305,-65.148,-64.266,8.838,-0.923,0.808,-5.033,-4.933,-4.930,-2.989,-2.987,-1.308
354.317,-62.400,-64.032,68.778,3.661,0.942,-5.711,-5.635,-5.634,-3.717,-3.716,-2.039
354.328,-55.512,-62.339,23.973,5.212,1.387,-6.164,-6.101,-6.105,-4.376,-4.380,-2.750
354.339,-49.764,-58.922,-2.866,3.288,1.697,-6.595,-6.505,-6.512,-4.955,-4.962,-3.429
354.350,-42.079,-54.511,-48.675,0.620,1.688,-6.905,-6.790,-6.797,-5.464,-5.471,-4.062
354.362,-37.322,-49.454,-7.917,0.334,1.516,-7.187,-7.076,-7.081,-5.898,-5.903,-4.640
354.373,-33.417,-44.657,14.835,1.361,1.484,-7.466,-7.357,-7.362,-6.283,-6.288,-5.160
354.384,-26.723,-39.880,-21.498,0.459,1.431,-7.559,-7.452,-7.456,-6.616,-6.620,-5.634
354.396,-18.353,-33.817,-1.473,0.983,1.326,-7.543,-7.440,-7.443,-6.852,-6.855,-6.038
354.407,-12.447,-27.611,30.663,2.841,1.439,-7.575,-7.473,-7.477,-7.014,-7.018,-6.374
354.418,-5.815,-21.390,18.661,2.778,1.613,-7.500,-7.400,-7.406,-7.104,-7.110,-6.639
354.430,3.722,-14.614,-19.207,1.088,1.649,-7.186,-7.089,-7.096,-7.101,-7.107,-6.829
354.441,12.429,-6.981,-33.503,-0.157,1.496,-6.819,-6.712,-6.716,-6.994,-6.999,-6.937
354.452,23.124,1.506,-7.457,-0.537,1.217,-6.277,-6.169,-6.171,-6.774,-6.776,-6.956
354.464,26.362,9.108,32.812,0.928,1.107,-5.923,-5.820,-5.821,-6.486,-6.487,-6.882
354.475,34.636,16.115,34.473,1.684,1.157,-5.321,-5.226,-5.228,-6.135,-6.136,-6.728
354.486,42.598,23.909,-6.913,0.561,1.171,-4.564,-4.475,-4.477,-5.672,-5.674,-6.489
354.497,46.110,30.947,-0.490,0.390,1.046,-3.939,-3.851,-3.851,-5.154,-5.154,-6.167
354.509,44.535,35.369,24.445,0.906,1.010,-3.569,-3.486,-3.486,-4.652,-4.652,-5.785
354.520,46.145,38.377,3.229,0.730,0.995,-3.028,-2.945,-2.945,-4.137,-4.137,-5.356
354.531,48.712,41.495,-17.652,-0.389,0.882,-2.348,-2.270,-2.269,-3.589,-3.587,-4.897
354.542,53.314,44.885,-10.580,-1.070,0.654,-1.640,-1.562,-1.558,-3.007,-3.004,-4.405
354.554,53.641,47.441,2.377,-0.918,0.478,-1.142,-1.066,-1.061,-2.425,-2.420,-3.885
354.565,55.672,49.948,-12.904,-1.712,0.273,-0.393,-0.311,-0.304,-1.800,-1.792,-3.332
354.576,57.032,52.306,-11.723,-1.925,0.053,0.336,0.417,0.427,-1.154,-1.144,-2.751
354.587,55.953,53.874,24.106,-0.513,-0.105,1.006,1.062,1.074,-0.501,-0.489,-2.142
354.599,55.276,54.421,34.262,0.586,-0.062,1.564,1.604,1.616,0.116,0.128,-1.533
354.610,59.579,55.299,-2.392,0.298,0.014,2.368,2.409,2.419,0.758,0.768,-0.918
354.621,56.626,56.399,-1.331,0.091,-0.011,2.975,3.009,3.020,1.414,1.425,-0.293
354.632,56.541,56.447,69.722,2.267,0.137,3.581,3.581,3.590,2.043,2.053,0.339
354.644,52.436,55.351,46.216,2.956,0.441,4.022,4.010,4.017,2.641,2.647,0.967
354.655,53.532,54.600,-36.668,0.218,0.607,4.700,4.712,4.716,3.249,3.253,1.592
354.666,54.457,54.578,-70.526,-1.783,0.422,5.368,5.400,5.407,3.859,3.865,2.203
354.677,47.296,53.127,4.239,-0.983,0.214,5.696,5.722,5.731,4.418,4.426,2.806
354.689,39.738,49.710,40.173,2.415,0.335,5.943,5.955,5.962,4.895,4.903,3.379
354.700,33.388,45.263,26.946,3.018,0.626,6.188,6.211,6.215,5.304,5.308,3.908
354.711,30.140,40.821,-22.530,0.077,0.712,6.463,6.506,6.510,5.660,5.663,4.388
354.723,20.793,35.391,-57.052,-2.575,0.417,6.470,6.543,6.550,5.932,5.939,4.812
354.734,12.577,29.015,-6.068,-1.637,0.134,6.397,6.465,6.475,6.106,6.115,5.172
354.745,2.823,21.639,15.339,0.092,0.067,6.164,6.229,6.240,6.172,6.182,5.447
354.757,-7.195,13.713,25.258,1.165,0.144,5.826,5.893,5.903,6.135,6.145,5.635
354.768,-16.287,4.991,-4.292,0.952,0.310,5.383,5.469,5.477,5.984,5.992,5.727
354.779,-25.530,-3.580,-45.898,-0.163,0.301,4.870,4.981,4.989,5.740,5.748,5.723
354.790,-30.456,-11.657,-51.998,-1.283,0.175,4.417,4.549,4.559,5.414,5.423,5.625
354.802,-35.146,-18.702,-26.892,-1.719,-0.018,3.904,4.054,4.065,5.025,5.036,5.439
354.813,-42.504,-25.449,-8.393,-1.132,-0.160,3.274,3.421,3.434,4.577,4.589,5.180
354.825,-54.970,-33.432,5.792,-0.307,-0.229,2.321,2.452,2.465,4.010,4.023,4.838
354.836,-63.275,-41.981,-15.615,0.045,-0.182,1.357,1.484,1.497,3.330,3.342,4.401
354.847,-71.177,-50.255,34.307,2.080,-0.005,0.392,0.504,0.515,2.570,2.581,3.872
354.858,-76.635,-57.873,19.644,4.027,0.381,-0.563,-0.443,-0.436,1.741,1.748,3.253
354.869,-80.939,-64.792,12.094,4.206,0.834,-1.590,-1.468,-1.466,0.853,0.855,2.556
354.881,-85.246,-70.862,-0.189,4.419,1.266,-2.700,-2.577,-2.579,-0.096,-0.099,1.776
354.892,-86.090,-75.612,-28.334,3.641,1.609,-3.709,-3.576,-3.582,-1.057,-1.063,0.948
354.903,-87.941,-79.449,-46.056,3.262,1.845,-4.776,-4.625,-4.634,-2.041,-2.049,0.070
354.915,-85.925,-81.837,19.522,4.915,2.089,-5.731,-5.586,-5.597,-3.022,-3.033,-0.842
354.926,-82.979,-82.520,12.925,5.621,2.505,-6.619,-6.469,-6.485,-3.967,-3.983,-1.769
354.937,-77.045,-81.643,0.460,5.353,2.899,-7.351,-7.199,-7.218,-4.860,-4.879,-2.689
354.949,-68.994,-78.578,-29.370,3.476,3.082,-7.887,-7.724,-7.746,-5.674,-5.696,-3.597
354.960,-60.967,-73.617,-33.816,-0.145,2.817,-8.355,-8.181,-8.200,-6.387,-6.406,-4.448
354.971,-61.816,-69.583,-21.529,-1.581,2.331,-9.098,-8.926,-8.940,-7.070,-7.084,-5.242
354.982,-58.775,-66.694,-57.282,-1.449,1.894,-9.781,-9.597,-9.606,-7.751,-7.760,-5.995
354.994,-48.739,-61.987,-60.053,-3.290,1.420,-10.092,-9.883,-9.888,-8.341,-8.345,-6.711
355.005,-41.080,-56.364,-54.208,-5.641,0.688,-10.341,-10.113,-10.109,-8.840,-8.837,-7.367
355.017,-35.560,-50.380,-42.397,-6.765,-0.097,-10.603,-10.369,-10.357,-9.271,-9.258,-7.964
355.028,-28.004,-44.089,-33.620,-8.335,-0.969,-10.718,-10.472,-10.450,-9.621,-9.600,-8.486
355.039,-20.892,-37.466,-40.300,-8.165,-1.787,-10.752,-10.508,-10.477,-9.889,-9.858,-8.936
355.051,-13.414,-30.516,-15.595,-7.960,-2.533,-10.701,-10.466,-10.427,-10.072,-10.034,-9.309
355.062,-10.688,-24.374,45.594,-6.575,-3.041,-10.726,-10.518,-10.474,-10.200,-10.156,-9.606
355.073,-2.765,-18.230,-35.281,-7.401,-3.461,-10.521,-10.310,-10.262,-10.261,-10.213,-9.840
355.085,6.672,-11.365,-43.984,-7.738,-3.920,-10.140,-9.933,-9.879,-10.224,-10.170,-9.997
355.096,13.627,-3.961,-48.543,-8.818,-4.463,-9.754,-9.538,-9.479,-10.090,-10.031,-10.072
355.107,20.703,3.101,-55.731,-8.761,-4.915,-9.352,-9.131,-9.067,-9.891,-9.827,-10.067
355.118,24.750,9.336,-50.229,-7.657,-5.242,-8.986,-8.758,-8.691,-9.635,-9.568,-9.987
355.130,26.447,14.953,42.045,-4.808,-5.372,-8.607,-8.407,-8.338,-9.332,-9.263,-9.841
355.141,28.112,18.639,38.629,-1.406,-5.060,-8.338,-8.170,-8.105,-9.033,-8.968,-9.644
355.152,28.747,21.543,33.967,0.271,-4.525,-8.007,-7.867,-7.808,-8.710,-8.651,-9.410
355.164,40.011,26.171,-15.018,-0.561,-4.067,-7.231,-7.094,-7.040,-8.302,-8.248,-9.134
355.175,44.635,31.672,-39.578,-3.379,-3.850,-6.599,-6.437,-6.386,-7.808,-7.757,-8.799
355.186,50.048,36.956,-43.567,-4.287,-3.873,-5.915,-5.739,-5.688,-7.266,-7.214,-8.404
355.198,55.558,42.356,-63.675,-5.166,-3.972,-5.153,-4.964,-4.912,-6.661,-6.608,-7.949
355.209,59.601,47.308,-20.021,-5.153,-4.134,-4.395,-4.210,-4.156,-6.002,-5.947,-7.428
355.220,63.315,51.970,17.016,-3.496,-4.151,-3.648,-3.445,-3.390,-5.310,-5.255,-6.864
355.232,64.544,55.675,36.001,-0.832,-3.837,-2.935,-2.737,-2.686,-4.598,-4.546,-6.256
355.243,64.806,58.258,21.690,-0.473,-3.474,-2.267,-2.058,-2.010,-3.877,-3.829,-5.610
355.254,70.276,61.694,1.037,-0.887,-3.184,-1.307,-1.093,-1.049,-3.101,-3.056,-4.931
355.265,73.960,65.211,5.737,-0.856,-2.927,-0.346,-0.134,-0.092,-2.282,-2.241,-4.215
355.277,70.762,67.268,14.408,-0.338,-2.656,0.399,0.614,0.653,-1.461,-1.422,-3.459
355.288,73.417,69.018,-1.287,-1.095,-2.431,1.277,1.511,1.548,-0.647,-0.610,-2.693
355.299,73.153,70.424,-17.269,-1.926,-2.328,2.086,2.333,2.369,0.173,0.208,-1.912
355.310,70.594,70.778,-0.078,-1.711,-2.275,2.810,3.054,3.089,0.973,1.008,-1.122
355.321,66.985,70.245,13.396,-0.916,-2.153,3.462,3.719,3.753,1.743,1.777,-0.336
355.333,65.274,68.669,9.365,-0.515,-1.966,4.101,4.363,4.395,2.473,2.504,0.440
355.344,54.462,65.479,5.842,-0.308,-1.780,4.441,4.702,4.732,3.135,3.165,1.188
355.355,46.030,60.404,26.256,0.006,-1.608,4.736,4.991,5.019,3.700,3.728,1.900
355.367,40.305,54.556,33.155,1.028,-1.335,5.011,5.253,5.278,4.172,4.197,2.539
355.378,33.257,48.547,12.784,0.641,-1.115,5.232,5.475,5.498,4.579,4.601,3.113
355.389,25.956,42.231,-51.515,-3.039,-1.154,5.356,5.633,5.656,4.906,4.929,3.617
355.401,20.815,35.969,-78.178,-6.739,-1.647,5.483,5.796,5.825,5.157,5.186,4.048
355.412,13.946,29.555,-64.165,-6.914,-2.202,5.447,5.781,5.816,5.328,5.363,4.404
355.423,7.579,23.317,10.060,-5.011,-2.657,5.382,5.713,5.753,5.433,5.473,4.693
355.434,-3.203,16.050,21.820,-2.931,-2.770,5.037,5.370,5.411,5.434,5.475,4.900
355.446,-12.797,8.053,25.280,-1.475,-2.679,4.633,4.967,5.007,5.328,5.368,5.020
355.457,-21.119,-0.468,4.602,-0.922,-2.447,4.127,4.474,4.511,5.115,5.152,5.047
355.468,-28.838,-8.576,-31.653,-1.530,-2.310,3.577,3.939,3.976,4.819,4.855,4.980
355.479,-34.003,-16.140,-26.429,-1.954,-2.254,3.028,3.413,3.449,4.449,4.485,4.826
355.491,-38.669,-22.804,14.896,-1.376,-2.184,2.480,2.859,2.894,4.022,4.057,4.589
355.502,-42.575,-28.654,26.736,-0.032,-2.008,1.948,2.323,2.356,3.560,3.592,4.287
355.513,-44.049,-33.328,-4.914,-0.320,-1.752,1.449,1.829,1.859,3.071,3.101,3.927
355.525,-47.099,-37.298,-22.598,-1.003,-1.630,0.877,1.262,1.290,2.557,2.585,3.519
355.536,-55.065,-41.786,1.193,-0.644,-1.546,0.071,0.448,0.475,1.980,2.008,3.067
355.547,-57.801,-46.494,24.026,0.913,-1.330,-0.643,-0.276,-0.251,1.342,1.367,2.560
355.558,-59.129,-50.546,-15.170,0.481,-1.095,-1.311,-0.939,-0.916,0.680,0.702,2.006
355.570,-59.584,-53.467,-10.489,0.238,-0.944,-2.048,-1.681,-1.660,-0.005,0.015,1.406
355.581,-63.936,-56.365,22.178,1.816,-0.712,-2.910,-2.550,-2.532,-0.711,-0.693,0.778
355.592,-63.057,-58.579,24.015,2.520,-0.369,-3.583,-3.220,-3.206,-1.421,-1.407,0.127
355.604,-62.821,-59.856,-12.824,1.290,-0.100,-4.287,-3.914,-3.903,-2.124,-2.113,-0.542
355.615,-58.553,-59.924,-51.648,0.268,-0.004,-4.862,-4.464,-4.454,-2.800,-2.790,-1.216
355.626,-53.404,-58.587,-76.054,-0.726,-0.032,-5.361,-4.925,-4.914,-3.431,-3.420,-1.886
355.638,-52.108,-56.561,10.687,0.413,-0.054,-5.928,-5.489,-5.478,-4.025,-4.015,-2.539
355.649,-51.377,-54.982,56.440,2.386,0.159,-6.538,-6.105,-6.097,-4.606,-4.597,-3.163
355.660,-45.822,-52.792,-25.549,1.424,0.407,-6.950,-6.503,-6.497,-5.147,-5.141,-3.767
355.671,-36.984,-48.854,-16.039,0.440,0.435,-7.099,-6.662,-6.657,-5.602,-5.596,-4.336
355.683,-30.729,-43.698,-21.863,-0.051,0.410,-7.258,-6.830,-6.825,-5.967,-5.961,-4.847
355.694,-25.594,-38.665,11.027,0.591,0.378,-7.473,-7.046,-7.040,-6.297,-6.291,-5.325
355.707,-22.370,-34.040,26.698,2.400,0.536,-7.703,-7.305,-7.301,-6.594,-6.590,-5.764
355.719,-18.562,-29.488,18.279,3.522,0.831,-7.853,-7.462,-7.461,-6.835,-6.835,-6.149
355.731,-10.775,-24.261,17.104,4.350,1.183,-7.755,-7.369,-7.373,-6.987,-6.991,-6.460
355.744,-3.441,-18.467,49.075,5.265,1.574,-7.569,-7.194,-7.202,-7.054,-7.062,-6.711
355.754,2.435,-13.777,-16.511,4.632,1.936,-7.332,-6.953,-6.965,-7.040,-7.052,-6.862
355.764,8.664,-8.367,19.312,4.139,2.075,-7.056,-6.668,-6.681,-6.960,-6.973,-6.961
355.774,15.105,-3.055,-4.217,4.023,2.271,-6.687,-6.298,-6.314,-6.821,-6.837,-7.006
355.784,18.345,2.100,24.725,4.208,2.409,-6.412,-6.022,-6.039,-6.639,-6.657,-6.998
355.794,23.996,6.893,-16.674,3.887,2.592,-6.047,-5.653,-5.673,-6.420,-6.440,-6.940
355.804,30.585,12.349,3.187,3.290,2.633,-5.498,-5.105,-5.126,-6.125,-6.145,-6.829
355.815,35.187,17.578,38.268,4.623,2.761,-5.020,-4.640,-4.662,-5.784,-5.806,-6.664
355.825,41.693,23.282,-33.405,3.568,2.904,-4.291,-3.914,-3.937,-5.365,-5.388,-6.443
355.835,43.220,28.281,20.441,3.358,2.910,-3.862,-3.478,-3.502,-4.922,-4.946,-6.166
355.845,48.900,32.802,-25.278,2.222,2.899,-3.165,-2.782,-2.805,-4.445,-4.468,-5.843
355.855,49.769,37.211,46.011,3.050,2.817,-2.619,-2.231,-2.253,-3.929,-3.951,-5.475
355.865,52.052,40.587,-44.552,2.551,2.884,-2.028,-1.632,-1.655,-3.407,-3.430,-5.069
355.876,53.513,43.855,-4.942,1.358,2.747,-1.422,-1.018,-1.039,-2.857,-2.879,-4.628
355.886,53.215,46.117,8.064,1.507,2.635,-0.929,-0.528,-0.548,-2.320,-2.340,-4.164
355.896,56.150,48.165,0.256,1.536,2.537,-0.256,0.142,0.123,-1.758,-1.778,-3.672
355.906,56.794,50.515,27.084,2.695,2.508,0.369,0.763,0.744,-1.175,-1.194,-3.166
355.916,58.125,52.098,-33.598,1.742,2.516,0.975,1.374,1.355,-0.596,-0.615,-2.639
355.926,57.297,53.613,4.702,1.074,2.368,1.541,1.948,1.931,-0.002,-0.019,-2.094
355.937,56.791,54.293,19.617,1.506,2.295,2.074,2.471,2.455,0.564,0.548,-1.547
355.947,57.236,55.103,-3.174,0.921,2.178,2.714,3.109,3.094,1.144,1.129,-0.994
355.957,54.263,55.133,6.021,1.160,2.117,3.098,3.488,3.474,1.696,1.681,-0.436
355.967,54.393,55.146,-32.393,-0.941,1.882,3.734,4.132,4.121,2.267,2.255,0.134
355.977,51.903,54.638,80.954,0.275,1.698,4.200,4.562,4.553,2.800,2.790,0.689
355.987,54.662,54.647,-13.288,-0.612,1.518,4.930,5.294,5.286,3.354,3.346,1.243
355.997,51.371,54.144,13.835,-0.411,1.344,5.296,5.655,5.650,3.879,3.873,1.792
356.008,48.721,52.886,-45.558,-0.692,1.175,5.652,6.034,6.031,4.372,4.368,2.332
356.018,47.670,51.766,7.094,-0.187,1.032,6.153,6.536,6.534,4.862,4.860,2.861
356.028,46.319,50.831,21.508,0.332,0.950,6.639,7.015,7.013,5.351,5.350,3.384
356.038,45.241,49.250,-25.053,-0.373,0.882,6.997,7.379,7.379,5.794,5.793,3.884
356.048,40.775,47.683,37.078,-0.083,0.722,7.307,7.688,7.689,6.227,6.228,4.370
356.058,37.945,45.395,11.238,1.656,0.794,7.581,7.962,7.962,6.615,6.615,4.838
356.068,36.212,43.206,-30.629,0.450,0.797,7.845,8.257,8.257,6.979,6.979,5.278
356.081,31.402,40.175,-10.930,0.526,0.785,8.080,8.500,8.501,7.383,7.383,5.777
356.093,26.915,36.253,-2.482,1.098,0.837,8.250,8.659,8.659,7.718,7.718,6.237
356.103,20.553,32.959,12.997,1.865,0.903,8.254,8.651,8.650,7.951,7.950,6.583
356.116,20.915,29.232,18.847,2.238,1.029,8.582,8.973,8.971,8.208,8.206,6.956
356.128,19.405,26.211,28.279,2.828,1.212,8.833,9.218,9.213,8.447,8.442,7.283
356.140,16.673,23.607,14.451,3.167,1.420,9.019,9.412,9.405,8.666,8.660,7.576
356.152,12.356,20.486,13.941,2.920,1.592,9.059,9.462,9.453,8.833,8.824,7.835
356.164,7.488,17.047,-22.352,1.422,1.646,9.084,9.498,9.489,8.953,8.944,8.054
356.174,3.567,14.351,-3.807,0.879,1.546,9.104,9.517,9.509,9.015,9.007,8.203
356.187,-2.211,9.559,26.202,3.419,1.633,8.859,9.251,9.242,8.996,8.987,8.335
356.199,-11.384,3.926,33.521,4.430,1.918,8.432,8.826,8.814,8.895,8.883,8.404
356.211,-18.146,-2.482,28.820,5.844,2.323,7.952,8.348,8.331,8.690,8.674,8.398
356.223,-24.330,-8.658,31.346,6.001,2.756,7.450,7.845,7.823,8.419,8.398,8.316
356.236,-28.847,-14.430,25.707,5.919,3.129,6.983,7.374,7.349,8.090,8.065,8.162
356.248,-31.803,-19.482,30.334,6.510,3.496,6.518,6.903,6.873,7.718,7.688,7.943
356.260,-36.744,-24.322,29.638,7.329,3.903,5.907,6.287,6.253,7.286,7.252,7.661
356.270,-37.087,-27.750,-27.434,7.216,4.265,5.456,5.841,5.803,6.902,6.864,7.391
356.281,-35.219,-29.683,-2.916,5.835,4.395,5.217,5.608,5.569,6.543,6.504,7.094
356.291,-37.757,-31.141,55.606,6.718,4.530,4.741,5.122,5.081,6.177,6.136,6.781
356.301,-34.955,-32.772,-24.568,5.462,4.702,4.395,4.781,4.738,5.790,5.747,6.450
356.311,-35.143,-33.193,4.882,4.528,4.665,4.082,4.468,4.425,5.442,5.399,6.113
356.321,-37.118,-33.789,19.366,5.118,4.703,3.667,4.042,3.999,5.075,5.031,5.766
356.331,-37.310,-34.651,3.398,4.990,4.733,3.285,3.663,3.619,4.697,4.654,5.417
356.342,-37.384,-35.347,4.589,4.755,4.747,2.911,3.293,3.249,4.318,4.275,5.060
356.352,-38.624,-35.918,-7.509,4.198,4.713,2.516,2.904,2.860,3.941,3.898,4.700
356.362,-40.766,-36.976,3.738,4.171,4.660,2.023,2.414,2.371,3.536,3.494,4.330
356.372,-39.118,-37.694,8.156,4.255,4.614,1.690,2.083,2.040,3.134,3.091,3.952
356.382,-39.440,-38.010,7.129,4.663,4.611,1.310,1.703,1.661,2.743,2.701,3.569
356.392,-37.792,-38.132,-44.185,3.414,4.574,0.951,1.368,1.327,2.354,2.312,3.186
356.404,-34.901,-37.477,-59.895,1.532,4.352,0.588,1.026,0.987,1.909,1.870,2.723
356.417,-33.092,-36.506,-43.178,-0.340,3.913,0.175,0.621,0.587,1.478,1.444,2.268
356.429,-28.951,-34.793,-26.169,-1.802,3.315,-0.112,0.335,0.307,1.084,1.056,1.828
356.439,-28.828,-32.888,51.983,-1.214,2.820,-0.352,0.082,0.059,0.807,0.784,1.493
356.449,-27.551,-32.062,-2.472,-0.586,2.544,-0.685,-0.260,-0.279,0.499,0.480,1.164
356.462,-25.976,-30.266,-7.529,-1.318,2.102,-0.890,-0.473,-0.487,0.174,0.160,0.781
356.474,-19.308,-27.592,-21.977,-2.286,1.618,-0.923,-0.511,-0.520,-0.100,-0.109,0.430
356.486,-12.544,-23.649,-21.622,-3.060,1.085,-0.891,-0.479,-0.482,-0.295,-0.298,0.120
356.498,-5.376,-18.883,-14.509,-3.170,0.563,-0.825,-0.418,-0.415,-0.417,-0.414,-0.137
356.510,1.462,-13.571,-10.153,-2.519,0.167,-0.698,-0.295,-0.288,-0.457,-0.450,-0.333
356.523,7.851,-7.484,10.462,-0.180,-0.005,-0.471,-0.082,-0.073,-0.403,-0.394,-0.458
356.535,12.532,-1.765,-39.612,0.180,0.076,-0.254,0.135,0.143,-0.282,-0.274,-0.513
356.547,13.816,2.792,-56.072,0.209,0.155,-0.124,0.265,0.272,-0.134,-0.127,-0.504
356.560,16.740,6.541,-32.830,-0.063,0.189,0.060,0.432,0.438,0.033,0.039,-0.446
356.572,20.650,10.587,-12.050,-0.405,0.132,0.344,0.716,0.723,0.255,0.262,-0.341
356.584,25.162,14.453,-0.757,-0.258,0.083,0.676,1.046,1.054,0.519,0.527,-0.188
356.596,30.749,19.063,1.098,-0.148,0.050,1.172,1.543,1.551,0.861,0.869,0.017
356.608,35.713,23.819,-7.646,-0.267,0.031,1.754,2.126,2.135,1.269,1.278,0.280
356.621,40.547,28.605,-39.775,-0.842,-0.002,2.377,2.769,2.778,1.742,1.751,0.605
356.633,44.585,33.374,-64.474,-2.054,-0.135,3.059,3.479,3.489,2.269,2.279,0.985
356.645,48.264,37.558,-59.488,-3.663,-0.438,3.725,4.163,4.177,2.833,2.847,1.423
356.655,49.431,40.660,4.523,-4.620,-0.809,4.263,4.710,4.728,3.329,3.347,1.820
356.666,49.515,42.714,22.778,-2.749,-1.007,4.723,5.157,5.178,3.813,3.834,2.239
356.678,51.255,45.745,27.122,-2.116,-1.204,5.531,5.949,5.972,4.457,4.480,2.788
356.688,53.095,47.503,-13.823,-2.135,-1.252,6.219,6.631,6.655,4.998,5.021,3.264
356.698,51.503,48.954,-2.271,-2.480,-1.376,6.706,7.122,7.147,5.525,5.550,3.745
356.708,47.347,48.649,36.910,-1.533,-1.415,6.970,7.363,7.389,5.995,6.021,4.231
356.719,49.246,48.744,-10.591,-1.760,-1.436,7.613,7.997,8.022,6.488,6.514,4.718
356.729,47.225,48.869,9.159,-1.614,-1.479,8.077,8.452,8.478,6.977,7.003,5.204
356.739,41.827,47.293,21.277,-0.984,-1.446,8.271,8.625,8.651,7.397,7.422,5.678
356.749,39.218,45.403,1.154,-0.531,-1.365,8.579,8.927,8.952,7.792,7.817,6.137
356.759,36.874,43.540,-19.664,-0.892,-1.310,8.915,9.257,9.281,8.168,8.192,6.574
356.771,31.139,40.370,-25.377,-1.390,-1.285,9.132,9.472,9.496,8.568,8.592,7.072
356.783,24.801,35.887,-18.047,-2.065,-1.332,9.239,9.584,9.609,8.883,8.907,7.525
356.796,18.006,30.704,-13.876,-3.121,-1.502,9.226,9.597,9.624,9.113,9.139,7.914
356.808,12.272,25.240,-6.630,-3.985,-1.779,9.164,9.553,9.583,9.264,9.294,8.238
356.820,1.834,19.186,3.137,-4.308,-2.105,8.932,9.329,9.363,9.333,9.367,8.492
356.833,-5.372,12.275,8.075,-4.145,-2.389,8.682,9.079,9.116,9.290,9.327,8.667
356.845,-12.033,5.337,4.783,-3.940,-2.599,8.351,8.744,8.784,9.160,9.199,8.753
356.857,-19.425,-1.546,-29.634,-4.172,-2.766,7.928,8.325,8.366,8.949,8.991,8.755
356.869,-24.385,-8.243,-77.339,-4.929,-2.967,7.491,7.909,7.953,8.660,8.703,8.672
356.882,-29.426,-14.322,-83.776,-6.406,-3.285,6.997,7.443,7.491,8.312,8.360,8.512
356.894,-32.858,-19.534,-42.215,-7.932,-3.774,6.555,7.021,7.074,7.923,7.977,8.285
356.906,-38.278,-24.893,3.027,-8.710,-4.356,5.974,6.439,6.500,7.458,7.519,7.988
356.918,-43.314,-29.735,20.051,-8.638,-4.907,5.451,5.894,5.962,6.957,7.024,7.634
356.931,-47.064,-34.580,17.284,-7.963,-5.307,4.870,5.288,5.360,6.393,6.465,7.218
356.943,-52.513,-39.545,-26.223,-7.621,-5.555,4.136,4.549,4.624,5.768,5.844,6.744
356.955,-53.416,-44.123,-74.642,-8.300,-5.790,3.406,3.839,3.917,5.089,5.167,6.208
356.967,-52.505,-46.784,-80.276,-11.159,-6.199,2.820,3.274,3.357,4.429,4.513,5.631
356.980,-47.373,-47.589,-50.868,-13.677,-6.960,2.418,2.881,2.974,3.800,3.892,5.032
356.990,-43.388,-46.692,-7.714,-13.278,-7.578,2.204,2.642,2.742,3.342,3.442,4.547
357.002,-43.810,-45.952,8.585,-10.301,-8.007,1.608,2.008,2.114,2.771,2.876,3.959
357.014,-44.236,-45.226,42.348,-6.908,-8.070,1.037,1.421,1.527,2.215,2.321,3.382
357.026,-41.895,-44.141,72.183,-3.331,-7.722,0.637,0.985,1.087,1.686,1.788,2.816
357.039,-38.090,-42.420,66.789,-0.603,-7.035,0.350,0.659,0.753,1.204,1.297,2.271
357.051,-31.220,-39.752,28.217,0.962,-6.151,0.177,0.469,0.551,0.780,0.863,1.755
357.063,-22.779,-35.340,-38.942,0.661,-5.322,0.170,0.475,0.548,0.458,0.531,1.282
357.075,-10.549,-28.765,-23.395,-1.013,-4.723,0.422,0.731,0.796,0.270,0.335,0.885
357.088,-1.734,-21.481,-9.359,-1.442,-4.301,0.629,0.932,0.993,0.188,0.249,0.574
357.100,2.381,-14.087,12.553,-0.881,-3.933,0.803,1.104,1.161,0.203,0.260,0.356
357.112,5.584,-8.303,38.239,0.510,-3.479,0.929,1.225,1.277,0.246,0.298,0.216
357.124,9.258,-2.942,46.930,1.868,-2.883,1.212,1.478,1.524,0.349,0.394,0.145
357.136,15.727,2.236,21.940,2.637,-2.216,1.616,1.875,1.913,0.510,0.548,0.139
357.149,21.762,7.599,-18.598,2.785,-1.570,2.052,2.322,2.353,0.744,0.776,0.199
357.161,27.805,13.074,-24.333,2.751,-0.977,2.478,2.763,2.787,1.040,1.065,0.324
357.173,32.629,18.762,-5.755,3.416,-0.419,2.996,3.287,3.305,1.416,1.435,0.520
357.185,33.256,23.269,15.726,5.137,0.220,3.373,3.651,3.662,1.817,1.828,0.778
357.198,35.071,26.839,32.758,6.868,0.966,3.812,4.071,4.074,2.236,2.239,1.084
357.210,36.051,29.859,28.379,7.634,1.712,4.330,4.565,4.559,2.686,2.680,1.433
357.222,39.472,32.654,14.744,7.408,2.352,4.954,5.191,5.177,3.169,3.155,1.821
357.235,40.957,35.078,-8.931,6.749,2.873,5.521,5.771,5.751,3.667,3.646,2.236
357.247,43.149,37.394,11.917,7.077,3.320,6.099,6.357,6.331,4.183,4.157,2.678
357.259,39.933,38.622,23.341,7.775,3.818,6.468,6.731,6.699,4.691,4.660,3.145
357.271,39.347,38.765,12.121,7.319,4.254,6.887,7.169,7.133,5.172,5.136,3.619
357.284,40.091,38.974,-12.756,5.530,4.484,7.363,7.668,7.629,5.654,5.615,4.094
357.296,36.107,38.736,-13.505,4.156,4.508,7.728,8.048,8.008,6.126,6.086,4.570
357.308,27.897,36.173,-2.041,3.864,4.447,7.802,8.125,8.087,6.505,6.466,5.030
357.320,21.844,32.139,-2.665,3.871,4.385,7.813,8.140,8.102,6.785,6.747,5.439
357.332,16.399,27.668,-6.768,3.402,4.315,7.795,8.128,8.092,6.999,6.962,5.797
357.345,12.790,23.458,-21.806,1.939,4.158,7.949,8.297,8.262,7.181,7.146,6.104
357.357,11.090,19.956,-14.438,1.574,3.920,8.106,8.461,8.430,7.331,7.300,6.363
357.369,8.946,16.573,12.995,3.367,3.787,8.129,8.481,8.452,7.438,7.408,6.579
357.381,2.880,13.148,25.272,5.289,3.878,8.019,8.373,8.343,7.510,7.480,6.756
357.394,0.085,9.092,22.574,5.655,4.066,7.920,8.286,8.254,7.515,7.482,6.882
357.406,-0.888,5.860,-14.988,3.952,4.124,7.878,8.270,8.236,7.501,7.468,6.966
357.418,-4.155,2.993,-36.857,1.700,3.936,7.724,8.136,8.105,7.459,7.428,7.013
357.430,-7.298,0.315,3.384,2.410,3.681,7.549,7.951,7.923,7.383,7.355,7.025
357.443,-15.510,-4.083,37.579,4.615,3.696,7.055,7.448,7.421,7.214,7.186,6.993
357.455,-19.453,-8.520,32.906,5.167,3.837,6.674,7.059,7.030,6.987,6.957,6.905
357.465,-20.838,-11.443,-23.092,3.978,3.911,6.471,6.880,6.850,6.789,6.758,6.799
357.477,-24.782,-15.399,5.186,4.851,3.976,5.991,6.395,6.363,6.490,6.458,6.625
357.489,-34.522,-20.275,59.338,7.254,4.250,5.291,5.671,5.637,6.117,6.083,6.399
357.502,-34.644,-24.686,-1.138,7.242,4.613,4.822,5.216,5.177,5.696,5.657,6.115
357.514,-35.646,-27.928,-7.596,6.106,4.776,4.412,4.822,4.780,5.278,5.236,5.790
357.526,-33.631,-29.983,10.291,6.397,4.939,4.096,4.510,4.466,4.862,4.818,5.434
357.537,-33.848,-31.037,21.981,7.446,5.154,3.736,4.159,4.112,4.487,4.441,5.085
357.548,-33.567,-31.718,-20.165,6.290,5.303,3.339,3.785,3.737,4.131,4.083,4.747
357.560,-34.858,-32.553,-7.187,5.790,5.362,2.856,3.313,3.263,3.713,3.664,4.354
357.572,-32.942,-32.999,4.753,5.682,5.387,2.506,2.970,2.920,3.302,3.252,3.955
357.585,-26.388,-31.752,5.350,5.383,5.414,2.353,2.821,2.772,2.943,2.893,3.560
357.597,-19.780,-28.567,-15.088,4.407,5.338,2.297,2.772,2.724,2.673,2.625,3.196
357.609,-15.741,-25.009,-28.085,3.860,5.217,2.143,2.631,2.584,2.453,2.406,2.872
357.621,-11.049,-20.921,18.928,4.348,5.072,2.137,2.630,2.585,2.297,2.252,2.592
357.634,-4.365,-16.264,9.373,5.491,5.114,2.265,2.756,2.710,2.214,2.168,2.368
357.646,-0.180,-11.411,11.144,5.494,5.141,2.412,2.906,2.860,2.202,2.156,2.205
357.658,6.804,-6.420,8.238,5.521,5.170,2.725,3.229,3.183,2.256,2.210,2.103
357.670,12.211,-1.138,-3.381,4.162,5.137,3.022,3.539,3.493,2.379,2.333,2.064
357.683,15.051,3.535,-37.549,2.265,4.863,3.228,3.775,3.732,2.541,2.498,2.085
357.695,16.049,7.445,-18.145,1.363,4.527,3.431,3.983,3.945,2.730,2.691,2.157
357.707,13.393,9.528,12.601,2.536,4.245,3.522,4.069,4.035,2.904,2.870,2.267
357.719,14.127,10.935,32.338,4.774,4.217,3.706,4.249,4.215,3.073,3.039,2.395
357.732,11.578,11.394,18.209,5.205,4.320,3.778,4.336,4.301,3.230,3.195,2.534
357.744,10.519,11.328,-9.682,3.543,4.305,3.896,4.476,4.441,3.372,3.337,2.676
357.756,12.577,11.555,-44.606,1.523,4.060,4.083,4.690,4.658,3.515,3.483,2.817
357.769,11.349,11.797,-21.854,1.324,3.752,4.169,4.776,4.747,3.659,3.631,2.960
357.779,9.631,11.258,14.445,2.307,3.614,4.184,4.781,4.755,3.753,3.726,3.075
357.791,11.190,11.088,0.228,1.655,3.401,4.359,4.960,4.936,3.878,3.854,3.210
357.803,8.511,10.708,-20.571,-0.117,3.053,4.427,5.045,5.025,4.000,3.980,3.343
357.815,8.289,10.164,-31.959,-1.219,2.564,4.488,5.116,5.101,4.097,4.082,3.467
357.827,4.671,8.908,-5.082,-0.742,2.164,4.399,5.015,5.005,4.162,4.152,3.579
357.840,-2.767,5.646,-19.454,-1.146,1.851,4.075,4.691,4.685,4.140,4.134,3.661
357.852,-2.330,3.193,-30.296,-1.585,1.549,4.080,4.710,4.709,4.107,4.106,3.709
357.864,-1.870,1.607,-6.410,-0.481,1.312,4.073,4.704,4.706,4.076,4.078,3.732
357.876,-0.236,0.814,-2.572,0.640,1.243,4.107,4.756,4.758,4.059,4.061,3.741
357.888,2.668,0.903,-17.962,1.088,1.227,4.211,4.873,4.876,4.066,4.069,3.746
357.901,4.245,1.613,-5.395,0.764,1.157,4.298,4.972,4.976,4.100,4.103,3.757
357.913,1.083,1.763,10.071,3.032,1.328,4.177,4.841,4.843,4.120,4.121,3.772
357.925,-1.020,1.033,12.199,4.180,1.700,4.081,4.724,4.722,4.110,4.108,3.784
357.937,-1.872,0.041,-27.737,2.865,1.926,3.981,4.650,4.645,4.082,4.077,3.785
357.950,-3.699,-0.957,-16.209,1.214,1.900,3.888,4.574,4.570,4.044,4.039,3.775
357.962,-3.928,-1.626,6.691,0.746,1.717,3.841,4.541,4.538,4.000,3.997,3.755
357.974,-8.649,-3.075,42.716,1.790,1.594,3.570,4.300,4.299,3.920,3.919,3.721
357.986,-7.210,-4.486,36.317,2.579,1.636,3.516,4.245,4.243,3.820,3.819,3.668
357.999,-4.498,-4.886,-30.740,1.052,1.672,3.543,4.281,4.279,3.745,3.744,3.605
358.011,-2.091,-4.349,-70.315,-2.297,1.418,3.600,4.369,4.370,3.702,3.704,3.545
358.023,0.290,-3.145,-28.193,-4.180,0.799,3.721,4.498,4.506,3.688,3.696,3.495
358.035,0.014,-1.876,5.664,-3.108,0.231,3.783,4.553,4.568,3.690,3.705,3.460
358.048,0.103,-1.432,-37.754,-2.399,-0.027,3.744,4.519,4.537,3.674,3.692,3.434
358.060,2.396,-0.368,-6.228,-1.931,-0.290,3.843,4.612,4.633,3.685,3.706,3.416
358.072,5.135,1.272,30.142,-0.019,-0.411,4.046,4.802,4.824,3.736,3.758,3.416
358.084,5.798,2.491,-5.320,1.040,-0.192,4.103,4.854,4.874,3.791,3.810,3.433
358.097,5.773,3.780,2.886,1.259,-0.001,4.200,4.949,4.967,3.866,3.884,3.466
358.109,6.535,4.660,25.098,2.713,0.293,4.307,5.052,5.067,3.941,3.956,3.511
358.121,5.610,4.703,-12.953,2.780,0.711,4.273,5.002,5.013,3.993,4.004,3.562
358.133,6.389,5.053,10.127,2.515,0.917,4.350,5.092,5.100,4.060,4.068,3.616
358.146,4.006,4.675,19.819,3.059,1.160,4.251,4.994,5.000,4.101,4.107,3.669
358.158,1.142,3.419,-12.293,2.929,1.447,4.104,4.819,4.822,4.104,4.107,3.712
358.170,-1.818,2.304,18.829,2.933,1.570,4.006,4.743,4.744,4.103,4.104,3.742
358.182,-6.113,0.213,25.084,3.893,1.808,3.786,4.512,4.511,4.047,4.046,3.751
358.195,-5.702,-1.777,-20.245,3.830,2.119,3.699,4.401,4.396,3.967,3.961,3.734
358.207,-5.526,-2.967,12.863,3.758,2.279,3.575,4.307,4.300,3.893,3.886,3.700
358.219,-4.245,-3.194,27.547,4.560,2.493,3.545,4.272,4.262,3.840,3.831,3.657
358.231,-1.874,-3.182,2.864,5.415,2.838,3.503,4.215,4.201,3.791,3.777,3.612
358.244,-0.654,-2.512,-13.928,5.464,3.170,3.448,4.149,4.130,3.769,3.750,3.573
358.256,1.822,-1.174,46.192,5.722,3.412,3.514,4.207,4.185,3.781,3.760,3.547
358.268,1.973,0.135,52.045,7.290,3.730,3.594,4.262,4.236,3.818,3.793,3.540
358.280,5.857,1.524,32.380,8.474,4.178,3.743,4.400,4.368,3.869,3.837,3.548
358.293,9.340,3.806,-7.893,8.364,4.636,3.998,4.660,4.621,3.981,3.942,3.582
358.305,12.679,6.385,-76.747,6.943,4.940,4.239,4.947,4.904,4.129,4.086,3.646
358.317,18.795,9.877,-37.246,4.669,5.013,4.714,5.440,5.396,4.343,4.299,3.749
358.329,22.818,13.560,-8.041,3.148,4.854,5.164,5.897,5.855,4.605,4.563,3.896
358.341,22.895,16.675,10.084,2.917,4.597,5.511,6.245,6.206,4.891,4.852,4.084
358.354,21.157,18.281,23.862,3.787,4.418,5.738,6.472,6.435,5.159,5.123,4.302
358.366,17.884,18.517,38.890,5.184,4.408,5.846,6.583,6.547,5.391,5.355,4.526
358.378,13.246,17.353,51.933,6.436,4.558,5.881,6.611,6.573,5.576,5.538,4.744
358.391,12.430,16.121,52.239,6.857,4.774,6.085,6.802,6.761,5.744,5.704,4.946
358.403,10.770,14.499,45.606,6.587,4.966,6.188,6.896,6.853,5.882,5.839,5.131
358.415,11.313,13.267,6.116,5.517,5.058,6.355,7.068,7.024,6.013,5.969,5.298
358.427,8.637,12.008,-6.836,4.241,5.001,6.387,7.102,7.059,6.127,6.084,5.450
358.440,6.165,10.452,0.306,3.789,4.861,6.424,7.133,7.092,6.215,6.173,5.586
358.452,-1.362,7.428,15.894,4.257,4.746,6.179,6.892,6.852,6.228,6.188,5.691
358.464,-8.321,3.308,29.305,4.919,4.743,5.870,6.592,6.552,6.163,6.123,5.751
358.476,-14.064,-1.554,4.712,4.200,4.708,5.516,6.257,6.217,6.017,5.977,5.756
358.488,-13.895,-5.381,-16.693,2.608,4.516,5.397,6.147,6.110,5.849,5.812,5.707
358.501,-17.524,-8.619,-12.264,1.343,4.195,5.121,5.871,5.837,5.657,5.623,5.617
358.513,-21.053,-11.946,-1.135,1.143,3.828,4.790,5.540,5.512,5.418,5.389,5.485
358.525,-28.866,-16.864,7.515,1.564,3.547,4.133,4.878,4.853,5.080,5.055,5.302
358.537,-34.723,-21.709,29.917,1.413,3.311,3.497,4.251,4.229,4.682,4.659,5.059
358.549,-36.418,-26.045,-33.289,-0.119,3.019,3.005,3.779,3.761,4.244,4.226,4.759
358.562,-34.960,-28.985,-44.452,-1.655,2.585,2.582,3.381,3.369,3.799,3.787,4.414
358.574,-38.232,-31.907,-28.479,-1.960,2.136,1.960,2.752,2.746,3.322,3.317,4.034
358.586,-37.015,-33.685,-25.318,-2.269,1.726,1.513,2.310,2.310,2.854,2.854,3.628
358.598,-35.391,-34.326,-46.695,-4.278,1.253,1.124,1.936,1.944,2.402,2.410,3.203
358.611,-32.024,-34.111,-68.117,-4.539,0.681,0.762,1.615,1.632,1.975,1.992,2.779
358.623,-30.976,-33.331,17.969,-1.208,0.403,0.376,1.218,1.239,1.577,1.597,2.362
358.635,-30.609,-32.675,32.977,1.470,0.456,-0.021,0.791,0.811,1.187,1.207,1.954
358.647,-27.598,-31.244,-5.989,2.021,0.624,-0.246,0.558,0.576,0.840,0.858,1.560
358.659,-19.394,-28.696,-35.828,0.832,0.739,-0.281,0.539,0.555,0.553,0.569,1.193
358.672,-14.114,-24.843,-10.321,0.298,0.720,-0.314,0.507,0.523,0.342,0.359,0.862
358.684,-6.616,-19.579,-0.579,0.762,0.726,-0.174,0.644,0.660,0.232,0.248,0.593
358.696,-4.404,-15.146,-1.989,0.420,0.722,-0.235,0.601,0.617,0.157,0.173,0.384
358.708,0.852,-10.648,-8.756,-0.853,0.550,-0.127,0.741,0.759,0.136,0.154,0.228
358.721,4.200,-6.210,-4.964,-1.194,0.327,0.027,0.897,0.918,0.170,0.191,0.128
358.733,5.246,-2.459,16.385,-0.498,0.144,0.098,0.973,0.996,0.230,0.253,0.076
358.745,8.304,0.501,42.596,1.282,0.163,0.237,1.077,1.100,0.302,0.324,0.063
358.757,13.199,4.104,20.641,2.471,0.374,0.545,1.347,1.367,0.435,0.455,0.089
358.768,22.414,8.953,3.753,2.756,0.632,1.115,1.917,1.934,0.656,0.673,0.166
358.780,30.320,14.803,-11.964,2.570,0.923,1.678,2.485,2.499,0.983,0.996,0.313
358.793,33.055,20.245,-14.202,2.344,1.180,2.085,2.888,2.898,1.365,1.376,0.531
358.805,30.308,23.821,-5.321,2.306,1.351,2.345,3.136,3.145,1.747,1.755,0.802
358.817,26.874,25.362,20.204,2.896,1.472,2.540,3.333,3.340,2.092,2.099,1.101
358.829,21.790,24.735,41.436,4.610,1.723,2.625,3.400,3.404,2.381,2.385,1.409
358.842,18.209,23.324,60.398,6.693,2.203,2.813,3.565,3.563,2.637,2.635,1.702
358.854,19.272,21.806,5.854,7.175,2.792,3.077,3.836,3.826,2.870,2.860,1.976
358.866,18.640,20.833,-35.776,5.098,3.195,3.271,4.053,4.038,3.104,3.089,2.236
358.878,18.710,20.245,-78.306,3.484,3.298,3.492,4.321,4.305,3.338,3.322,2.487
358.890,18.586,19.508,-37.930,1.787,3.202,3.689,4.541,4.526,3.557,3.542,2.728
358.903,18.824,19.303,7.467,1.897,3.001,3.968,4.819,4.807,3.786,3.774,2.965
358.915,18.668,19.387,24.221,3.340,2.935,4.207,5.058,5.047,4.022,4.011,3.202
358.927,15.911,18.808,50.364,4.935,3.083,4.340,5.182,5.168,4.236,4.222,3.432
358.939,16.642,17.877,16.511,5.080,3.298,4.512,5.354,5.338,4.424,4.408,3.652
358.952,22.482,18.913,-13.496,4.790,3.465,4.995,5.849,5.831,4.678,4.660,3.873
358.964,23.856,20.376,2.031,5.127,3.657,5.350,6.206,6.185,4.966,4.945,4.113
358.976,20.536,20.819,13.481,6.297,3.944,5.449,6.298,6.274,5.229,5.204,4.363
358.988,19.621,20.406,36.768,7.706,4.328,5.568,6.401,6.372,5.459,5.430,4.610
359.001,18.240,20.058,14.592,8.599,4.767,5.813,6.652,6.617,5.706,5.671,4.859
359.013,17.806,19.524,-10.933,7.725,5.146,6.123,6.976,6.936,5.943,5.903,5.101
359.025,19.722,19.380,-9.671,6.498,5.365,6.408,7.266,7.224,6.174,6.131,5.337
359.037,15.000,18.641,5.076,6.743,5.512,6.435,7.293,7.248,6.383,6.339,5.569
359.050,10.417,16.511,74.635,9.073,5.797,6.427,7.251,7.203,6.530,6.482,5.780
359.062,9.259,14.408,44.689,9.082,6.212,6.566,7.368,7.315,6.658,6.604,5.967
359.074,12.418,13.308,9.366,7.868,6.456,6.902,7.703,7.646,6.801,6.745,6.138
359.086,11.303,13.086,-11.513,5.253,6.410,7.064,7.875,7.819,6.958,6.902,6.300
359.099,9.221,12.129,-31.185,3.486,6.127,7.082,7.912,7.860,7.076,7.024,6.452
359.111,4.077,10.147,-8.428,3.168,5.782,6.927,7.757,7.709,7.140,7.092,6.584
359.123,-2.812,6.718,15.634,3.913,5.544,6.673,7.497,7.452,7.130,7.085,6.683
359.135,-5.204,3.159,14.185,4.360,5.408,6.580,7.402,7.359,7.075,7.033,6.738
359.148,-9.494,-0.287,7.069,4.520,5.297,6.356,7.182,7.140,6.981,6.939,6.750
359.160,-17.063,-4.630,16.420,4.779,5.207,5.929,6.758,6.717,6.809,6.769,6.714
359.172,-24.768,-9.934,56.289,5.727,5.236,5.465,6.265,6.224,6.552,6.511,6.619
359.185,-27.643,-15.361,-6.145,5.237,5.295,5.083,5.887,5.846,6.226,6.185,6.457
359.197,-26.650,-19.308,-18.004,2.835,5.111,4.866,5.664,5.625,5.892,5.853,6.239
359.209,-28.972,-22.292,-16.260,1.237,4.708,4.403,5.204,5.170,5.534,5.500,5.980
359.221,-35.418,-25.569,-4.053,1.567,4.312,3.739,4.513,4.484,5.126,5.096,5.681
359.233,-46.507,-30.840,19.110,3.208,4.103,2.840,3.601,3.574,4.620,4.593,5.338
359.245,-52.535,-36.941,3.798,3.231,4.025,2.023,2.786,2.760,4.008,3.982,4.915
359.258,-47.351,-40.849,-46.758,2.715,3.913,1.611,2.395,2.371,3.407,3.383,4.436
359.270,-48.510,-43.400,-1.274,2.568,3.760,0.989,1.774,1.752,2.812,2.790,3.918
359.282,-51.607,-45.456,14.317,3.631,3.691,0.282,1.071,1.049,2.207,2.185,3.375
359.294,-53.701,-47.905,27.062,4.322,3.747,-0.420,0.358,0.336,1.560,1.538,2.801
359.307,-55.244,-50.044,-21.773,3.471,3.742,-1.146,-0.353,-0.375,0.894,0.871,2.199
359.319,-57.413,-52.244,-10.599,3.246,3.712,-1.931,-1.134,-1.156,0.196,0.175,1.569
359.331,-54.652,-53.634,39.924,3.390,3.651,-2.567,-1.778,-1.799,-0.495,-0.516,0.923
359.343,-48.518,-52.701,-25.574,3.070,3.602,-2.998,-2.208,-2.228,-1.118,-1.138,0.275
359.355,69.792,-25.666,-16.901,-1.257,3.188,0.397,1.198,1.181,-0.926,-0.944,-0.224
359.368,59.427,4.353,-35.381,0.252,2.209,1.341,2.117,2.105,-0.048,-0.060,-0.310
359.378,35.320,19.363,-59.225,2.210,2.075,1.330,2.069,2.058,0.449,0.438,-0.165
359.389,22.706,22.578,-1.900,3.368,2.241,1.432,2.125,2.113,0.769,0.757,0.069
359.400,13.377,20.391,10.848,3.812,2.440,1.469,2.158,2.143,0.968,0.953,0.302
359.410,6.908,16.155,23.457,4.221,2.593,1.436,2.126,2.109,1.078,1.061,0.499
359.421,2.670,11.483,6.338,5.031,2.791,1.400,2.074,2.053,1.129,1.109,0.649
359.431,1.493,7.566,-11.269,5.745,3.071,1.376,2.042,2.016,1.149,1.124,0.751
359.442,-24.352,0.554,17.399,12.394,3.814,0.902,1.541,1.503,1.088,1.050,0.808
359.453,-46.658,-17.218,21.972,19.124,5.634,-0.243,0.370,0.308,0.646,0.584,0.721
359.463,-20.112,-21.344,3.074,19.569,7.487,0.057,0.690,0.604,0.340,0.255,0.512
359.474,-3.696,-16.662,-15.824,20.171,9.023,0.336,0.994,0.885,0.262,0.154,0.321
359.485,-9.980,-12.257,-21.804,17.347,10.178,0.199,0.902,0.775,0.253,0.126,0.191
359.495,-30.684,-18.286,14.003,17.014,11.097,-0.555,0.148,0.009,0.018,-0.121,0.053
359.506,29.141,-8.410,22.303,6.182,10.573,1.123,1.851,1.717,0.097,-0.036,-0.077
359.517,47.953,7.577,-34.054,8.750,10.265,2.112,2.820,2.689,0.542,0.412,-0.060
359.528,55.954,22.489,1.957,9.771,10.169,2.981,3.680,3.551,1.145,1.016,0.127
359.538,44.478,30.840,25.341,11.740,10.240,3.277,3.956,3.826,1.705,1.575,0.441
359.549,28.648,31.992,26.470,13.589,10.475,3.267,3.935,3.802,2.115,1.982,0.804
359.560,4.253,26.354,-16.014,14.644,10.918,2.867,3.527,3.387,2.322,2.182,1.141
359.571,-40.167,10.041,-6.616,13.495,11.226,1.431,2.122,1.978,2.123,1.980,1.355
359.582,-58.632,-11.882,6.202,11.031,11.386,0.167,0.857,0.711,1.523,1.377,1.348
359.593,-51.641,-25.260,17.227,9.652,11.235,-0.232,0.486,0.342,0.943,0.799,1.149
359.604,-31.577,-29.752,3.589,7.712,10.966,-0.160,0.586,0.446,0.496,0.356,0.851
359.615,-20.427,-27.725,24.287,5.888,10.415,-0.138,0.630,0.499,0.235,0.103,0.553
359.625,-13.248,-23.801,1.825,6.739,9.964,-0.104,0.658,0.534,0.067,-0.057,0.288
359.636,5.041,-16.613,-22.469,2.127,9.248,0.301,1.094,0.978,0.034,-0.080,0.085
359.647,13.289,-7.814,14.280,4.055,8.587,0.694,1.447,1.340,0.149,0.042,-0.030
359.658,7.599,-2.155,28.454,6.431,8.272,0.725,1.441,1.338,0.273,0.171,-0.064
359.669,3.637,0.035,-5.476,4.549,7.936,0.647,1.384,1.286,0.337,0.239,-0.061
359.679,-2.622,0.035,8.386,5.121,7.592,0.519,1.249,1.156,0.352,0.259,-0.047
359.690,-8.945,-2.587,-14.945,4.175,7.226,0.306,1.047,0.959,0.295,0.207,-0.046
359.701,-10.560,-5.391,6.509,3.039,6.695,0.156,0.913,0.832,0.198,0.118,-0.075
359.711,-11.850,-7.865,-1.582,2.803,6.177,0.001,0.759,0.685,0.082,0.008,-0.132
359.721,-5.835,-8.038,-10.872,1.109,5.552,0.001,0.784,0.718,-0.010,-0.075,-0.207
359.732,0.319,-5.590,1.430,0.812,4.894,0.115,0.901,0.845,-0.033,-0.090,-0.269
359.742,3.183,-2.630,-2.859,0.979,4.366,0.199,0.982,0.932,-0.013,-0.063,-0.303
359.753,6.625,0.357,0.702,0.405,3.831,0.299,1.089,1.046,0.035,-0.007,-0.308
359.763,7.708,2.954,2.612,0.824,3.392,0.397,1.179,1.143,0.108,0.071,-0.283
359.773,9.829,5.245,0.839,0.543,3.002,0.526,1.312,1.280,0.199,0.167,-0.234
359.784,9.008,6.930,8.052,1.285,2.711,0.629,1.405,1.377,0.301,0.273,-0.165
359.794,2.639,6.129,1.525,1.442,2.536,0.551,1.323,1.297,0.360,0.335,-0.091
359.805,-1.857,3.731,1.641,1.473,2.382,0.468,1.238,1.214,0.366,0.343,-0.034
359.815,-3.879,1.072,0.129,1.479,2.262,0.395,1.164,1.142,0.337,0.315,-0.006
359.825,-3.927,-0.846,1.053,1.145,2.115,0.341,1.113,1.093,0.295,0.276,-0.002
359.836,-4.525,-2.248,0.328,1.196,1.986,0.274,1.044,1.026,0.249,0.231,-0.016
359.846,-5.668,-3.479,-1.369,0.930,1.852,0.189,0.962,0.945,0.195,0.178,-0.042
359.856,-5.755,-4.269,1.862,0.921,1.719,0.140,0.912,0.897,0.139,0.124,-0.080
359.867,-4.579,-4.514,-0.042,0.757,1.592,0.115,0.888,0.874,0.087,0.074,-0.124
359.877,-5.330,-4.729,-0.740,0.614,1.461,0.034,0.808,0.797,0.034,0.022,-0.170
359.888,-4.018,-4.609,-0.466,0.518,1.335,0.002,0.776,0.767,-0.014,-0.024,-0.217
359.898,-3.158,-4.127,0.084,0.424,1.208,0.003,0.777,0.769,-0.048,-0.056,-0.259
359.908,-1.878,-3.647,-0.656,0.320,1.089,-0.023,0.750,0.744,-0.081,-0.087,-0.298
359.919,0.409,-2.482,0.213,0.237,0.974,0.007,0.782,0.777,-0.090,-0.095,-0.329
359.929,1.140,-1.126,0.041,0.223,0.867,0.034,0.807,0.803,-0.081,-0.084,-0.346
359.939,1.479,-0.166,-0.083,0.216,0.776,0.056,0.828,0.826,-0.067,-0.069,-0.351
359.950,2.337,0.638,0.000,0.195,0.694,0.076,0.848,0.846,-0.049,-0.051,-0.347
359.960,2.938,1.424,0.460,0.210,0.625,0.108,0.878,0.878,-0.023,-0.024,-0.336
359.971,3.518,2.076,1.416,0.294,0.570,0.153,0.922,0.922,0.007,0.007,-0.317
359.981,3.638,2.607,0.752,0.311,0.532,0.186,0.953,0.953,0.042,0.043,-0.291
359.991,3.819,2.933,0.536,0.346,0.505,0.220,0.986,0.987,0.078,0.079,-0.262
360.002,3.654,3.143,1.012,0.383,0.484,0.244,1.009,1.010,0.113,0.114,-0.230
360.012,3.682,3.433,0.575,0.432,0.474,0.293,1.056,1.057,0.154,0.155,-0.195
360.023,3.534,3.456,1.168,0.474,0.471,0.314,1.075,1.076,0.189,0.190,-0.159
360.033,2.441,3.176,0.830,0.534,0.477,0.309,1.068,1.069,0.217,0.218,-0.124
360.043,1.875,2.690,1.001,0.584,0.490,0.316,1.074,1.075,0.238,0.239,-0.094
360.054,1.609,2.324,0.964,0.639,0.508,0.341,1.097,1.097,0.257,0.257,-0.067
360.064,1.555,2.156,1.041,0.681,0.531,0.374,1.128,1.129,0.277,0.277,-0.043