R
Px,I,D,Py,I,D,Pz,I,D,FFrx,y,FFdrx,y,satI,satPID,DTermC
175,25,1500,200,25,1800,600,200,0,0,0,0,7,75,10
sysTime,GRawX,GRawY,GRawZ,GPT1Y,GPT1X,GPT2X,GPT2Y,ARawX,ARawY,ARawZ,APT1Y,APT1Z,APT1X,APT2X,APT2Y,APT2Z
56.253,0.084,-0.340,-2.026,-0.327,-0.609,-0.591,-0.454,0.308,-0.079,9.872,0.274,-0.136,9.851,0.271,-0.135,9.848
56.264,-2.478,-5.467,-3.735,-1.330,-1.768,-0.675,-0.756,0.280,-0.136,9.843,0.275,-0.135,9.856,0.272,-0.135,9.850
56.276,1.427,-2.049,-3.369,-0.845,-1.338,-0.705,-0.800,0.287,-0.136,9.865,0.274,-0.130,9.860,0.273,-0.134,9.853
56.286,-5.652,4.176,-1.416,-1.106,-0.139,-0.699,-0.768,0.323,-0.158,9.836,0.280,-0.131,9.854,0.274,-0.133,9.853
56.297,1.427,-3.636,0.781,-1.125,-0.240,-0.854,-0.543,0.237,-0.122,9.865,0.272,-0.133,9.848,0.274,-0.133,9.852
56.309,6.066,-6.199,3.344,0.234,-0.446,-0.716,-0.362,0.265,-0.114,9.843,0.273,-0.138,9.850,0.274,-0.135,9.852
56.321,0.939,2.345,2.612,-0.800,0.159,-0.558,-0.192,0.287,-0.122,9.865,0.273,-0.136,9.850,0.274,-0.135,9.851
56.332,-1.014,3.199,-8.008,-0.146,1.155,-0.469,0.226,0.280,-0.122,9.850,0.274,-0.138,9.856,0.274,-0.136,9.852
56.342,4.845,1.979,-7.642,-0.494,1.133,-0.533,0.518,0.251,-0.114,9.836,0.272,-0.135,9.850,0.274,-0.136,9.852
56.354,-5.408,2.101,-7.520,-2.122,0.745,-1.031,0.597,0.301,-0.107,9.879,0.273,-0.130,9.856,0.273,-0.135,9.853
56.365,-2.845,3.077,3.954,-2.551,0.591,-1.650,0.510,0.273,-0.165,9.901,0.271,-0.133,9.861,0.273,-0.134,9.854
56.377,2.281,1.857,-1.904,-2.177,0.934,-1.949,0.635,0.273,-0.100,9.857,0.275,-0.129,9.859,0.273,-0.134,9.856
56.388,-3.821,-1.683,6.274,-1.936,-0.411,-1.831,0.321,0.273,-0.136,9.857,0.278,-0.129,9.860,0.274,-0.132,9.857
56.399,0.939,0.636,-3.003,-1.427,-0.198,-1.794,0.075,0.251,-0.114,9.829,0.273,-0.127,9.855,0.274,-0.131,9.857
56.410,-0.892,-1.561,5.786,-0.885,0.024,-1.541,-0.016,0.251,-0.122,9.836,0.271,-0.122,9.857,0.274,-0.129,9.857
56.422,2.281,-3.148,0.536,-0.956,-0.617,-1.429,-0.113,0.258,-0.122,9.843,0.271,-0.121,9.852,0.273,-0.127,9.856
56.433,-1.624,-0.340,2.978,-0.780,-0.400,-1.163,-0.234,0.280,-0.165,9.850,0.273,-0.130,9.854,0.273,-0.127,9.855
56.443,-0.159,0.025,-4.346,-0.198,0.059,-0.834,-0.173,0.265,-0.136,9.865,0.270,-0.129,9.859,0.273,-0.127,9.856
56.455,-0.892,1.368,-3.125,0.180,0.909,-0.490,0.232,0.258,-0.122,9.843,0.270,-0.127,9.862,0.272,-0.127,9.857
56.466,-1.868,2.101,6.396,-0.923,0.934,-0.507,0.448,0.280,-0.165,9.872,0.272,-0.133,9.863,0.272,-0.128,9.859
56.478,0.694,-0.706,3.588,-1.319,0.564,-0.770,0.521,0.287,-0.143,9.843,0.271,-0.130,9.856,0.272,-0.128,9.858
56.489,-1.258,-5.467,4.931,-1.655,-0.260,-1.027,0.404,0.215,-0.150,9.829,0.266,-0.131,9.853,0.271,-0.129,9.857
56.500,-1.136,-1.316,4.199,-1.072,0.172,-1.048,0.357,0.294,-0.129,9.857,0.265,-0.131,9.853,0.270,-0.129,9.856
56.511,-2.967,-4.857,-1.294,-0.760,-0.220,-0.949,0.190,0.294,-0.150,9.829,0.269,-0.137,9.846,0.269,-0.131,9.854
56.523,2.037,5.152,2.123,-0.196,0.537,-0.761,0.175,0.237,-0.158,9.829,0.264,-0.140,9.851,0.268,-0.132,9.853
56.534,-5.408,-0.584,-8.984,-0.857,-0.082,-0.628,0.127,0.273,-0.079,9.865,0.265,-0.129,9.852,0.267,-0.133,9.852
56.544,2.892,0.025,-1.782,-0.306,0.427,-0.645,0.137,0.273,-0.100,9.836,0.266,-0.126,9.850,0.267,-0.132,9.852
56.556,2.770,5.397,6.640,0.354,1.260,-0.394,0.312,0.237,-0.136,9.814,0.260,-0.132,9.852,0.266,-0.131,9.852
56.567,1.427,1.612,0.781,0.569,0.609,-0.026,0.476,0.273,-0.143,9.857,0.267,-0.133,9.852,0.266,-0.131,9.852
56.579,-3.821,-2.781,5.541,0.182,0.742,0.135,0.600,0.316,-0.129,9.829,0.272,-0.135,9.853,0.267,-0.132,9.853
56.591,-7.606,-3.025,-8.252,-0.628,0.681,0.103,0.756,0.280,-0.158,9.865,0.273,-0.144,9.853,0.269,-0.135,9.853
56.601,2.526,3.199,3.832,0.020,0.829,0.011,0.667,0.287,-0.136,9.843,0.270,-0.146,9.852,0.269,-0.137,9.853
56.612,2.037,2.833,-0.317,0.375,0.263,0.084,0.520,0.244,-0.100,9.843,0.270,-0.139,9.849,0.270,-0.139,9.852
56.624,-1.136,-0.950,2.856,0.353,-0.389,0.262,0.245,0.244,-0.136,9.814,0.264,-0.142,9.853,0.269,-0.139,9.852
56.635,-1.868,0.270,7.617,-0.205,-0.716,0.168,-0.170,0.280,-0.143,9.843,0.268,-0.137,9.851,0.269,-0.139,9.853
56.647,2.159,-3.636,-2.514,-0.082,-1.029,-0.008,-0.477,0.308,-0.143,9.850,0.268,-0.137,9.851,0.268,-0.139,9.852
56.657,-1.014,4.054,-2.026,-0.930,-0.347,-0.235,-0.585,0.258,-0.079,9.821,0.264,-0.133,9.852,0.267,-0.138,9.852
56.668,3.258,-0.340,-2.514,-0.845,-0.636,-0.565,-0.544,0.251,-0.136,9.807,0.265,-0.132,9.851,0.267,-0.137,9.852
56.680,-0.769,-1.561,4.077,-0.139,-0.446,-0.440,-0.466,0.273,-0.136,9.843,0.266,-0.124,9.852,0.267,-0.134,9.852
56.692,-3.577,-2.781,0.048,-0.037,0.070,-0.226,-0.187,0.258,-0.129,9.893,0.269,-0.123,9.857,0.267,-0.131,9.853
56.702,1.061,1.857,-1.416,1.195,0.682,0.119,0.030,0.287,-0.093,9.793,0.272,-0.122,9.849,0.268,-0.130,9.853
56.713,-2.967,-0.828,-4.956,0.335,0.042,0.339,0.089,0.251,-0.186,9.843,0.270,-0.126,9.853,0.269,-0.128,9.852
56.725,6.432,-2.537,0.658,0.530,-0.190,0.323,0.019,0.258,-0.158,9.865,0.266,-0.133,9.857,0.268,-0.128,9.853
56.736,1.183,-0.828,-6.909,1.108,-1.079,0.500,-0.240,0.251,-0.129,9.857,0.260,-0.138,9.852,0.267,-0.130,9.853
56.748,0.450,6.373,8.105,1.284,-0.495,0.792,-0.545,0.244,-0.129,9.814,0.256,-0.133,9.850,0.264,-0.132,9.853
56.758,-3.943,-1.316,7.250,0.969,0.108,0.957,-0.347,0.294,-0.165,9.836,0.263,-0.137,9.850,0.264,-0.132,9.852
56.769,0.450,4.664,0.781,0.768,1.227,0.916,-0.009,0.244,-0.129,9.922,0.262,-0.134,9.860,0.264,-0.133,9.853
56.780,-2.967,1.734,-7.153,-0.163,1.708,0.631,0.497,0.265,-0.114,9.836,0.264,-0.129,9.853,0.264,-0.132,9.853
56.791,-3.699,1.612,3.222,-0.318,1.968,0.383,0.886,0.280,-0.129,9.879,0.269,-0.131,9.858,0.264,-0.132,9.854
56.803,-2.478,-2.415,-4.101,-0.127,0.688,0.220,0.975,0.273,-0.158,9.865,0.267,-0.133,9.858,0.265,-0.132,9.854
56.814,0.328,-0.706,7.495,-0.283,0.919,0.085,1.001,0.316,-0.136,9.814,0.270,-0.135,9.854,0.266,-0.132,9.855
56.825,2.281,1.857,4.809,-0.092,0.182,-0.026,0.785,0.287,-0.122,9.865,0.271,-0.139,9.858,0.267,-0.134,9.855
56.837,3.258,6.617,-6.787,0.238,1.575,-0.023,0.876,0.280,-0.172,9.872,0.273,-0.143,9.859,0.268,-0.135,9.856
56.848,-2.845,-1.683,-0.805,0.609,1.047,0.186,0.992,0.258,-0.136,9.872,0.273,-0.145,9.863,0.269,-0.137,9.857
56.859,-1.868,-0.706,-2.881,-0.034,-0.057,0.212,0.775,0.280,-0.165,9.865,0.274,-0.146,9.863,0.270,-0.139,9.858
56.871,-0.769,2.833,-8.374,-0.716,0.004,-0.047,0.523,0.287,-0.114,9.850,0.274,-0.137,9.861,0.270,-0.139,9.859
56.882,-5.042,-3.148,5.297,-1.063,-0.051,-0.339,0.319,0.280,-0.165,9.879,0.274,-0.142,9.867,0.271,-0.139,9.860
56.894,7.775,3.810,1.635,-0.613,0.330,-0.575,0.254,0.301,-0.093,9.843,0.276,-0.140,9.864,0.272,-0.140,9.861
56.905,-0.281,0.025,3.954,0.313,-0.182,-0.348,0.104,-0.007,-0.208,10.044,0.247,-0.145,9.856,0.270,-0.141,9.859
56.916,4.235,-0.340,-4.712,0.668,0.076,-0.120,0.055,0.589,-0.143,9.606,0.281,-0.186,9.850,0.270,-0.150,9.860
56.928,2.770,0.758,-6.055,1.035,0.067,0.110,0.061,0.136,-0.071,9.901,0.246,-0.149,9.852,0.267,-0.150,9.857
56.939,0.572,9.303,10.424,0.345,0.262,0.279,-0.039,0.833,-0.905,9.563,0.277,-0.190,9.826,0.265,-0.156,9.851
56.950,-2.967,-7.908,-3.369,-0.386,-0.899,0.179,-0.136,-0.948,0.308,9.592,0.271,-0.190,9.823,0.275,-0.166,9.853
56.962,-0.403,2.955,2.612,-0.352,-1.355,0.050,-0.516,2.565,-0.452,9.972,0.391,-0.226,9.815,0.284,-0.176,9.840
56.973,-4.432,-10.594,-7.764,-0.564,-2.846,-0.039,-1.111,-1.235,-2.378,9.311,0.291,-0.290,9.805,0.298,-0.184,9.841
56.984,6.798,8.937,1.391,-0.043,-0.042,-0.193,-1.077,0.919,1.954,11.596,0.292,-0.169,9.864,0.295,-0.197,9.830
56.996,-2.356,2.467,5.908,-0.552,0.714,-0.265,-0.575,-0.165,-0.783,8.650,0.299,-0.189,9.855,0.298,-0.191,9.845
57.007,7.409,-3.270,2.734,-0.748,-0.366,-0.503,-0.425,-1.745,1.199,11.108,0.241,-0.136,9.894,0.300,-0.190,9.845
57.018,-2.723,8.571,-2.148,-0.691,0.279,-0.519,-0.336,3.003,-0.502,10.648,0.360,-0.209,9.913,0.295,-0.191,9.856
57.030,2.159,-5.711,3.588,-0.167,-0.396,-0.511,-0.256,-1.516,-0.538,9.081,0.132,-0.060,9.934,0.275,-0.167,9.878
57.041,-11.146,-6.199,2.368,-1.129,-1.334,-0.524,-0.418,-0.222,2.392,12.236,0.224,-0.113,9.942,0.270,-0.172,9.876
57.053,-1.624,13.820,7.495,-0.671,0.581,-0.612,-0.462,0.783,-3.111,7.644,0.170,-0.179,9.857,0.249,-0.157,9.886
57.064,-1.380,-1.316,-2.270,-0.121,1.300,-0.527,0.036,1.005,2.701,11.165,0.333,-0.174,9.917,0.261,-0.178,9.884
57.075,1.793,3.688,-0.683,-0.332,2.467,-0.459,0.699,1.774,-3.305,9.843,0.373,-0.320,9.832,0.276,-0.185,9.871
57.087,4.601,-0.584,1.635,0.918,2.401,-0.181,1.204,-2.011,0.740,8.859,0.231,-0.239,9.823,0.285,-0.204,9.871
57.098,4.113,-1.316,-3.613,0.897,1.888,0.095,1.538,0.819,0.136,9.829,0.386,-0.315,9.832,0.298,-0.229,9.861
57.109,1.061,-5.589,1.757,1.219,1.233,0.491,1.546,-0.301,-1.372,10.885,0.185,-0.242,9.882,0.285,-0.225,9.854
57.121,-4.432,5.641,10.058,0.399,1.776,0.676,1.590,0.186,1.264,9.469,0.154,-0.056,9.783,0.262,-0.210,9.850
57.132,8.019,2.101,2.245,0.069,0.664,0.251,1.305,-0.244,-0.754,9.592,0.241,-0.341,9.928,0.257,-0.219,9.858
57.143,-7.484,-4.368,-5.200,-0.707,-0.291,0.257,1.017,1.537,-0.646,10.978,0.400,-0.176,9.822,0.269,-0.216,9.851
57.155,-5.897,-8.031,1.391,-2.259,-1.380,-0.466,0.452,-0.574,-0.991,9.067,0.097,-0.212,9.910,0.257,-0.204,9.859
57.166,-6.019,-3.270,6.030,-2.720,-1.413,-1.029,-0.164,0.021,0.754,9.505,0.277,-0.135,9.794,0.252,-0.209,9.859
57.178,0.206,5.885,-0.439,-1.986,-0.826,-1.458,-0.487,0.524,-0.553,10.835,0.292,-0.426,9.988,0.260,-0.235,9.868
57.189,-6.385,1.857,-6.055,-0.789,0.027,-1.189,-0.420,0.948,-0.589,7.961,0.447,-0.249,9.806,0.284,-0.244,9.876
57.200,16.564,8.448,4.809,0.774,0.881,-0.915,-0.139,-0.495,-0.488,12.537,0.103,-0.263,9.927,0.270,-0.243,9.860
57.211,-9.193,-2.415,-4.101,0.167,1.374,-0.368,0.410,-0.438,2.284,7.731,0.253,-0.079,9.713,0.267,-0.239,9.860
57.223,4.723,4.298,9.448,0.385,1.123,-0.344,0.611,-0.474,-1.250,10.906,0.178,-0.295,9.966,0.256,-0.229,9.855
57.234,-12.244,-4.735,-8.008,-1.660,0.838,-0.455,0.808,2.335,0.352,9.836,0.457,-0.155,9.780,0.265,-0.222,9.857
57.246,8.263,-3.025,-1.050,-0.567,1.037,-0.755,0.933,-0.538,-1.357,11.560,0.134,-0.206,10.010,0.259,-0.202,9.857
57.257,-10.291,-1.683,0.048,-1.554,0.522,-0.774,0.848,0.438,2.098,8.234,0.231,0.050,9.762,0.247,-0.181,9.870
57.268,6.310,-3.880,6.274,-0.332,-0.054,-0.775,0.644,-0.811,-1.638,10.475,0.143,-0.194,9.918,0.242,-0.164,9.863
57.280,-12.366,-3.025,-8.740,-2.070,-0.683,-0.940,0.318,0.718,1.609,9.714,0.417,-0.179,9.776,0.261,-0.185,9.854
57.291,6.554,0.392,-2.759,-0.549,-0.629,-1.050,0.024,0.919,-2.924,9.958,0.373,-0.441,9.952,0.282,-0.198,9.865
57.302,-3.333,-0.096,-4.590,-1.239,0.412,-1.021,0.044,0.043,0.459,10.411,0.337,-0.239,9.863,0.288,-0.224,9.868
57.314,2.526,-1.561,0.414,0.593,-0.014,-0.726,0.101,0.840,-0.553,9.850,0.164,-0.219,9.935,0.270,-0.218,9.878
57.325,-4.920,4.542,1.513,-0.336,-0.094,-0.467,-0.066,-1.286,1.393,9.764,0.225,-0.104,9.772,0.267,-0.218,9.867
57.337,2.526,-3.636,2.856,0.633,0.291,-0.210,0.012,0.467,-0.675,9.211,0.276,-0.295,9.819,0.269,-0.221,9.861
57.348,4.967,7.472,8.960,0.361,0.189,-0.162,-0.071,-0.050,0.553,9.836,0.402,-0.315,9.761,0.291,-0.246,9.841
57.359,-3.821,-5.223,-3.735,-0.021,0.128,-0.053,0.108,1.688,-1.638,10.030,0.380,-0.387,9.865,0.296,-0.258,9.843
57.370,-3.455,1.246,0.903,-0.418,0.217,-0.123,0.084,1.092,-0.222,9.735,0.361,-0.285,9.825,0.306,-0.265,9.834
57.382,6.188,-1.927,1.757,0.969,1.565,0.047,0.499,-0.194,-0.883,10.411,0.191,-0.213,9.887,0.291,-0.257,9.839
57.393,2.281,0.270,-9.106,-0.062,1.450,0.106,0.791,-0.581,1.372,10.504,0.173,-0.106,9.843,0.280,-0.241,9.837
57.405,2.037,4.786,2.368,1.413,1.867,0.440,1.083,-0.021,0.553,8.852,0.136,-0.071,9.781,0.252,-0.215,9.841
57.416,-1.746,-3.025,0.414,0.539,0.801,0.618,1.143,0.000,-0.129,11.000,0.298,-0.186,9.758,0.261,-0.205,9.814
57.427,-1.624,6.617,7.739,1.511,1.589,0.825,1.151,1.393,0.840,8.392,0.372,-0.229,9.772,0.271,-0.215,9.815
57.438,0.572,-1.439,-0.805,0.541,1.400,0.869,1.307,-0.114,-1.307,10.849,0.429,-0.343,9.787,0.304,-0.227,9.801
57.450,6.920,-8.275,-0.683,1.222,0.522,0.756,1.224,1.221,-0.050,9.671,0.342,-0.271,9.854,0.304,-0.236,9.811
57.461,0.939,-2.049,-1.416,1.212,-0.296,0.917,0.864,1.616,-1.803,9.469,0.366,-0.269,9.824,0.307,-0.229,9.823
57.473,7.897,2.589,2.734,1.089,-0.506,0.797,0.344,1.027,-1.070,9.548,0.218,-0.202,9.785,0.293,-0.222,9.807
57.484,-5.652,-2.415,-6.177,-0.538,-0.975,0.579,-0.081,0.438,-0.423,9.412,0.264,-0.208,9.775,0.287,-0.223,9.809
57.495,4.601,6.129,-2.759,-1.649,-0.762,-0.137,-0.441,-1.034,0.675,10.698,0.071,-0.053,9.792,0.256,-0.192,9.807
57.507,2.037,2.223,9.448,-2.200,-1.122,-0.804,-0.687,-0.560,0.251,9.592,0.153,-0.087,9.752,0.240,-0.177,9.793
57.518,0.939,-2.293,-0.073,-2.265,-1.310,-1.314,-0.785,-1.839,0.021,9.800,0.111,-0.091,9.815,0.228,-0.163,9.799
57.529,-2.234,-0.584,9.936,-2.500,-0.707,-1.673,-0.799,0.129,0.294,9.584,0.248,-0.176,9.750,0.227,-0.163,9.797
57.541,-3.455,1.124,8.837,-2.333,0.063,-1.850,-0.573,-0.007,-0.797,10.763,0.312,-0.300,9.806,0.249,-0.192,9.778
57.552,0.206,4.298,1.025,-0.625,0.711,-1.499,-0.279,0.596,1.314,9.671,0.355,-0.200,9.868,0.266,-0.206,9.807
57.563,3.380,2.955,9.448,0.162,0.575,-1.180,-0.078,-0.021,-0.215,10.238,0.392,-0.290,9.910,0.286,-0.211,9.821
57.575,-2.967,-9.984,-6.421,0.282,0.557,-0.672,0.265,-4.332,1.717,10.576,0.243,-0.135,9.957,0.302,-0.209,9.840
57.586,-6.263,-1.194,5.297,-0.796,0.167,-0.590,0.282,1.925,-0.229,9.685,0.294,-0.288,9.918,0.286,-0.213,9.863
57.597,-0.525,-6.688,2.978,-0.477,0.002,-0.541,0.258,0.122,-1.128,9.333,0.285,-0.286,9.873,0.274,-0.218,9.878
57.609,2.892,2.589,6.274,-1.103,0.574,-0.777,0.322,0.445,-1.106,10.820,0.272,-0.245,9.905,0.274,-0.213,9.877
57.620,1.915,4.298,-7.642,-0.642,1.049,-0.849,0.441,2.579,-0.416,8.830,0.244,-0.242,9.831,0.254,-0.216,9.882
57.632,-0.769,-6.688,-4.224,-0.801,-0.108,-0.817,0.434,-0.696,-1.149,9.362,0.113,-0.207,9.795,0.238,-0.217,9.871
57.643,0.206,-1.683,-0.928,-0.516,0.764,-0.782,0.465,0.409,0.696,10.310,0.146,-0.127,9.815,0.220,-0.203,9.851
57.654,10.460,9.425,4.931,0.377,1.738,-0.592,0.688,1.092,-1.106,8.334,0.081,-0.125,9.835,0.192,-0.189,9.855
57.666,4.357,-0.340,-2.148,0.943,0.116,-0.104,0.598,-1.717,-0.136,10.353,0.057,-0.063,9.945,0.181,-0.170,9.864
57.677,-3.211,0.880,-3.979,-0.961,0.581,-0.181,0.578,0.495,0.114,9.936,0.139,-0.149,9.959,0.167,-0.164,9.883
57.688,0.206,-1.561,-2.026,-0.997,0.695,-0.436,0.633,-0.258,-0.287,10.324,0.215,-0.199,9.977,0.173,-0.170,9.906
57.700,4.235,-5.589,0.658,0.235,0.943,-0.357,0.847,-0.811,0.524,11.093,0.239,-0.148,10.024,0.194,-0.172,9.922
57.711,1.671,6.251,-6.543,0.931,1.736,0.062,0.992,0.962,-0.287,10.166,0.361,-0.250,9.983,0.221,-0.185,9.938
57.722,-5.652,-2.293,3.100,0.129,0.810,0.207,1.132,0.265,-0.079,9.570,0.413,-0.259,9.940,0.261,-0.205,9.943
57.734,4.601,0.270,2.245,1.010,0.411,0.410,0.983,0.811,0.229,10.245,0.478,-0.267,9.909,0.308,-0.224,9.930
57.745,-1.136,2.101,0.536,0.958,1.024,0.619,0.954,0.294,-1.207,9.599,0.482,-0.317,9.855,0.343,-0.238,9.915
57.756,4.113,-11.082,-5.078,1.433,-0.080,0.795,0.892,0.395,1.056,10.461,0.474,-0.297,9.849,0.370,-0.257,9.896
57.768,1.793,2.711,8.105,0.740,0.672,0.821,0.734,0.467,-0.797,9.541,0.454,-0.324,9.798,0.386,-0.270,9.878
57.779,-1.014,-0.096,10.669,-0.018,0.646,0.587,0.740,0.229,0.114,10.181,0.415,-0.298,9.785,0.390,-0.278,9.860
57.790,-4.065,-3.025,4.443,-0.304,-0.079,0.363,0.587,0.467,-0.186,9.556,0.368,-0.285,9.777,0.384,-0.276,9.844
57.802,0.084,1.857,1.025,0.320,0.058,0.386,0.424,0.359,-0.021,9.268,0.335,-0.279,9.795,0.369,-0.279,9.841
57.813,2.037,-9.495,4.321,-0.228,-0.177,0.234,0.403,0.194,-1.005,9.994,0.302,-0.270,9.817,0.353,-0.270,9.834
57.825,0.084,-0.828,2.245,0.097,0.534,0.208,0.402,1.379,0.301,9.347,0.310,-0.280,9.834,0.332,-0.269,9.839
57.836,-1.014,2.345,7.617,0.287,0.391,0.295,0.334,0.273,-0.775,9.850,0.266,-0.283,9.842,0.316,-0.268,9.841
57.847,-2.112,7.106,3.100,-0.327,1.191,0.228,0.480,0.661,0.021,10.260,0.271,-0.275,9.875,0.301,-0.268,9.848
57.858,2.281,2.101,-5.933,0.085,1.613,0.147,0.825,0.617,-0.366,9.649,0.249,-0.266,9.892,0.287,-0.264,9.860
57.870,3.258,-2.415,-3.857,0.074,1.176,0.060,1.019,0.495,0.064,10.159,0.248,-0.271,9.911,0.273,-0.262,9.871
57.881,5.089,2.101,8.715,0.667,1.333,0.155,1.077,0.775,-0.208,9.944,0.274,-0.297,9.911,0.266,-0.267,9.879
57.893,2.159,2.833,17.627,0.685,1.476,0.285,1.174,0.359,-0.244,9.836,0.293,-0.300,9.920,0.266,-0.270,9.891
57.904,4.601,2.833,13.842,1.130,1.706,0.481,1.253,0.581,-0.301,10.454,0.302,-0.312,9.930,0.272,-0.278,9.897
57.915,5.089,5.641,1.147,1.157,2.303,0.670,1.473,0.431,0.100,9.728,0.313,-0.301,9.943,0.276,-0.279,9.909
57.927,3.380,1.734,1.879,2.175,3.073,1.141,1.956,0.222,0.280,10.109,0.335,-0.299,9.944,0.287,-0.284,9.915
57.938,-0.037,-4.246,6.152,1.651,2.107,1.380,2.168,0.251,0.122,10.073,0.346,-0.282,9.941,0.294,-0.284,9.922
57.950,-1.746,0.025,5.053,0.774,1.237,1.305,1.949,-0.186,0.452,10.324,0.332,-0.264,9.961,0.304,-0.281,9.927
57.961,-5.042,2.467,0.658,0.930,1.170,1.286,1.682,0.165,-0.395,10.073,0.361,-0.274,9.999,0.311,-0.276,9.940
57.972,3.258,0.514,6.274,0.805,1.292,1.074,1.581,-0.344,0.718,10.195,0.368,-0.266,9.973,0.325,-0.275,9.948
57.984,-3.089,0.514,-0.073,0.184,1.223,0.861,1.463,-0.100,0.625,9.915,0.370,-0.272,9.948,0.336,-0.279,9.948
57.995,-1.746,-2.903,-1.172,-0.777,0.265,0.430,1.126,-0.668,0.172,10.346,0.357,-0.250,9.976,0.344,-0.273,9.952
58.006,-1.624,-3.514,-3.613,-0.683,-1.439,0.074,0.443,-0.668,1.235,10.073,0.374,-0.227,9.967,0.354,-0.272,9.955
58.018,3.258,-3.392,3.710,0.545,-0.878,0.118,0.061,-0.977,0.725,10.051,0.356,-0.211,9.966,0.365,-0.266,9.957
58.029,-7.606,3.810,3.466,-0.031,-0.927,0.203,-0.273,-1.156,0.186,10.051,0.329,-0.212,9.964,0.371,-0.260,9.958
58.041,1.915,-9.373,2.490,-0.126,-2.217,0.100,-0.681,-0.646,-0.129,10.080,0.299,-0.207,9.969,0.366,-0.252,9.957
58.052,-4.554,6.251,2.368,-0.151,-0.877,0.093,-0.952,-0.416,0.280,9.857,0.294,-0.222,9.949,0.363,-0.254,9.954
58.063,-1.136,1.002,0.414,-0.065,-0.117,0.104,-0.710,-1.142,0.107,9.563,0.263,-0.231,9.919,0.363,-0.259,9.949
58.074,0.817,3.932,5.541,-0.457,0.212,-0.031,-0.535,-1.609,0.114,9.778,0.141,-0.122,9.907,0.348,-0.243,9.938
58.086,-6.263,1.490,1.635,-1.497,0.196,-0.325,-0.359,0.244,-1.063,9.477,0.015,-0.074,9.892,0.297,-0.203,9.933
58.097,6.310,5.152,1.025,-0.972,0.940,-0.647,-0.125,1.666,-2.227,9.972,-0.229,-0.060,9.905,0.185,-0.149,9.926
58.109,4.479,-0.340,2.368,-1.243,1.111,-0.941,0.245,6.581,-2.651,9.031,-0.229,-0.176,9.877,0.040,-0.119,9.922
58.120,4.967,2.345,-3.369,-0.731,1.164,-1.075,0.485,5.525,1.027,9.865,0.178,-0.436,9.841,-0.021,-0.172,9.908
58.131,5.822,1.612,-0.439,0.524,1.942,-0.776,0.882,-2.054,4.346,9.405,0.513,-0.480,9.830,0.064,-0.275,9.894
58.143,-5.897,-2.171,-3.369,0.295,1.774,-0.350,1.332,-6.588,3.003,9.965,0.627,-0.171,9.805,0.246,-0.320,9.876
58.154,-5.652,6.007,0.048,-0.178,1.613,-0.094,1.450,-2.191,-4.598,10.612,0.238,-0.023,9.817,0.323,-0.241,9.858
58.166,-2.356,2.223,-11.548,-0.240,0.702,-0.087,1.194,7.185,-4.605,9.778,0.069,-0.137,9.827,0.228,-0.149,9.848
58.177,-0.769,-1.316,-6.665,-0.172,-0.253,-0.113,0.774,1.444,3.966,9.908,0.542,-0.429,9.956,0.224,-0.213,9.858
58.189,1.549,0.514,10.302,0.261,0.793,-0.042,0.879,-7.220,2.011,9.125,0.321,-0.207,9.870,0.332,-0.273,9.879
58.200,-7.117,4.420,-5.933,-0.213,1.395,0.083,1.079,4.612,-6.301,11.194,0.214,-0.260,9.900,0.318,-0.221,9.872
58.211,-0.525,9.303,-6.665,-0.973,1.755,-0.157,1.144,3.815,2.327,9.218,0.340,-0.332,9.865,0.242,-0.241,9.875
58.223,-2.112,-7.176,18.115,-0.780,1.131,-0.441,1.358,-8.155,1.278,9.038,0.449,-0.288,9.829,0.365,-0.303,9.869
58.234,-1.624,4.420,-7.886,-1.175,-0.499,-0.695,0.925,9.793,-8.104,10.087,0.286,-0.404,9.786,0.306,-0.242,9.857
58.246,4.601,-3.270,-10.816,-0.718,-1.274,-0.839,0.200,-3.333,4.835,7.867,0.495,-0.404,9.784,0.312,-0.318,9.849
58.257,0.694,-8.519,7.006,-0.103,-0.982,-0.629,-0.027,-2.004,-3.987,13.163,0.511,-0.494,9.922,0.423,-0.343,9.844
58.269,-10.047,9.181,0.903,-1.140,-0.903,-0.589,-0.509,7.709,-1.113,8.169,0.496,-0.617,9.952,0.353,-0.367,9.855
58.280,-0.525,-8.153,-2.026,-1.310,-1.988,-0.787,-0.814,-6.480,1.199,8.988,0.340,-0.549,9.947,0.412,-0.450,9.911
58.291,2.526,-1.439,14.087,-1.662,-1.241,-1.051,-0.963,3.211,-1.444,15.340,0.263,-0.444,10.035,0.367,-0.428,9.879
58.303,-9.315,-1.072,-7.520,-1.396,-1.922,-1.055,-1.174,-1.789,2.133,2.148,0.238,-0.265,9.853,0.349,-0.427,9.938
58.314,6.676,4.786,10.180,-0.997,-0.709,-1.056,-1.184,1.027,-1.997,15.684,0.226,-0.335,9.714,0.320,-0.387,9.882
58.326,15.343,6.373,-7.520,1.492,1.496,-0.700,-0.609,-1.674,0.862,6.524,0.346,-0.281,9.968,0.347,-0.384,9.874
58.337,-4.310,0.880,11.157,0.969,0.601,0.067,-0.207,3.657,-1.645,8.478,0.197,-0.226,9.852,0.287,-0.347,9.934
58.349,-5.774,3.932,-6.665,0.574,0.865,0.182,0.152,-5.920,1.796,11.136,0.284,-0.395,9.857,0.349,-0.363,9.872
58.360,-2.356,2.345,1.147,0.476,1.164,0.449,0.361,6.085,-0.352,9.915,0.442,-0.128,9.950,0.296,-0.324,9.919
58.371,17.907,-1.072,-4.468,1.661,1.062,0.456,0.701,-9.778,1.444,12.997,0.148,-0.151,9.990,0.374,-0.297,9.872
58.383,-11.634,12.477,3.832,1.079,2.513,0.952,1.077,9.031,-0.955,8.384,0.582,-0.267,9.843,0.314,-0.277,9.912
58.394,5.577,-1.927,-5.078,-0.047,2.615,0.605,1.552,-11.072,-1.199,11.905,0.464,-0.094,9.863,0.452,-0.244,9.866
58.406,-2.478,6.862,12.866,2.373,2.535,1.139,1.822,10.188,3.175,10.360,0.429,-0.207,9.920,0.343,-0.251,9.878
58.417,5.577,-1.316,-12.158,1.299,2.284,1.228,2.119,-9.103,-5.863,8.765,0.048,-0.405,9.785,0.403,-0.248,9.882
58.429,-3.821,18.092,6.884,1.220,2.721,1.348,1.957,7.450,5.431,10.332,0.058,-0.250,9.837,0.231,-0.275,9.850
58.440,6.920,-6.688,-6.177,2.764,2.773,1.722,2.464,-7.379,-6.035,8.341,0.012,-0.227,9.766,0.289,-0.239,9.879
58.452,13.756,17.116,16.894,4.273,1.834,2.258,2.031,3.822,6.215,9.836,-0.034,-0.041,9.718,0.153,-0.231,9.797
58.463,-0.647,-5.711,-5.810,4.025,1.554,3.030,2.180,-0.517,-5.345,13.852,0.273,-0.062,10.020,0.213,-0.169,9.877
58.475,3.990,8.571,-6.177,2.872,1.429,2.985,1.689,2.636,4.655,6.667,0.333,-0.084,10.164,0.189,-0.186,9.883
58.486,2.281,-15.965,10.302,1.699,0.736,2.937,1.796,-0.625,-4.433,20.412,0.304,-0.262,10.573,0.232,-0.170,10.021
58.497,-9.681,-11.082,1.635,-0.208,-1.078,1.841,0.961,-0.696,1.789,2.493,0.231,-0.268,10.500,0.254,-0.198,10.106
58.509,-9.925,-8.031,-6.055,-2.482,-1.378,1.170,0.504,-1.408,-2.737,22.934,0.387,-0.192,10.401,0.256,-0.186,10.129
58.520,-32.509,3.932,-13.501,-3.004,-0.365,0.135,0.052,8.334,1.745,-4.763,0.571,-0.183,10.157,0.306,-0.183,10.208
58.532,14.611,-8.641,7.495,-1.743,0.394,-0.656,0.309,-8.564,-1.997,21.418,0.427,-0.112,10.090,0.367,-0.183,10.098
58.543,-21.278,3.932,2.856,-1.512,0.517,-0.821,0.269,11.280,3.930,3.542,0.913,0.033,9.967,0.419,-0.143,10.153
58.555,26.208,0.514,-7.153,-0.821,1.154,-1.216,0.479,-11.711,-5.510,12.818,0.763,-0.072,9.968,0.567,-0.126,10.053
58.566,-12.000,4.420,0.048,-0.316,-0.642,-0.696,0.157,10.806,5.726,14.837,0.733,-0.080,10.000,0.504,-0.130,10.037
58.578,8.873,-22.557,6.152,-0.543,-1.174,-0.913,0.070,-7.716,-4.598,2.069,0.438,-0.221,9.611,0.600,-0.126,10.014
58.589,2.037,19.069,3.710,-0.287,1.008,-0.716,-0.064,6.092,6.100,18.393,0.465,-0.266,9.995,0.486,-0.189,9.904
58.600,-9.925,-0.584,-11.670,-1.288,0.809,-0.595,0.286,2.148,-5.582,9.319,0.434,-0.483,9.780,0.507,-0.201,9.954
58.612,16.686,9.303,-5.322,1.669,1.803,-0.458,0.533,-2.859,0.833,3.650,0.125,-0.384,9.266,0.435,-0.277,9.786
58.623,10.949,4.420,8.349,0.694,1.937,0.111,1.084,2.529,-2.830,21.088,0.215,-0.424,9.411,0.381,-0.279,9.705
58.635,-21.156,-13.768,-7.520,-1.268,1.106,-0.188,1.146,1.027,-1.235,-11.603,0.310,-0.532,8.894,0.368,-0.337,9.632
58.646,31.091,6.373,-7.031,2.879,2.209,0.265,1.511,-2.284,-1.968,32.792,0.312,-0.393,9.273,0.352,-0.338,9.400
58.658,-41.420,1.124,9.326,1.057,2.338,1.066,1.557,7.407,6.401,-10.116,0.553,-0.074,8.529,0.337,-0.337,9.421
58.669,50.012,18.825,10.058,2.315,3.501,0.216,1.760,-4.232,-6.351,12.121,0.303,-0.461,8.660,0.425,-0.307,9.095
58.680,-14.564,-25.243,-14.112,2.398,0.537,1.886,2.157,-1.695,-0.287,18.386,0.345,-0.492,9.073,0.343,-0.372,9.147
58.692,-44.594,-1.439,-14.722,0.414,1.601,1.549,1.834,14.212,7.853,-10.791,0.999,-0.046,8.418,0.391,-0.334,9.085
58.703,56.238,20.046,-4.834,4.162,3.520,1.486,2.266,1.781,-7.723,18.185,1.225,-0.067,8.468,0.597,-0.235,8.863
58.715,0.572,-18.529,-5.322,2.458,1.731,2.299,2.577,-8.471,-0.625,9.541,0.644,-0.057,8.938,0.643,-0.252,8.925
58.726,-13.587,-7.176,-13.135,0.554,0.810,1.929,2.022,-1.501,8.686,6.610,0.544,0.421,9.068,0.604,-0.184,8.935
58.738,-6.385,6.739,-7.764,-0.955,-1.013,1.203,1.143,6.516,9.678,14.851,0.550,0.660,9.498,0.569,-0.019,9.018
58.749,-15.662,-5.223,-20.948,-0.214,-2.597,0.652,0.168,9.060,0.553,4.232,0.755,0.473,9.729,0.598,0.137,9.214
58.761,1.549,2.223,-18.140,1.476,-2.254,0.577,-0.662,2.227,-5.704,6.495,0.807,-0.109,9.791,0.679,0.146,9.321
58.772,13.146,-13.158,-31.568,3.836,-5.182,1.378,-1.583,1.178,-5.288,8.816,0.799,-0.440,10.114,0.722,0.032,9.485
58.784,32.556,-8.153,-15.332,8.103,-7.992,2.798,-3.391,-2.105,-4.447,8.442,0.474,-0.597,10.397,0.712,-0.107,9.659
58.795,28.161,1.002,-14.112,11.327,-8.143,5.109,-4.837,1.882,-2.572,10.605,0.215,-0.661,10.740,0.600,-0.243,9.869
58.806,36.218,-6.566,-26.441,14.726,-8.911,7.727,-6.056,3.951,-3.240,12.861,0.255,-0.425,11.112,0.468,-0.286,10.114
58.818,36.096,8.571,-27.540,16.852,-7.181,10.135,-6.684,4.088,-4.332,15.038,0.682,-0.562,11.437,0.432,-0.289,10.371
58.829,36.828,0.147,-22.168,17.973,-5.702,12.183,-6.391,-6.739,-2.960,17.481,0.947,-0.829,11.848,0.595,-0.337,10.625
58.841,28.649,-9.373,-4.590,19.483,-5.441,14.289,-5.516,-15.871,-4.332,17.847,0.426,-1.393,12.217,0.800,-0.503,10.899
58.853,-6.019,14.064,-25.342,17.354,-2.176,15.867,-4.480,10.698,0.028,10.475,-0.567,-1.163,12.536,0.588,-0.710,11.253
58.864,23.034,31.520,-37.184,12.772,-2.324,15.060,-4.130,23.193,-9.577,11.359,0.129,-0.679,12.545,0.227,-0.655,11.570
58.876,12.047,8.571,-20.337,11.223,-0.224,13.604,-3.185,-12.502,8.449,18.932,0.490,-0.938,12.628,0.394,-0.698,11.745
58.888,-25.673,-4.490,-34.620,8.160,-0.159,12.642,-1.923,15.684,5.266,6.789,0.676,-0.574,12.627,0.472,-0.810,11.968
58.899,20.593,-8.275,-25.220,6.466,-3.218,10.697,-2.259,4.232,-17.086,16.173,1.127,-0.322,12.368,0.477,-0.549,12.067
58.911,-22.499,-22.313,-13.257,4.358,-3.965,8.922,-2.741,-6.768,15.052,8.061,0.641,-0.418,12.501,0.678,-0.621,12.136
58.922,-13.831,-10.228,-25.098,0.084,-4.260,6.727,-3.258,4.404,-2.830,8.880,0.945,-0.375,12.069,0.597,-0.542,12.210
58.934,-24.086,-10.350,-10.693,-3.447,-6.233,3.892,-4.212,-0.150,24.960,10.942,0.870,0.019,11.827,0.735,-0.599,12.066
58.945,-8.460,3.199,-11.426,-6.376,-3.497,1.111,-4.169,7.292,-11.021,12.660,1.153,0.505,11.766,0.629,-0.254,12.071
58.957,-30.433,-0.218,-5.200,-6.794,-2.243,-1.302,-3.607,10.339,20.549,12.164,1.291,1.214,11.961,0.831,-0.097,11.982
58.969,23.644,6.495,28.125,-6.159,0.085,-3.148,-2.870,-15.447,-7.450,23.243,0.873,0.395,12.354,0.876,0.204,12.030
58.979,-53.261,11.622,5.053,-7.728,1.780,-3.752,-1.895,17.883,17.351,2.292,0.316,0.334,12.534,0.737,0.107,12.158
58.991,8.385,-0.706,21.533,-8.320,4.308,-5.713,-0.243,-18.020,1.530,13.277,-0.179,0.168,12.533,0.633,0.216,12.211
59.003,-3.333,25.417,24.707,-10.125,8.934,-6.689,2.258,0.639,-12.315,22.244,0.041,-0.197,12.628,0.431,0.153,12.277
59.013,-8.704,10.158,34.473,-9.541,10.112,-7.824,4.152,-4.224,7.170,3.743,-0.204,-0.473,12.708,0.418,0.070,12.368
59.023,-30.922,1.124,28.491,-12.516,10.857,-8.295,6.063,5.015,-14.729,22.625,-0.044,-0.196,12.122,0.288,0.055,12.332
59.033,9.362,-4.735,44.117,-13.977,9.278,-10.365,6.772,-17.912,4.857,13.206,-0.448,-0.285,12.700,0.276,-0.005,12.292
59.043,-87.930,1.857,10.913,-17.973,7.879,-10.845,7.351,24.917,6.998,-8.772,-0.203,0.022,10.997,0.033,-0.048,12.305
59.053,88.222,43.362,67.067,-17.917,8.280,-14.089,7.228,-18.063,-9.735,35.501,0.250,0.095,11.125,0.180,0.028,11.902
59.063,-98.429,-23.778,-1.416,-14.890,8.955,-13.446,7.996,16.813,2.830,-30.730,0.469,0.057,10.313,0.120,0.002,11.926
59.074,53.186,11.989,52.662,-14.961,6.116,-14.621,7.569,-23.782,-1.437,55.181,-0.028,-0.119,11.255,0.238,0.008,11.501
59.084,-91.837,-16.454,-6.177,-15.028,2.440,-14.252,6.352,23.509,3.240,-28.517,0.083,0.130,11.335,0.112,-0.011,11.652
59.094,-13.221,-22.069,20.923,-15.243,1.359,-14.186,5.575,-16.547,-5.022,39.855,0.699,-0.004,10.357,0.250,0.049,11.367
59.104,87.855,23.219,30.811,-5.236,1.928,-13.699,4.475,-5.475,9.376,19.600,-0.318,0.162,11.581,0.284,-0.004,11.234
59.114,-30.678,-53.198,-13.013,-3.984,-3.453,-10.488,3.250,8.672,-14.176,-2.917,-0.090,0.214,11.453,0.095,0.090,11.437
59.124,48.548,11.134,22.754,0.390,-5.646,-8.845,0.777,-21.009,13.586,33.705,-0.294,0.020,11.515,0.181,0.048,11.268
59.134,-21.888,10.890,2.490,5.611,-8.104,-5.280,-1.572,30.177,9.678,-8.909,-0.687,0.570,11.901,-0.089,0.054,11.470
59.144,58.558,-10.350,8.105,11.019,-9.788,-1.810,-3.412,-0.093,-26.053,15.261,0.007,-0.038,11.398,-0.124,0.210,11.486
59.155,40.979,-52.710,-12.891,17.622,-13.146,2.317,-5.346,-21.935,5.115,8.119,-0.046,-0.815,11.226,0.020,0.023,11.447
59.165,6.432,-35.863,-33.033,21.838,-17.091,7.404,-7.905,6.272,21.921,10.447,-0.433,0.314,10.969,-0.092,-0.120,11.382
59.175,43.665,-4.857,-23.267,24.020,-21.182,11.219,-11.326,14.607,-6.897,13.831,-0.245,0.970,10.916,-0.225,0.106,11.278
59.185,39.270,-6.688,-22.413,27.138,-20.652,14.735,-13.860,2.270,-13.206,3.276,0.472,0.007,10.718,-0.122,0.239,11.236
59.195,16.198,-48.193,-17.774,27.794,-22.325,18.022,-15.511,-9.096,9.477,6.804,0.488,-0.447,10.366,0.061,0.081,11.124
59.205,17.541,-23.900,-25.342,28.699,-24.788,20.856,-17.631,-0.661,9.980,12.775,-0.160,0.091,10.188,0.057,-0.022,10.951
59.215,41.345,-41.479,-37.306,28.958,-28.731,22.790,-20.008,6.365,-9.915,16.065,-0.168,0.701,10.183,-0.030,0.123,10.788
59.226,52.820,-43.676,-31.324,28.154,-29.897,24.014,-22.284,-2.062,-16.453,8.471,0.158,0.262,10.263,-0.028,0.249,10.709
59.236,34.021,-37.695,-46.827,28.704,-31.164,25.044,-24.604,-11.618,2.320,2.723,0.227,-0.660,10.088,0.057,0.117,10.655
59.246,-2.478,-43.676,-41.700,27.281,-32.235,25.937,-26.414,-3.391,24.572,9.275,-0.405,-0.824,9.746,0.018,-0.159,10.516
59.256,-0.769,-27.562,-54.396,26.052,-34.833,26.375,-28.307,12.710,12.674,12.272,-0.487,0.005,9.664,-0.094,-0.229,10.364
59.266,-6.385,-32.323,-42.066,19.254,-37.306,25.181,-30.466,14.470,-8.923,8.658,-0.259,1.042,9.627,-0.200,-0.011,10.243
59.276,23.766,-30.370,-31.690,15.857,-39.539,22.853,-32.754,6.078,-16.992,9.311,0.396,0.831,9.682,-0.180,0.238,10.137
59.287,33.288,-48.803,-39.137,12.668,-41.275,20.195,-34.701,-10.109,-15.318,11.215,1.167,-0.112,9.571,0.069,0.312,10.046
59.297,0.939,-87.257,-33.399,9.894,-45.432,17.760,-36.855,-21.447,5.130,8.025,0.662,-0.885,9.393,0.301,0.110,9.951
59.307,-36.049,-52.465,-46.583,5.255,-48.222,15.350,-39.511,1.120,27.454,8.198,-0.294,-0.826,9.405,0.245,-0.198,9.859
59.317,-34.340,-54.297,-30.469,-2.193,-51.944,11.655,-42.261,14.980,2.881,6.660,-0.593,-0.024,9.270,0.068,-0.228,9.782
59.327,-7.484,-66.016,-12.891,-8.460,-55.401,6.921,-45.362,4.957,-18.982,5.891,-0.049,0.444,8.999,-0.032,-0.049,9.675
59.338,-17.860,-52.710,-23.633,-14.039,-56.789,1.960,-48.290,-13.558,-2.378,18.314,0.614,-0.290,8.890,0.101,-0.034,9.496
59.348,-70.230,-81.519,-7.642,-20.205,-59.213,-2.856,-50.693,-10.116,10.677,6.186,0.124,-0.411,9.056,0.222,-0.140,9.424
59.358,-50.698,-76.514,-12.525,-26.352,-64.422,-8.228,-53.670,12.114,1.566,-1.271,-0.250,0.072,8.978,0.110,-0.147,9.391
59.368,-30.678,-75.660,-3.979,-31.055,-67.072,-13.498,-56.767,5.913,-16.475,9.067,0.317,-0.147,8.511,0.050,-0.049,9.297
59.378,-53.383,-64.429,17.016,-34.589,-69.666,-18.585,-60.060,-7.141,13.895,14.988,0.476,-0.586,8.492,0.166,-0.176,9.104
59.388,-46.669,-96.290,26.416,-37.893,-72.442,-23.160,-62.678,-5.568,3.678,6.818,-0.368,-0.138,8.902,0.169,-0.235,9.054
59.398,-85.245,-70.777,17.749,-43.719,-73.815,-27.354,-65.495,15.505,-8.449,2.227,-0.015,0.106,8.620,-0.008,-0.139,9.054
59.409,-16.029,-67.969,43.262,-45.066,-74.240,-32.230,-67.729,-21.547,-4.533,18.221,-0.184,-0.493,8.585,0.118,-0.122,8.906
59.419,-74.746,-92.017,16.284,-48.905,-77.022,-35.776,-69.741,11.287,10.784,8.284,-0.495,-0.271,8.860,-0.043,-0.251,8.889
59.429,-28.969,-71.753,53.394,-51.223,-75.476,-39.957,-71.245,-1.904,-21.619,4.188,-0.156,-0.660,8.712,-0.067,-0.162,8.896
59.439,-71.572,-89.210,23.975,-51.134,-74.732,-42.598,-72.035,-6.092,18.206,8.772,-0.257,-0.975,8.621,-0.054,-0.391,8.843
59.449,-75.357,-66.504,41.431,-51.269,-72.297,-44.203,-72.133,9.117,-4.778,8.083,0.048,-0.640,8.156,-0.105,-0.435,8.783
59.459,27.795,-44.042,58.399,-48.398,-70.020,-46.576,-71.959,-10.720,4.677,18.702,-0.578,-0.424,9.487,-0.072,-0.457,8.716
59.470,-112.345,-70.532,35.938,-46.413,-67.542,-45.532,-70.862,29.997,-8.564,-37.125,0.388,-0.321,7.681,-0.225,-0.392,8.933
59.480,53.308,-36.962,55.226,-47.204,-64.111,-47.142,-69.450,-34.754,10.950,58.809,0.644,-0.455,7.298,0.135,-0.441,8.351
59.490,-109.782,-24.388,36.792,-44.930,-56.248,-45.847,-66.999,36.593,3.822,-24.357,1.000,0.265,7.625,0.059,-0.417,8.389
59.500,48.425,-22.557,57.789,-37.900,-49.971,-45.461,-63.303,-23.135,-9.742,19.895,1.412,0.066,7.311,0.419,-0.230,8.152
59.510,-76.577,-49.047,11.035,-30.614,-44.237,-41.353,-58.751,12.236,6.890,0.280,1.282,-0.093,7.346,0.474,-0.287,8.093
59.520,71.864,10.890,62.428,-24.243,-35.162,-38.647,-53.714,-20.477,-9.412,43.390,0.711,-0.470,8.590,0.677,-0.212,7.899
59.530,-51.430,-33.666,18.115,-16.452,-29.154,-33.081,-47.805,8.226,9.908,-21.382,-0.326,0.260,9.669,0.499,-0.252,8.334
59.540,13.634,0.636,23.486,-13.486,-22.967,-28.297,-42.084,2.327,-11.948,31.657,0.131,0.296,8.977,0.359,-0.063,8.399
59.551,4.479,8.815,16.772,-5.225,-14.469,-23.413,-35.884,5.201,7.616,-14.003,0.173,-0.096,9.370,0.357,-0.090,8.633
59.561,-0.525,9.181,1.147,-1.606,-6.741,-17.705,-29.004,2.478,-1.207,15.649,0.622,0.014,8.681,0.326,-0.095,8.682
59.571,80.897,40.432,5.419,7.775,1.377,-12.703,-22.214,-19.701,1.494,33.942,0.223,-0.161,9.656,0.447,-0.083,8.618
59.581,-26.649,23.586,-12.158,16.947,9.279,-5.194,-14.977,12.810,12.149,-16.338,-0.477,0.071,10.318,0.265,-0.151,9.041
59.591,69.178,53.372,-18.140,23.926,14.374,1.466,-8.193,8.622,-12.437,20.851,-0.242,0.211,10.164,0.109,-0.034,9.194
59.601,101.283,51.785,-9.473,33.482,19.173,8.125,-1.895,-0.811,-12.056,10.813,0.199,-0.153,10.404,0.117,0.049,9.367
59.613,54.163,72.537,-30.958,44.857,29.349,18.648,6.908,5.697,11.036,8.665,0.327,-0.263,10.191,0.141,-0.108,9.615
59.623,65.760,41.042,-44.264,50.563,32.858,26.299,13.352,4.569,-1.286,14.133,0.889,0.350,9.761,0.232,-0.050,9.637
59.633,83.217,33.962,-51.710,55.919,37.656,33.232,19.345,-10.432,-8.880,20.017,1.002,0.264,9.846,0.411,0.034,9.612
59.644,90.663,38.967,-55.617,62.609,40.994,40.117,24.554,-20.980,-6.947,14.995,0.761,0.014,10.308,0.593,0.049,9.681
59.654,75.160,25.417,-52.809,67.385,43.960,46.680,29.305,-16.676,5.065,6.337,-0.410,0.242,10.484,0.557,0.030,9.822
59.664,60.267,55.447,-68.557,68.969,44.279,52.343,32.785,5.058,7.364,4.239,-1.545,0.304,10.513,0.209,0.039,9.968
59.676,82.606,51.663,-68.557,68.373,46.566,57.313,36.535,10.835,-7.062,8.083,-0.648,0.354,10.167,-0.219,0.171,10.062
59.686,70.399,69.730,-49.757,67.416,50.114,59.848,39.342,7.666,-4.232,11.057,0.793,-0.127,10.049,-0.177,0.180,10.055
59.696,72.718,57.156,-69.533,67.109,53.426,61.475,42.551,-11.747,4.102,14.370,1.431,-0.834,10.048,0.139,0.030,10.032
59.708,41.956,51.785,-47.194,62.468,55.487,62.592,46.673,6.057,5.827,8.449,1.190,-0.548,10.097,0.456,-0.229,10.053
59.718,27.551,32.741,-51.222,55.805,53.902,61.663,48.751,13.515,-8.672,4.663,0.961,0.165,9.797,0.448,-0.164,10.068
59.728,15.343,46.414,-70.266,47.711,52.628,59.049,49.671,-1.271,-12.588,11.682,1.416,0.049,9.454,0.557,-0.060,9.975
59.740,47.937,36.037,-4.346,41.733,53.076,53.776,50.720,-17.416,1.832,11.165,1.033,-0.331,9.519,0.817,-0.097,9.786
59.751,-13.953,14.918,-18.506,29.862,50.164,47.710,51.209,1.034,4.016,-4.857,0.325,-0.288,9.264,0.684,-0.194,9.854
59.763,17.541,55.447,22.632,20.243,48.710,39.832,50.337,-3.592,-1.401,24.450,0.401,-0.050,10.181,0.597,-0.195,9.701
59.774,-37.270,14.552,11.523,7.924,44.788,31.675,49.364,-6.631,6.868,1.781,0.172,0.135,10.322,0.580,-0.163,9.990
59.786,-9.681,15.651,31.909,-3.943,37.456,21.309,46.368,-10.217,-17.768,15.799,0.028,-0.395,10.364,0.451,-0.052,9.994
59.797,-65.225,-5.833,29.102,-19.716,27.941,10.336,41.757,8.234,4.799,6.344,-0.054,-0.423,10.377,0.293,-0.297,10.129
59.809,-62.051,1.490,70.241,-38.083,20.411,-3.195,35.679,-13.249,8.974,24.465,-0.468,0.465,10.951,0.186,-0.179,10.203
59.820,-164.715,-10.472,37.281,-58.880,15.704,-17.901,29.914,21.490,6.912,-13.364,0.172,0.760,10.288,0.010,-0.017,10.449
59.832,-106.241,4.054,52.052,-71.334,8.981,-34.512,23.608,0.330,4.275,7.917,0.350,0.726,10.281,0.192,0.202,10.239
59.844,-15.907,19.801,93.923,-75.101,6.327,-47.190,18.542,-9.441,-12.494,43.289,0.308,0.236,11.005,0.234,0.347,10.229
59.854,-198.896,-55.884,43.995,-86.981,-3.125,-57.586,12.961,13.098,-5.446,-19.744,0.591,-0.141,10.401,0.224,0.214,10.578
59.865,-26.405,11.500,67.799,-88.187,-5.794,-68.490,6.868,-17.675,7.235,28.452,0.645,-0.013,9.958,0.450,0.101,10.171
59.876,-121.134,-36.474,76.222,-89.556,-9.455,-74.122,2.125,-1.832,11.402,25.075,0.459,0.364,10.686,0.379,0.134,10.303
59.887,-129.802,1.124,35.938,-85.622,-12.329,-78.169,-2.558,24.630,-4.778,-16.604,1.354,0.238,10.161,0.425,0.229,10.446
59.898,4.967,-22.069,60.353,-76.475,-18.692,-79.575,-6.550,-8.578,6.689,36.888,1.600,0.214,10.071,0.887,0.179,10.104
59.909,-26.893,-62.231,38.501,-63.030,-25.848,-75.421,-11.855,-10.950,-21.203,10.461,1.030,-0.507,10.601,0.894,0.241,10.316
59.919,-6.507,-42.944,14.453,-48.330,-31.613,-68.794,-17.321,14.643,-5.690,6.682,1.050,-0.875,10.660,0.934,-0.078,10.318
59.930,66.981,-52.954,22.388,-28.649,-35.003,-58.731,-22.387,-17.050,-10.806,21.066,0.679,-1.312,11.395,0.990,-0.195,10.461
59.941,-16.395,-66.870,-19.971,-14.194,-41.619,-45.181,-27.605,5.597,-3.563,12.422,0.666,-1.453,11.337,0.849,-0.509,10.745
59.952,90.419,-66.016,13.354,3.336,-47.015,-32.405,-32.944,-5.101,2.557,11.388,0.314,-1.159,11.779,0.869,-0.690,10.783
59.963,-5.286,-91.895,-41.700,17.978,-52.843,-16.333,-38.010,14.980,-9.196,-1.393,0.472,-0.823,11.537,0.532,-0.668,11.251
59.974,102.993,-40.991,-24.244,34.456,-53.511,-3.308,-42.960,-20.886,14.858,23.430,0.162,-0.742,11.706,0.722,-0.718,11.072
59.985,38.293,-42.211,-62.819,48.594,-50.798,13.202,-45.333,14.930,4.066,11.575,0.103,0.120,12.006,0.403,-0.672,11.398
59.995,144.131,0.758,-30.592,62.051,-46.056,26.053,-46.658,-11.373,-4.461,15.857,0.587,-0.233,12.502,0.496,-0.402,11.463
60.006,37.805,-77.002,-81.985,69.595,-47.572,39.908,-46.527,6.114,10.576,-0.273,0.539,-0.387,11.646,0.465,-0.519,11.723
60.017,99.208,-31.347,-74.904,72.866,-45.960,47.630,-46.653,-4.131,-5.805,29.128,0.783,-0.155,11.659,0.533,-0.456,11.597
60.027,92.250,-0.462,-59.279,77.315,-38.286,54.658,-45.243,-4.742,5.266,13.579,0.546,-0.078,12.394,0.589,-0.396,11.696
60.038,61.487,-16.087,-65.749,74.638,-29.595,61.490,-41.100,10.181,2.148,0.560,0.284,0.604,11.925,0.425,-0.238,11.873
60.050,83.339,2.345,-77.224,73.401,-19.351,65.064,-35.464,-15.225,4.476,22.553,0.075,0.535,11.846,0.411,-0.030,11.792
60.061,47.815,31.032,-74.782,70.974,-8.402,66.942,-29.551,-5.510,23.099,12.724,-0.550,1.261,12.284,0.314,0.032,11.855
60.071,24.743,63.992,-60.011,62.980,1.300,66.794,-22.798,16.676,2.392,6.912,-0.584,2.114,11.968,0.050,0.362,11.919
60.081,56.482,81.937,-46.583,56.860,12.826,64.371,-15.172,0.071,-14.621,16.346,0.288,1.427,11.858,0.045,0.707,11.888
60.091,18.884,32.863,-47.194,49.915,21.225,61.306,-6.578,-12.703,13.967,10.432,0.196,0.459,11.684,0.178,0.619,11.850
60.101,-22.010,33.718,-41.944,38.252,25.447,56.796,1.034,17.581,-6.488,1.846,0.093,0.600,11.407,0.056,0.585,11.824
60.111,10.094,47.634,-25.586,28.028,30.674,50.258,7.820,-4.239,-10.655,14.686,0.794,0.087,11.269,0.153,0.621,11.714
60.122,-22.743,52.029,-18.750,17.505,36.702,42.867,14.568,7.249,15.922,8.291,0.353,-0.209,11.531,0.213,0.397,11.675
60.132,-80.118,48.123,-10.083,1.951,40.677,34.462,20.673,12.990,-6.215,-5.065,1.076,-0.008,10.537,0.224,0.352,11.635
60.142,24.865,101.591,50.343,-7.382,45.292,23.721,26.107,-2.292,8.384,32.383,1.247,-0.131,10.774,0.452,0.254,11.312
60.152,-127.360,25.051,14.087,-19.711,47.600,14.775,31.769,12.559,-6.064,-26.577,1.223,-0.200,9.836,0.529,0.189,11.350
60.162,11.925,73.514,62.916,-33.479,46.486,2.784,35.065,-26.017,-3.348,45.653,1.308,-0.392,9.649,0.772,0.111,10.835
60.172,-153.240,55.447,48.389,-43.401,49.009,-6.863,38.551,31.944,6.811,-21.979,1.642,-0.054,9.294,0.776,0.018,10.795
60.182,-11.634,25.783,64.259,-53.724,44.092,-18.906,40.253,-33.597,-0.704,30.263,1.848,0.022,9.122,1.136,0.052,10.369
60.193,-125.651,46.536,62.306,-61.610,42.759,-28.329,40.901,33.223,-0.747,-5.281,2.378,0.070,8.875,1.136,0.018,10.244
60.203,-12.977,25.173,99.050,-63.584,40.812,-37.892,41.121,-24.034,10.770,16.662,1.420,0.191,9.388,1.414,0.012,9.999
60.213,-124.064,38.112,72.804,-72.038,38.003,-45.016,40.491,11.144,-15.764,13.867,1.187,0.212,9.372,1.258,0.117,9.924
60.223,-48.500,21.877,90.749,-72.609,34.493,-52.434,39.315,-14.470,17.201,10.791,0.436,0.504,9.756,1.311,0.084,9.823
60.233,-82.315,20.290,84.279,-76.127,31.372,-57.605,37.627,5.575,-17.624,19.802,0.505,0.508,9.622,1.071,0.260,9.800
60.244,-90.128,14.796,74.513,-77.107,29.776,-62.654,35.820,-12.099,18.393,3.779,-0.103,0.680,9.855,1.045,0.225,9.765
60.254,-69.497,2.833,78.420,-76.894,23.024,-65.721,33.248,6.861,-17.186,28.072,0.076,0.801,9.638,0.771,0.419,9.719
60.264,-21.888,19.435,70.851,-64.625,25.528,-66.863,31.160,-16.439,13.084,-2.838,-0.431,0.745,9.946,0.739,0.417,9.740
60.274,-95.865,-5.589,40.088,-67.426,21.830,-65.968,29.539,12.257,-7.242,32.886,-0.301,0.868,9.408,0.446,0.525,9.665
60.286,-137.614,-8.885,17.993,-60.700,21.647,-64.712,27.289,19.428,-2.076,-41.220,1.121,0.507,7.061,0.540,0.554,9.425
60.296,17.297,14.430,15.185,-49.758,21.977,-61.772,26.043,-21.073,-1.796,48.441,1.558,0.294,6.242,0.763,0.519,8.721
60.306,-1.624,41.164,33.496,-39.050,22.324,-57.400,24.788,2.543,5.791,9.750,0.952,0.267,7.876,0.872,0.471,8.443
60.316,20.715,1.979,-3.125,-28.085,21.835,-50.880,24.473,2.680,-13.974,-0.330,0.661,0.436,8.323,0.823,0.517,8.496
60.328,41.467,8.326,-46.949,-10.845,17.692,-39.905,22.708,3.491,-3.060,18.314,0.990,0.020,8.265,0.725,0.424,8.450
60.338,31.213,6.373,-49.757,1.744,16.315,-30.396,21.102,-2.565,1.702,8.650,1.588,-0.240,8.556,0.876,0.309,8.445
60.348,40.491,6.129,-44.386,15.013,15.868,-20.065,19.902,-11.862,6.876,3.808,1.446,-0.399,8.660,1.070,0.161,8.502
60.358,71.497,-2.781,-41.700,29.288,14.427,-8.787,18.967,-16.604,10.849,11.524,0.440,-0.122,8.742,1.115,0.029,8.517
60.370,57.581,17.238,-82.595,42.347,12.718,6.534,17.285,4.109,-2.270,7.134,-0.335,0.416,8.714,0.834,0.041,8.564
60.382,90.297,33.596,-107.132,54.374,12.617,20.282,15.365,8.305,-10.677,5.956,-0.356,0.293,8.586,0.480,0.197,8.576
60.393,97.377,26.638,-105.301,64.165,13.788,32.832,14.550,4.835,-5.079,8.464,0.247,-0.088,8.596,0.346,0.226,8.579
60.403,91.640,23.708,-99.563,71.750,15.415,44.231,14.617,3.484,1.214,8.162,0.768,-0.352,8.618,0.397,0.121,8.577
60.414,87.001,48.123,-95.779,77.250,19.409,54.194,15.617,7.012,4.519,8.169,1.209,-0.253,8.594,0.521,0.018,8.575
60.425,83.705,46.291,-92.239,80.758,21.596,62.215,17.297,8.672,-0.962,9.484,1.670,-0.226,8.785,0.714,0.007,8.583
60.436,86.268,58.865,-84.060,81.389,26.127,67.980,19.602,10.174,-6.653,9.110,2.186,-0.459,8.886,0.974,0.007,8.638
60.447,89.076,48.123,-63.918,79.855,29.570,71.557,22.561,4.476,-8.478,8.499,2.711,-1.094,8.874,1.338,-0.107,8.701
60.457,49.402,20.656,-62.087,73.619,29.045,72.892,24.928,-13.400,-6.696,6.164,3.011,-1.789,8.619,1.820,-0.415,8.715
60.468,50.257,12.477,-26.075,67.746,27.018,72.046,26.036,-20.261,9.735,15.922,1.919,-1.739,8.773,2.100,-0.845,8.634
60.479,34.753,12.965,-16.797,56.368,23.557,68.375,25.700,3.405,-0.014,6.488,0.938,-1.092,9.058,1.897,-0.993,8.730
60.491,-5.897,-4.612,-12.525,42.091,18.196,62.177,24.070,6.833,5.460,10.827,0.710,-0.343,8.622,1.578,-0.930,8.823
60.501,41.956,33.230,30.811,29.835,12.911,52.228,20.456,12.020,-14.988,4.813,1.209,-0.361,8.443,1.372,-0.686,8.651
60.512,-2.845,-33.422,52.418,17.748,6.153,42.606,17.120,-20.520,5.302,16.389,1.385,-1.133,8.314,1.535,-0.737,8.603
60.523,-68.521,-14.378,46.802,2.477,-0.908,31.667,12.110,18.846,-0.625,-13.637,1.090,-1.009,8.023,1.363,-0.845,8.597
60.534,-18.104,-20.360,100.271,-13.366,-8.999,19.170,6.329,-10.116,2.407,35.573,1.248,-0.616,8.552,1.329,-0.859,8.374
60.545,-112.955,-45.873,72.926,-26.990,-14.579,6.848,0.711,10.921,3.614,-23.279,1.154,-0.024,8.951,1.317,-0.742,8.739
60.556,-19.935,-29.882,101.370,-36.180,-23.005,-6.432,-6.184,-21.583,5.374,25.320,0.623,0.387,8.643,1.269,-0.482,8.550
60.568,-41.664,-31.835,104.788,-48.060,-24.173,-18.149,-11.410,-6.136,-19.931,22.611,0.139,-0.737,9.830,1.000,-0.398,8.851
60.578,-123.576,-26.097,104.543,-56.149,-27.140,-26.736,-15.298,21.332,16.259,-2.672,-0.063,-0.891,9.912,0.766,-0.576,9.046
60.590,-56.435,-49.414,96.975,-63.039,-29.906,-37.973,-19.596,-28.603,9.067,13.665,-1.289,-0.071,10.006,0.554,-0.485,9.245
60.602,-22.499,8.326,124.808,-71.134,-28.075,-48.299,-23.127,-16.410,-9.362,22.898,-1.918,0.015,10.121,-0.019,-0.291,9.346
60.612,-157.268,-51.123,55.226,-75.254,-29.359,-53.877,-24.318,8.428,14.334,-22.216,-1.758,0.279,9.164,-0.311,-0.314,9.542
60.622,-10.291,-0.218,106.008,-75.209,-30.408,-59.784,-26.141,-5.043,-9.010,46.674,-1.131,0.494,8.644,-0.485,-0.128,9.195
60.633,-114.787,-48.559,38.868,-72.517,-29.468,-62.848,-26.918,-0.653,3.441,-27.267,-1.122,0.463,8.690,-0.549,-0.052,9.275
60.643,-76.822,-23.412,19.580,-70.345,-28.395,-64.223,-27.275,-0.934,5.942,36.629,-0.662,0.360,7.909,-0.627,-0.000,8.992
60.653,76.869,15.040,53.883,-57.757,-25.491,-64.969,-27.273,-14.822,-0.344,29.077,-1.258,0.289,9.773,-0.565,0.054,8.844
60.663,-50.820,-41.113,-26.807,-44.763,-23.727,-60.199,-26.257,28.481,-0.617,-32.663,-0.768,0.713,8.958,-0.814,0.137,9.196
60.673,21.935,-2.659,-26.563,-37.019,-22.595,-55.566,-25.708,-2.902,-7.587,28.891,0.241,0.105,8.750,-0.658,0.216,9.003
60.683,30.847,11.134,-26.807,-22.375,-18.441,-48.623,-24.486,-3.290,5.108,5.532,0.674,-0.465,9.383,-0.404,0.087,9.051
60.693,32.434,-26.708,-49.513,-7.324,-17.527,-39.372,-22.560,-13.752,6.588,9.987,0.311,-0.416,9.426,-0.181,-0.056,9.118
60.703,59.046,-36.474,-66.481,9.720,-18.789,-28.402,-21.281,-8.923,5.374,5.927,-0.155,-0.252,9.477,-0.105,-0.143,9.189
60.714,71.742,-26.097,-92.361,26.083,-17.120,-15.917,-20.133,-3.053,7.810,8.564,-0.677,0.534,9.310,-0.179,-0.119,9.230
60.724,73.695,-19.139,-100.174,37.899,-14.979,-3.287,-18.872,1.228,-0.280,11.977,-0.701,1.153,9.413,-0.291,0.065,9.240
60.734,82.240,-11.815,-111.038,49.312,-14.398,9.046,-17.854,3.542,-1.551,7.300,-0.434,1.767,9.448,-0.372,0.354,9.288
60.744,98.232,1.002,-108.597,58.127,-10.675,20.474,-16.316,-0.136,-2.421,10.547,0.011,2.125,9.517,-0.345,0.687,9.328
60.754,99.452,25.295,-123.612,65.501,-4.409,30.942,-13.875,2.248,0.668,11.158,0.467,2.203,9.679,-0.257,0.992,9.385
60.764,89.442,43.606,-118.607,69.732,2.827,40.160,-10.308,2.486,7.515,11.553,0.641,2.483,9.595,-0.142,1.248,9.423
60.775,80.287,53.616,-117.752,72.990,10.675,48.139,-5.687,6.904,6.868,12.114,0.920,2.733,9.731,-0.021,1.510,9.465
60.785,76.869,58.743,-118.973,75.274,18.884,54.786,-0.147,10.655,4.325,9.570,1.136,3.039,9.518,0.108,1.774,9.482
60.795,88.466,68.509,-125.931,75.444,27.614,59.776,5.963,12.545,-2.126,7.874,1.478,3.009,9.449,0.259,2.012,9.491
60.805,71.619,63.626,-124.100,72.509,35.167,63.114,12.485,13.967,-8.909,3.391,1.975,2.743,9.267,0.450,2.191,9.494
60.815,47.815,79.129,-97.854,66.233,42.117,64.339,18.967,17.718,-2.177,1.408,3.150,2.532,8.818,0.750,2.284,9.439
60.825,29.382,92.924,-65.627,58.308,50.603,63.433,25.912,3.980,1.250,14.470,3.974,1.942,8.546,1.258,2.282,9.271
60.835,30.358,86.698,-22.535,49.447,55.538,60.444,32.756,-6.516,-3.355,21.648,3.876,1.146,9.183,1.794,2.151,9.147
60.846,-28.846,69.974,2.368,36.674,59.556,55.610,39.072,-2.435,-0.732,-8.794,3.113,0.778,9.501,2.085,1.930,9.280
60.856,-43.251,5.152,10.913,24.621,55.375,49.444,44.075,4.813,10.159,4.663,2.579,1.088,8.792,2.168,1.712,9.299
60.866,-18.104,85.111,43.018,10.360,56.345,40.504,46.688,-3.182,-3.808,18.070,2.427,1.201,8.966,2.213,1.671,9.156
60.878,-80.484,53.982,56.202,-10.224,53.157,27.038,49.084,14.686,-18.580,-2.299,2.933,0.058,8.644,2.259,1.426,9.181
60.888,-3.211,35.305,132.743,-20.478,46.024,15.395,48.899,-6.847,12.092,28.948,3.009,-0.304,8.891,2.452,1.087,8.985
60.899,-74.502,-2.903,136.893,-38.646,34.792,0.381,45.747,-9.074,-5.173,26.635,2.215,-0.600,9.844,2.497,0.813,9.125
60.910,-121.256,35.549,148.978,-55.444,26.570,-15.103,40.123,29.149,0.388,0.043,2.186,-0.859,10.162,2.237,0.386,9.404
60.921,-145.061,-2.171,128.836,-70.342,21.423,-31.108,35.229,16.094,10.928,-5.927,2.794,-0.270,9.639,2.398,0.122,9.525
60.932,-61.929,-10.838,138.724,-75.387,13.634,-45.314,29.447,9.139,16.798,15.052,2.623,0.674,9.714,2.527,0.131,9.464
60.943,-30.678,-34.276,137.870,-77.122,8.533,-55.749,23.580,-29.932,0.962,21.239,1.200,0.568,10.385,2.519,0.347,9.579
60.954,-69.863,-5.467,124.442,-78.606,6.293,-62.567,18.120,-14.097,-8.629,18.235,0.212,0.015,10.845,2.047,0.370,9.853
60.965,-15.785,18.581,124.686,-70.007,6.964,-65.659,14.430,-6.595,-17.711,24.766,-0.169,-1.245,11.503,1.516,0.159,10.155
60.978,-21.034,-1.072,109.182,-59.521,4.380,-64.538,11.605,3.391,-14.477,23.990,-0.313,-1.652,12.287,1.054,-0.190,10.631
60.990,-24.330,-14.745,70.241,-46.540,1.004,-60.080,8.773,5.065,-14.880,-4.497,0.250,-2.176,11.040,0.853,-0.547,10.885
61.000,31.091,-17.674,30.078,-32.083,-0.364,-54.547,6.639,-4.806,1.731,11.539,0.298,-2.308,10.984,0.797,-0.896,10.858
61.012,75.892,-38.183,10.058,-12.248,-8.414,-43.253,2.804,-21.332,-4.433,40.768,-0.403,-2.068,12.044,0.648,-1.142,10.958
61.024,5.822,-37.206,-39.381,3.660,-15.522,-29.316,-2.248,14.937,-7.896,-5.259,-0.388,-1.954,12.365,0.263,-1.338,11.467
61.034,99.208,-36.230,-39.869,19.956,-19.282,-18.638,-6.036,-11.345,-9.721,35.803,0.297,-2.286,12.184,0.294,-1.424,11.439
61.044,73.451,-32.934,-71.853,36.737,-20.581,-5.861,-9.508,-11.682,7.400,5.704,-0.005,-2.113,12.697,0.321,-1.577,11.659
61.054,88.099,-49.047,-91.629,51.604,-24.260,7.576,-12.633,-11.805,7.594,17.696,-0.530,-1.624,12.818,0.252,-1.633,11.833
61.064,122.524,-33.300,-94.192,64.859,-27.055,20.699,-16.000,-11.611,9.232,11.941,-1.542,-1.203,13.184,0.034,-1.597,12.046
61.074,120.937,-40.136,-98.098,77.172,-28.374,33.856,-19.013,-6.689,10.274,7.738,-2.518,-0.837,13.150,-0.350,-1.531,12.266
61.085,96.278,-38.305,-119.706,82.319,-30.484,45.434,-21.808,7.637,1.810,11.984,-2.472,-1.013,13.176,-0.741,-1.488,12.416
61.095,97.133,1.490,-140.702,87.669,-24.820,55.547,-23.103,9.060,3.305,10.641,-2.319,-0.972,13.581,-1.060,-1.443,12.635
61.105,118.008,23.708,-156.816,90.694,-15.839,64.015,-22.013,2.126,5.769,15.483,-2.294,-1.065,13.802,-1.302,-1.424,12.835
61.115,85.292,15.407,-133.622,89.851,-7.366,70.554,-18.960,-4.052,3.994,6.818,-2.452,-1.079,13.757,-1.494,-1.417,13.019
61.125,50.379,13.942,-140.458,84.536,1.775,74.524,-14.380,3.736,1.939,2.680,-1.976,-1.343,13.067,-1.603,-1.467,13.114
61.135,60.999,62.039,-139.970,81.596,15.826,76.662,-7.969,5.058,5.640,6.897,-1.271,-1.368,12.875,-1.588,-1.520,13.128
61.146,23.034,72.537,-120.926,73.556,27.714,76.900,0.042,-0.668,19.133,7.723,-0.994,-0.527,12.391,-1.507,-1.498,13.063
61.156,20.593,110.502,-109.207,62.364,38.323,74.337,8.561,2.629,26.060,16.791,-1.061,0.488,11.764,-1.453,-1.335,12.843
61.166,-16.029,106.108,-80.398,46.098,47.675,68.688,17.445,16.231,5.518,15.433,-0.553,1.862,11.735,-1.403,-0.878,12.625
61.176,-24.086,103.422,-62.941,28.652,56.099,59.982,26.141,0.129,-19.845,4.296,0.526,1.919,11.328,-1.138,-0.282,12.460
61.186,-25.795,92.435,-3.247,11.450,60.593,48.857,34.422,-12.660,1.307,23.150,0.411,1.075,11.425,-0.749,0.002,12.196
61.196,-54.604,75.467,-3.369,-2.289,66.379,37.249,42.027,-0.653,-9.362,-12.961,0.139,0.848,11.332,-0.578,0.171,12.182
61.206,-65.469,66.678,63.282,-20.074,65.818,24.497,48.081,7.515,-2.105,31.362,0.592,0.493,10.866,-0.469,0.258,11.909
61.217,-82.071,66.190,81.838,-32.039,69.436,11.095,53.145,0.941,16.504,-11.797,0.540,0.386,11.472,-0.234,0.207,11.876
61.227,-117.594,30.910,80.983,-52.396,64.191,-2.569,56.447,0.912,-26.060,8.262,0.943,-0.410,10.419,-0.156,0.276,11.788
61.239,-145.183,74.124,99.661,-71.185,60.383,-22.334,57.546,3.477,-20.103,-7.149,0.421,-1.282,10.057,-0.060,-0.018,11.441
61.251,-146.526,48.977,147.636,-89.477,57.933,-41.580,57.722,-2.335,-20.233,1.638,0.969,-2.005,9.164,0.118,-0.343,11.061
61.261,-139.690,75.833,112.967,-99.365,55.592,-55.269,57.142,14.398,-5.058,3.103,0.857,-2.398,8.960,0.189,-0.701,10.694
61.271,-58.022,56.668,172.661,-99.995,54.658,-67.110,56.687,-1.049,15.016,23.760,0.813,-1.883,9.748,0.329,-0.969,10.423
61.281,-122.843,14.064,185.112,-100.905,52.729,-74.935,56.207,-6.538,6.437,10.720,0.969,-1.411,10.163,0.438,-1.069,10.414
61.291,-167.889,32.985,140.311,-103.509,48.978,-81.303,54.562,5.633,-6.064,-9.980,1.494,-1.283,9.400,0.563,-1.129,10.360
61.302,-122.477,62.039,110.525,-106.677,47.266,-89.346,52.395,10.605,-3.297,5.726,1.767,-0.983,9.019,0.868,-1.175,10.012
61.313,-66.689,43.972,143.729,-100.076,45.548,-93.763,50.769,7.156,13.486,14.664,1.562,-0.173,9.420,1.064,-1.068,9.795
61.325,-21.644,32.985,129.569,-85.922,40.115,-92.983,47.967,-15.268,18.365,34.021,0.438,0.949,10.927,1.072,-0.682,9.869
61.337,-35.805,-4.124,86.354,-73.771,32.144,-87.970,43.995,-11.100,-12.674,10.605,0.175,-0.091,10.311,0.876,-0.392,10.129
61.349,-6.751,4.786,38.013,-53.643,22.489,-79.637,37.974,17.718,-15.455,-8.492,0.456,-0.617,10.020,0.663,-0.405,10.159
61.359,35.486,-33.544,13.965,-35.494,13.081,-70.220,32.697,-10.116,-12.775,18.666,0.795,-1.628,9.739,0.741,-0.489,10.084
61.371,36.340,-15.599,-24.732,-9.305,-2.629,-53.651,22.983,19.493,-1.796,-7.062,1.056,-1.622,9.700,0.791,-0.835,10.046
61.383,102.260,-19.505,-50.001,19.578,-15.056,-33.475,12.026,2.895,-7.264,14.111,0.992,-1.269,9.926,0.752,-0.855,9.992
61.395,96.523,-56.738,-116.165,47.603,-29.030,-10.577,0.474,-5.568,0.402,17.136,1.161,-1.248,10.126,0.882,-0.924,9.982
61.405,116.665,-38.305,-127.274,66.316,-35.399,7.135,-8.019,-3.384,-3.355,15.203,1.502,-1.489,10.215,1.045,-1.001,9.987
61.417,132.534,-78.956,-124.833,87.563,-44.065,30.581,-18.159,0.079,2.471,12.293,1.445,-1.447,10.436,1.189,-1.129,10.040
61.428,153.775,-60.889,-144.731,106.382,-51.296,52.683,-28.207,-2.881,2.198,11.086,0.867,-1.154,10.690,1.137,-1.154,10.173
61.440,139.493,-49.047,-167.437,118.304,-50.380,72.397,-35.191,6.847,-4.691,9.089,1.008,-1.239,10.572,1.075,-1.164,10.276
61.451,130.215,-70.532,-162.065,123.169,-50.729,84.831,-38.912,2.859,-5.834,5.920,0.975,-1.159,10.270,1.063,-1.180,10.303
61.462,140.347,-11.815,-150.590,126.626,-44.653,97.757,-41.607,5.324,2.399,17.301,1.190,-1.252,10.546,1.056,-1.229,10.310
61.474,95.180,-20.360,-133.622,119.866,-35.950,105.554,-40.528,5.453,1.113,7.630,1.223,-0.797,10.450,1.061,-1.146,10.363
61.486,82.118,6.739,-105.789,108.226,-26.935,107.643,-37.303,7.134,0.050,10.217,1.449,-0.616,10.202,1.082,-1.033,10.362
61.496,71.009,5.152,-75.149,96.132,-17.266,105.536,-32.814,-1.623,-8.169,4.440,1.699,-0.863,9.640,1.190,-0.963,10.302
61.508,12.047,19.557,-71.486,75.802,-7.458,98.538,-25.569,-1.278,4.296,11.747,1.491,-0.482,9.273,1.291,-0.932,10.078
61.520,-0.281,41.775,-20.581,49.951,0.530,85.647,-18.526,7.005,-9.211,5.158,2.050,-0.560,8.864,1.405,-0.691,9.829
61.532,-56.313,27.126,14.575,23.599,8.742,68.876,-10.568,3.297,21.095,6.409,1.433,-0.114,8.701,1.555,-0.741,9.613
61.544,-53.139,-1.316,29.102,-2.102,8.641,49.020,-4.265,1.458,-7.343,12.782,1.266,0.311,8.540,1.459,-0.468,9.397
61.556,-113.566,-13.524,66.578,-27.139,9.402,27.558,0.089,-5.625,9.714,-8.198,0.836,0.596,7.973,1.401,-0.324,9.160
61.568,-69.375,-9.984,108.328,-47.351,3.608,5.610,1.740,-19.471,3.391,21.009,0.195,1.046,7.829,1.271,0.014,8.766
61.580,-119.792,-13.768,89.773,-69.496,-2.368,-15.859,0.941,-6.761,-9.160,7.623,-0.474,0.004,8.050,0.805,0.149,8.701
61.592,-175.824,-21.337,120.901,-94.726,-6.895,-37.922,-1.146,0.280,-20.297,-8.995,0.106,-0.629,7.340,0.629,0.009,8.489
61.602,-103.312,-17.796,135.428,-103.768,-11.999,-54.033,-3.386,-11.704,15.074,22.884,-0.277,-0.077,7.848,0.612,-0.103,8.260
61.614,-145.061,-31.835,174.004,-119.865,-15.723,-72.796,-6.583,-13.651,-1.135,26.836,-1.039,-0.096,8.422,0.350,-0.024,8.244
61.626,-159.344,-35.985,149.833,-127.223,-19.385,-88.777,-10.185,-1.063,-1.544,14.592,-1.349,-0.196,9.086,-0.107,-0.011,8.471
61.638,-188.153,-17.308,133.109,-137.215,-19.075,-102.932,-13.302,8.887,-8.808,-14.822,-0.117,-0.892,7.329,-0.291,-0.181,8.439
61.648,-110.026,-0.096,148.246,-137.814,-15.789,-112.031,-14.121,-7.422,18.889,25.356,0.186,-0.566,7.238,-0.125,-0.370,8.105
61.658,-135.295,-38.427,111.380,-133.943,-17.859,-117.492,-14.740,-3.384,-11.273,1.092,0.334,-0.126,7.576,-0.078,-0.259,8.083
61.669,-127.482,-9.984,75.490,-130.952,-15.857,-121.059,-15.084,-0.337,19.306,7.235,-0.124,0.799,7.721,-0.020,-0.257,7.986
61.680,-62.539,-12.059,63.282,-121.213,-18.744,-122.003,-15.973,0.855,-20.010,21.483,-0.168,0.744,8.086,-0.079,0.049,7.954
61.691,-70.352,-40.746,9.692,-106.326,-20.568,-119.254,-16.867,4.188,4.296,-8.959,0.085,0.232,7.922,-0.065,0.070,8.042
61.702,-22.254,-51.367,-19.971,-87.669,-25.396,-112.776,-18.471,0.553,1.674,12.379,0.270,0.195,7.645,-0.035,0.065,7.981
61.712,15.221,-39.281,-72.585,-65.238,-31.772,-102.796,-21.573,-9.663,4.699,13.809,0.395,0.343,7.834,0.055,0.081,7.895
61.723,35.730,-43.798,-101.150,-37.207,-35.069,-88.481,-24.679,-3.642,3.456,-2.033,0.579,0.425,7.813,0.186,0.156,7.927
61.734,122.524,-51.489,-127.152,-6.785,-40.581,-70.887,-28.218,-12.042,-2.723,13.299,-0.034,-0.086,8.070,0.263,0.159,7.893
61.745,138.394,-51.001,-147.416,25.078,-42.895,-49.468,-31.629,-4.052,1.422,6.445,-0.337,-0.627,8.190,0.193,0.013,7.954
61.756,160.001,-51.123,-166.338,56.340,-42.898,-25.465,-34.324,-3.614,-5.158,9.800,-0.313,-1.036,8.288,0.126,-0.177,7.991
61.767,160.978,-28.295,-187.335,81.888,-39.646,-0.581,-35.843,0.359,-15.634,7.120,0.077,-1.624,8.327,0.117,-0.380,8.060
61.778,193.327,-8.397,-182.574,106.450,-33.541,24.117,-35.676,3.190,-13.594,9.606,0.488,-1.961,8.303,0.179,-0.608,8.093
61.789,202.239,16.994,-192.584,127.488,-25.241,48.187,-33.736,6.610,-8.219,10.619,0.885,-1.898,8.366,0.284,-0.806,8.130
61.800,200.286,22.975,-176.226,144.038,-15.487,70.749,-29.995,6.459,-2.205,7.968,1.036,-1.507,8.377,0.399,-0.923,8.176
61.811,179.167,43.118,-146.074,154.973,-3.276,90.940,-24.322,4.433,-2.256,6.143,1.062,-1.086,8.296,0.504,-0.958,8.209
61.822,148.770,58.987,-124.466,157.147,9.351,107.357,-17.018,6.322,4.928,3.312,1.101,-0.598,8.057,0.578,-0.929,8.208
61.833,141.202,75.833,-96.023,155.252,23.167,119.415,-8.087,9.096,4.806,8.751,1.207,-0.105,7.853,0.665,-0.802,8.148
61.844,91.029,80.106,-57.082,144.945,35.511,126.734,1.756,6.516,-0.639,0.768,1.153,0.288,7.566,0.747,-0.623,8.093
61.855,89.564,77.176,-1.050,128.851,44.696,128.343,11.785,10.734,-11.129,10.684,1.015,0.365,7.577,0.755,-0.407,7.964
61.866,54.529,69.119,8.105,111.438,52.517,125.539,21.299,1.300,-8.442,7.925,1.378,-0.028,7.618,0.773,-0.271,7.940
61.877,16.442,99.516,96.242,86.248,59.386,117.507,30.048,1.034,3.542,9.247,1.770,-0.274,7.779,0.952,-0.283,7.870
61.888,-67.056,42.995,100.393,57.119,62.168,105.165,38.178,0.984,14.707,-0.991,1.733,0.266,7.642,1.112,-0.288,7.911
61.899,-78.409,30.178,149.833,23.232,58.218,87.343,43.499,-14.449,-8.205,21.217,1.324,0.548,7.601,1.222,-0.092,7.802
61.910,-129.680,15.773,159.477,-13.747,50.792,64.925,45.969,-3.405,0.129,-8.083,0.660,0.425,7.582,1.193,0.019,7.818
61.921,-168.621,11.256,172.172,-49.231,42.389,39.530,45.738,-7.077,-11.151,15.670,0.488,0.011,7.183,1.059,0.100,7.721
61.932,-232.222,0.514,161.796,-86.467,34.381,11.207,43.532,12.552,-2.701,-9.570,0.547,0.101,7.346,0.891,0.066,7.721
61.942,-239.424,16.872,197.198,-125.190,29.326,-20.005,40.238,-18.135,12.063,16.956,0.112,0.253,7.480,0.849,0.054,7.624
61.953,-288.254,34.084,229.425,-162.973,24.702,-52.546,36.646,18.034,-16.504,0.747,0.435,-0.229,7.490,0.648,0.051,7.647
61.963,-297.409,1.002,236.017,-193.925,19.524,-85.423,32.970,13.234,21.354,8.514,1.302,0.285,7.371,0.753,-0.037,7.570
61.974,-281.051,-35.497,234.674,-220.177,13.194,-117.196,28.849,-20.779,-0.208,23.387,1.501,0.615,7.561,0.962,0.122,7.508
61.984,-337.083,6.373,162.529,-237.880,6.407,-145.435,23.407,26.879,-8.004,-14.233,1.420,0.574,7.846,0.890,0.202,7.660
61.995,-268.722,-46.484,147.147,-251.629,-3.095,-171.114,17.804,-10.396,17.430,22.927,1.605,0.985,7.965,1.121,0.229,7.603
62.006,-256.148,-30.614,126.761,-253.049,-10.878,-191.367,11.076,-7.170,-12.394,6.006,1.128,0.992,8.315,1.118,0.442,7.757
62.016,-252.974,-46.606,64.747,-247.967,-19.791,-205.800,4.154,7.271,5.963,4.677,0.688,0.989,8.183,1.079,0.491,7.838
62.027,-109.537,-50.146,27.515,-227.002,-31.769,-213.258,-4.035,-14.240,-4.778,30.665,0.347,0.879,8.874,1.023,0.617,7.856
62.038,-138.713,-97.511,-60.500,-196.902,-44.671,-211.295,-12.960,13.277,10.087,-24.220,-0.562,0.778,9.105,0.741,0.607,8.237
62.048,49.280,-99.220,-94.436,-152.026,-57.481,-200.302,-23.041,-8.097,-7.587,29.731,-0.699,0.762,8.924,0.506,0.665,8.232
62.059,55.262,-124.001,-129.349,-102.471,-72.946,-179.825,-34.329,-2.227,-2.450,5.000,-0.252,0.273,9.555,0.383,0.616,8.460
62.070,142.056,-156.839,-156.084,-46.839,-88.405,-150.968,-46.519,-22.812,-1.451,16.698,-0.841,-0.105,9.983,0.296,0.508,8.671
62.080,197.356,-134.988,-170.488,10.363,-97.514,-115.221,-58.537,-5.898,-0.567,0.301,-1.836,-0.563,10.063,0.005,0.309,8.956
62.091,236.175,-111.793,-205.157,67.413,-99.876,-73.909,-68.472,10.411,6.409,11.855,-1.496,-0.335,9.986,-0.313,0.131,9.144
62.101,294.527,-92.506,-203.448,120.207,-100.577,-29.644,-76.565,5.395,5.101,9.081,-1.255,0.433,9.911,-0.556,0.127,9.272
62.112,317.599,-53.198,-212.482,166.575,-91.812,15.747,-81.074,2.098,-2.809,14.901,0.097,1.145,9.919,-0.512,0.309,9.360
62.123,334.567,-47.338,-201.373,205.899,-78.474,59.945,-81.409,-4.943,-10.784,13.227,0.800,0.894,10.054,-0.274,0.483,9.450
62.133,340.427,-11.449,-166.582,236.737,-58.371,101.486,-77.161,-10.015,-20.003,11.905,0.806,-0.350,10.082,-0.015,0.469,9.538
62.144,326.510,56.668,-141.557,258.503,-32.011,139.008,-67.880,-7.379,-6.962,11.431,0.372,-1.218,10.521,0.133,0.224,9.690
62.155,292.329,102.934,-120.194,269.267,-1.770,170.788,-53.757,-3.197,15.684,8.981,-0.469,-0.901,10.628,0.069,-0.061,9.852
62.165,240.936,145.171,-100.418,267.362,29.377,195.206,-35.453,9.196,12.250,7.616,-0.992,-0.341,10.251,-0.133,-0.185,9.947
62.175,171.842,167.755,-88.455,252.084,60.127,210.958,-14.203,10.447,13.522,4.117,-0.991,0.704,9.810,-0.345,-0.150,9.959
62.185,123.013,190.949,-23.755,226.814,88.810,217.245,9.140,13.852,-1.027,11.661,-0.658,1.515,9.273,-0.485,0.104,9.848
62.195,124.966,229.891,26.294,197.088,116.363,214.035,33.426,7.292,-24.623,12.329,0.190,1.226,9.447,-0.438,0.475,9.737
62.205,75.160,201.936,112.112,162.677,136.001,203.512,57.598,-9.333,-2.744,18.242,0.171,0.364,9.778,-0.238,0.524,9.674
62.215,-20.912,170.319,109.671,121.038,148.616,186.177,79.409,-11.747,12.221,1.947,-1.076,0.181,10.161,-0.277,0.413,9.785
62.226,-115.519,172.028,121.390,73.830,153.359,162.414,97.357,10.533,-6.150,-5.575,-1.374,0.498,9.570,-0.547,0.443,9.881
62.236,-128.459,141.265,163.749,20.370,152.243,130.869,111.038,-15.311,-8.370,31.592,-1.037,0.017,9.556,-0.634,0.437,9.695
62.246,-218.427,98.295,194.512,-30.412,144.890,94.730,120.209,-12.387,7.882,-4.943,-1.989,0.300,10.065,-0.761,0.336,9.782
62.257,-239.058,77.787,229.059,-83.236,132.622,54.660,124.451,-14.564,-8.248,23.840,-2.344,0.278,10.071,-1.005,0.389,9.809
62.268,-339.891,68.509,213.556,-139.183,120.315,10.948,124.516,30.881,-2.083,-9.462,-1.129,0.199,9.752,-1.169,0.330,9.882
62.279,-303.879,44.460,262.751,-187.366,103.091,-35.248,120.599,-0.323,18.429,30.615,-0.358,0.647,9.989,-1.004,0.320,9.788
62.290,-372.851,26.760,247.004,-234.776,83.086,-81.384,112.730,11.223,-8.607,11.474,0.009,0.564,10.326,-0.948,0.415,9.892
62.301,-463.064,-13.646,207.940,-279.118,61.370,-126.862,101.732,21.016,17.308,-3.477,1.100,0.912,9.869,-0.678,0.371,9.946
62.312,-358.935,-25.487,230.890,-308.139,39.382,-170.373,88.000,-12.911,17.790,35.027,1.261,1.677,10.283,-0.254,0.547,9.857
62.323,-387.622,-95.069,161.796,-323.383,15.530,-206.853,72.251,0.301,-12.933,5.669,1.135,1.490,10.449,-0.036,0.788,10.044
62.334,-363.329,-101.417,115.530,-326.728,-10.194,-236.494,53.775,12.379,-5.216,-4.152,1.323,1.069,10.082,0.186,0.855,10.067
62.345,-202.314,-139.138,88.308,-307.089,-41.038,-255.926,32.643,-18.573,2.694,39.194,0.862,0.758,10.462,0.395,0.881,10.018
62.356,-156.414,-190.653,-18.628,-269.986,-74.599,-262.115,8.539,8.916,0.488,-15.627,0.425,0.676,10.237,0.348,0.822,10.176
62.367,-44.228,-169.046,-49.879,-220.017,-102.565,-255.798,-17.186,-1.393,8.090,27.605,0.726,0.625,10.505,0.438,0.786,10.129
62.378,50.745,-238.384,-122.025,-156.160,-136.095,-235.827,-44.315,10.691,-0.955,-5.503,0.508,0.671,10.325,0.408,0.745,10.258
62.389,183.928,-224.102,-133.500,-82.933,-162.770,-203.887,-71.866,4.246,-9.771,24.666,1.213,0.452,10.522,0.527,0.757,10.207
62.400,231.659,-231.182,-165.239,-8.717,-183.433,-160.982,-98.280,-3.068,0.948,7.637,1.096,0.249,10.956,0.661,0.676,10.342
62.411,281.587,-218.120,-203.326,63.641,-195.408,-110.554,-121.502,11.036,9.915,3.808,1.022,0.667,10.704,0.699,0.630,10.456
62.422,358.738,-215.190,-219.684,131.198,-201.172,-55.550,-141.123,7.249,-11.223,18.005,1.294,0.382,10.564,0.725,0.637,10.434
62.433,375.096,-143.655,-216.999,190.215,-191.264,1.163,-154.496,-3.901,-4.684,16.360,1.673,0.063,11.102,0.931,0.584,10.506
62.444,402.074,-104.103,-172.442,240.455,-172.356,56.985,-160.343,-9.089,7.989,0.229,0.722,0.063,10.815,0.975,0.480,10.620
62.455,351.169,-40.380,-202.594,273.798,-144.125,108.764,-158.534,21.835,12.487,9.347,1.065,0.403,10.320,0.884,0.389,10.592
62.466,355.197,25.173,-140.214,293.512,-105.493,153.304,-148.463,-2.938,0.704,18.444,1.199,0.900,10.310,0.909,0.488,10.499
62.477,316.134,111.479,-134.965,300.536,-55.919,189.420,-129.198,-8.119,-5.417,12.466,1.387,0.525,10.459,1.079,0.539,10.474
62.488,283.296,163.727,-96.511,297.585,-3.240,216.821,-101.798,-5.970,8.665,2.464,0.272,0.236,10.249,1.005,0.449,10.483
62.499,172.819,217.439,-79.665,276.920,51.596,233.739,-67.705,15.110,-9.268,11.567,0.665,0.126,9.739,0.868,0.421,10.376
62.510,180.754,306.309,-18.262,249.358,106.744,239.599,-28.656,-6.682,1.990,21.741,0.521,0.175,10.136,0.847,0.413,10.247
62.521,70.765,317.784,19.702,211.944,156.199,235.638,13.448,14.082,5.115,-8.557,0.581,0.004,9.959,0.729,0.311,10.286
62.532,32.556,307.896,45.826,171.043,197.596,223.082,56.368,5.654,2.830,21.239,1.075,0.004,9.763,0.727,0.223,10.189
62.543,-33.974,323.277,116.751,122.218,232.566,201.722,97.554,-16.798,9.958,10.777,0.864,0.410,10.081,0.834,0.222,10.136
62.554,-138.835,308.384,119.559,68.551,256.008,173.196,135.360,8.859,1.084,0.768,0.872,0.799,9.901,0.779,0.311,10.191
62.565,-124.064,310.826,196.221,15.999,270.741,137.710,167.908,-8.758,0.840,17.926,1.152,0.871,10.015,0.918,0.435,10.088
62.576,-241.377,284.458,195.000,-43.978,275.730,97.207,194.576,22.704,-6.193,2.069,1.921,0.801,10.218,0.974,0.527,10.166
62.587,-276.779,275.180,231.500,-102.650,275.200,51.654,214.725,-10.102,13.831,20.082,1.967,0.925,10.504,1.241,0.542,10.156
62.597,-364.062,197.541,240.290,-160.248,261.006,3.673,227.521,-2.306,-12.990,-1.049,1.292,0.711,10.430,1.242,0.627,10.286
62.608,-353.441,164.947,243.098,-209.641,241.563,-45.936,232.666,-4.900,11.553,12.135,0.788,0.691,10.218,1.244,0.592,10.229
62.619,-358.691,154.327,247.736,-250.889,218.964,-93.946,230.819,-0.589,-6.646,13.859,0.475,0.441,10.569,1.085,0.638,10.280
62.629,-401.661,108.061,213.800,-285.771,193.256,-139.120,223.470,25.830,1.997,-2.988,1.074,0.214,10.736,0.997,0.541,10.418
62.639,-338.915,28.469,196.831,-309.016,158.361,-180.060,209.956,-25.772,-1.228,23.883,0.462,-0.286,10.943,1.048,0.452,10.444
62.650,-371.142,-13.402,133.963,-315.834,118.988,-212.946,190.164,12.839,-6.258,-11.632,0.664,-0.375,10.514,0.866,0.311,10.592
62.660,-241.988,-64.185,147.391,-308.891,75.566,-238.054,164.940,-9.232,10.253,22.517,0.790,-0.882,10.623,0.907,0.067,10.506
62.670,-251.998,-136.086,73.293,-285.980,28.816,-251.078,134.900,14.894,-0.172,-2.651,1.258,-0.786,10.435,0.862,-0.108,10.622
62.680,-49.599,-159.280,34.839,-245.823,-18.555,-253.883,100.276,-17.107,9.764,35.328,1.287,-0.576,10.954,1.070,-0.244,10.488
62.691,-29.457,-212.260,-57.570,-183.056,-63.419,-240.310,62.856,25.241,-7.795,-13.486,0.807,-0.374,11.090,0.854,-0.239,10.773
62.701,197.356,-214.091,-72.341,-113.987,-103.915,-215.363,24.379,-20.585,-7.458,41.831,0.808,-0.996,11.734,0.985,-0.307,10.706
62.711,182.585,-309.065,-153.886,-36.404,-145.370,-176.458,-14.648,10.152,4.742,-17.272,0.027,-1.195,12.125,0.775,-0.516,11.097
62.721,276.216,-253.888,-187.335,39.651,-174.209,-128.200,-52.340,7.680,-12.782,27.066,0.682,-1.096,11.836,0.665,-0.575,11.167
62.731,395.726,-248.638,-185.992,122.192,-190.313,-72.505,-85.701,-7.515,-3.420,9.261,0.570,-1.510,12.406,0.700,-0.698,11.342
62.741,423.193,-175.394,-227.985,197.451,-187.560,-10.652,-111.202,4.081,7.450,10.044,0.354,-0.977,12.691,0.626,-0.813,11.606
62.752,437.842,-126.442,-210.529,256.565,-174.188,51.586,-127.911,10.497,-9.893,14.183,0.675,-0.795,12.643,0.566,-0.765,11.786
62.762,452.368,-48.315,-217.243,300.580,-146.350,109.950,-134.782,-0.797,-3.966,20.427,1.250,-1.129,12.751,0.679,-0.789,11.920
62.772,421.117,3.810,-164.507,334.491,-106.424,163.543,-130.579,-12.185,5.618,13.213,0.711,-1.213,12.716,0.782,-0.927,12.045
62.782,387.059,125.762,-201.251,350.333,-56.003,209.094,-116.117,4.167,9.038,5.015,0.328,-0.243,12.467,0.692,-0.925,12.164
62.793,344.821,195.588,-127.274,348.391,0.259,244.025,-91.603,15.232,-20.527,14.556,0.857,-0.398,11.951,0.623,-0.740,12.125
62.803,343.234,274.692,-86.868,337.507,61.297,267.629,-58.397,-7.752,-5.877,15.706,1.039,-0.634,12.234,0.724,-0.646,12.113
62.813,204.680,314.976,-86.379,312.067,123.158,280.806,-17.724,-4.282,5.166,11.237,0.366,-1.219,12.072,0.751,-0.777,12.105
62.823,155.729,386.268,-39.747,275.013,180.815,282.224,27.073,21.152,5.079,6.071,-0.236,-0.517,12.191,0.487,-0.793,12.153
62.833,83.827,412.758,-13.013,232.312,236.834,273.407,75.073,6.926,-8.047,4.102,0.337,-0.525,11.514,0.346,-0.690,12.134
62.843,30.114,447.549,58.644,181.103,282.639,253.990,122.904,3.039,-1.020,21.928,1.209,-0.926,11.475,0.453,-0.732,11.927
62.855,-84.146,408.973,72.926,107.851,327.895,215.859,183.616,3.944,-6.531,3.089,1.150,-1.288,11.500,0.623,-0.899,11.923
62.866,-146.038,391.517,128.958,48.651,344.247,178.761,222.392,-4.418,-7.486,19.227,0.817,-1.152,10.936,0.652,-0.922,11.732
62.876,-217.451,381.141,163.871,-11.617,350.027,135.970,253.460,-0.524,3.132,16.963,0.828,-0.964,11.186,0.690,-0.941,11.584
62.886,-278.488,292.149,184.990,-72.249,342.703,88.889,276.430,-8.952,1.020,2.823,-0.340,-0.627,11.228,0.573,-0.914,11.558
62.896,-284.714,271.274,226.373,-125.664,327.825,39.604,290.419,-4.131,-1.803,13.019,-0.711,-0.432,10.790,0.327,-0.816,11.471
62.906,-284.347,228.426,271.297,-175.818,301.085,-10.783,295.032,-6.423,7.199,18.034,0.049,-0.471,11.047,0.326,-0.803,11.311
62.918,-378.100,143.462,223.322,-232.281,250.979,-74.681,286.372,1.257,-3.060,26.333,0.754,-0.687,11.841,0.317,-0.718,11.436
62.930,-369.433,55.935,222.955,-270.783,193.945,-133.039,263.308,23.042,-6.488,-17.395,1.093,-0.682,11.518,0.387,-0.707,11.583
62.942,-292.404,-17.430,223.566,-290.289,126.202,-181.658,227.093,6.013,10.964,33.123,1.794,-0.204,12.274,0.711,-0.691,11.491
62.952,-314.744,-102.028,188.897,-293.270,73.537,-208.890,193.124,18.149,-7.961,0.862,1.942,0.084,12.558,0.825,-0.502,11.765
62.964,-239.790,-175.882,131.400,-279.324,0.139,-233.209,139.789,11.244,9.599,4.943,2.421,0.132,11.765,1.207,-0.436,11.768
62.974,-107.706,-243.511,73.659,-248.130,-56.715,-239.771,95.151,-24.213,2.371,18.084,2.297,-0.126,11.826,1.510,-0.353,11.749
62.986,-73.403,-291.120,-5.810,-189.975,-129.216,-229.669,31.697,6.710,-12.502,15.584,2.125,-0.975,12.143,1.601,-0.420,11.844
62.997,101.039,-323.836,-55.373,-128.888,-176.739,-209.956,-16.789,-4.778,8.133,4.957,1.259,-1.288,12.113,1.614,-0.599,11.870
63.007,138.272,-314.070,-125.321,-62.863,-212.105,-178.028,-62.741,19.708,-12.329,-4.950,1.515,-1.481,11.050,1.470,-0.685,11.906
63.017,269.501,-270.612,-119.461,5.563,-234.520,-138.265,-104.037,-9.405,4.210,31.305,1.873,-1.556,11.355,1.637,-0.843,11.671
63.027,228.241,-254.010,-207.355,71.450,-243.985,-90.385,-138.199,19.399,8.593,-4.454,1.897,-0.975,11.495,1.597,-0.959,11.760
63.037,390.965,-205.790,-167.192,133.513,-241.072,-39.916,-164.383,-16.963,-8.284,30.766,1.518,-0.829,11.829,1.637,-0.865,11.640
63.048,312.594,-160.379,-206.012,183.023,-221.963,11.662,-180.316,-4.576,7.644,-6.466,1.177,-1.301,12.161,1.636,-0.981,11.773
63.059,342.502,-63.574,-198.565,233.503,-177.640,77.457,-184.262,-0.215,-13.694,32.332,0.739,-1.374,12.973,1.400,-1.019,11.935
63.071,293.062,20.168,-175.127,260.880,-119.630,133.246,-170.065,2.399,-0.991,-5.841,0.913,-1.650,12.668,1.319,-1.164,12.206
63.083,318.331,136.504,-151.933,268.950,-51.813,175.525,-140.191,1.551,-22.216,17.840,0.829,-1.694,12.152,1.147,-1.220,12.193
63.094,232.635,201.448,-115.067,258.921,23.647,202.758,-96.519,-12.480,14.406,2.622,0.755,-1.353,11.875,1.160,-1.304,12.186
63.106,137.784,270.175,-130.936,233.446,97.676,215.846,-42.635,12.638,5.424,19.234,0.927,-0.648,11.384,1.042,-1.288,12.017
63.117,87.001,315.343,-65.383,198.287,168.196,214.184,16.833,-8.205,-7.134,5.539,0.954,-0.870,10.854,1.065,-1.109,11.808
63.129,51.844,390.906,-20.459,158.337,230.287,201.039,78.081,9.563,11.999,12.861,0.350,-0.046,10.938,0.951,-1.040,11.587
63.141,10.949,365.759,16.528,113.876,276.972,178.201,136.335,-5.791,-7.343,8.945,0.761,0.038,10.369,0.820,-0.689,11.411
63.152,-47.890,326.940,45.582,69.031,303.962,148.479,187.040,-11.948,2.960,5.410,0.365,-0.054,10.221,0.846,-0.577,11.128
63.164,-97.818,304.478,98.318,19.781,313.264,113.347,226.519,-4.138,1.329,22.905,-0.135,0.176,10.323,0.536,-0.437,10.939
63.174,-115.275,267.490,136.893,-15.676,305.935,83.701,246.852,-27.001,-9.354,14.477,-0.432,-0.054,10.660,0.517,-0.315,10.821
63.186,-187.787,203.279,186.089,-63.579,280.713,42.356,260.833,23.516,6.581,9.850,0.065,0.190,10.533,0.314,-0.256,10.840
63.198,-197.919,150.665,227.350,-105.762,243.798,-0.288,259.402,-14.125,-5.230,10.698,0.116,0.114,10.159,0.319,-0.107,10.649
63.210,-247.969,80.350,217.096,-144.374,195.816,-41.795,244.426,2.464,8.284,1.408,-0.240,0.450,9.503,0.213,-0.075,10.537
63.222,-233.931,13.698,254.939,-176.530,141.999,-81.301,217.516,-3.951,-5.532,13.723,0.007,0.338,9.362,0.189,0.084,10.221
63.232,-259.200,-69.678,219.049,-197.587,98.390,-108.754,191.475,-6.057,8.047,3.793,-0.814,-0.017,9.503,0.113,0.049,10.136
63.244,-225.508,-93.482,198.785,-214.772,39.412,-140.645,149.490,-1.753,-5.223,29.473,-0.754,0.060,10.070,-0.100,0.087,10.018
63.256,-275.314,-173.685,137.626,-229.046,-17.971,-167.209,102.668,-7.019,4.117,-12.351,-1.195,0.103,9.129,-0.213,0.078,10.004
63.268,-176.800,-182.963,83.913,-223.893,-68.790,-186.296,53.544,-5.489,-14.075,14.441,-1.113,-0.000,8.502,-0.471,0.124,9.628
63.278,-179.974,-208.842,39.234,-210.205,-100.910,-193.149,17.532,-10.799,1.142,-2.680,-1.085,-0.249,8.315,-0.512,0.060,9.484
63.290,-95.865,-230.327,-34.254,-181.936,-138.835,-192.894,-27.823,11.754,-3.628,14.348,-0.861,-0.391,8.173,-0.681,-0.077,9.182
63.302,-51.918,-226.299,-55.250,-145.105,-169.791,-182.011,-69.923,-2.256,-6.114,3.262,-0.312,-0.776,8.129,-0.595,-0.124,8.975
63.314,20.470,-234.722,-76.613,-99.230,-189.860,-160.827,-105.833,6.301,9.125,-0.229,-0.093,-0.372,7.915,-0.448,-0.273,8.761
63.324,39.514,-220.439,-151.445,-63.945,-197.591,-139.131,-128.003,7.228,8.715,3.772,-0.358,0.400,7.609,-0.477,-0.235,8.626
63.336,78.211,-149.392,-170.366,-22.664,-194.144,-106.583,-149.863,7.048,-5.331,14.441,0.177,0.710,7.975,-0.462,-0.023,8.402
63.348,100.429,-168.924,-164.141,11.370,-183.768,-72.962,-161.547,-8.830,-12.523,9.074,0.532,-0.332,8.265,-0.130,0.071,8.340
63.360,91.762,-96.534,-171.465,39.150,-162.962,-40.122,-164.484,10.447,12.351,9.635,0.358,-0.609,8.385,-0.037,-0.173,8.366
63.370,94.081,-40.746,-181.231,54.108,-137.864,-17.654,-159.801,14.621,7.515,12.329,0.392,0.596,8.392,-0.050,-0.114,8.368
63.382,89.198,-27.929,-180.865,64.045,-100.339,7.305,-144.808,-2.019,-17.201,6.107,0.840,0.614,8.147,0.065,0.127,8.356
63.394,102.626,53.372,-148.881,70.732,-59.484,26.384,-122.453,-11.395,-1.429,9.139,0.814,0.201,8.132,0.339,0.209,8.281
63.406,38.904,98.905,-150.834,68.597,-13.065,40.286,-92.514,11.294,20.922,2.162,0.610,0.669,7.983,0.374,0.152,8.253
63.416,18.761,149.566,-148.027,63.481,23.772,46.887,-66.536,16.575,11.769,-2.938,0.586,1.280,7.405,0.320,0.258,8.201
63.428,51.477,185.578,-106.155,57.462,71.838,50.642,-27.931,8.025,-0.833,12.085,1.390,1.612,6.912,0.420,0.582,7.883
63.440,35.730,223.665,-52.443,53.562,116.217,51.833,13.016,-4.088,8.133,-1.645,1.416,1.517,6.663,0.734,0.819,7.671
63.452,40.246,258.944,-46.583,54.332,158.071,52.701,54.620,15.304,-0.675,-5.007,1.549,1.264,5.751,0.857,0.887,7.394
63.464,125.332,289.463,34.961,64.899,194.880,54.707,95.005,-14.104,2.126,14.391,1.367,1.166,5.380,1.039,0.995,6.838
63.474,59.778,259.433,43.629,74.024,215.157,59.287,123.651,5.122,10.324,-16.920,0.885,1.229,5.162,1.023,0.960,6.700
63.486,160.367,293.003,131.400,93.308,236.915,68.022,157.202,-8.392,-3.096,19.004,0.683,1.314,5.095,0.965,1.075,6.234
63.498,110.439,248.568,138.236,106.327,245.374,79.420,184.687,3.836,-2.026,-2.521,0.963,0.930,4.950,0.883,1.088,6.164
63.510,144.131,219.759,189.385,123.128,241.650,91.165,203.452,14.018,-7.062,-25.478,1.200,0.658,4.249,0.986,1.003,5.762
63.520,135.342,143.951,232.477,129.394,228.660,100.767,211.449,-6.423,1.954,13.055,0.983,0.482,3.965,1.011,0.951,5.524
63.532,123.379,152.740,234.186,127.231,205.120,108.833,211.918,21.217,-5.036,-13.493,1.139,0.493,4.089,0.988,0.846,5.181
63.544,98.476,116.240,236.994,120.573,171.730,113.646,202.760,15.261,10.928,19.227,2.103,0.974,5.447,1.181,0.750,5.020
63.556,51.477,45.803,218.683,101.646,132.972,112.009,184.659,-24.831,8.514,16.216,1.248,1.293,6.631,1.318,0.851,5.299
63.566,-22.621,-20.238,187.676,82.650,98.003,106.686,165.901,4.734,-1.185,-5.144,0.963,1.608,6.688,1.223,0.947,5.588
63.578,7.897,-45.019,189.263,54.214,52.030,92.584,134.298,-21.253,-0.294,21.210,0.020,1.314,7.871,1.131,1.112,5.880
63.590,-65.713,-118.996,130.301,16.185,5.093,72.627,98.362,-0.596,-3.944,14.650,-0.390,1.153,8.692,0.719,1.137,6.532
63.602,-116.984,-138.284,128.836,-20.837,-35.043,46.895,60.123,-14.140,2.119,-0.244,-0.843,1.003,8.206,0.526,1.116,6.897
63.614,-144.573,-149.514,72.560,-54.363,-67.262,18.251,23.112,1.652,1.372,-0.502,-0.814,1.163,8.296,0.225,1.113,7.220
63.624,-166.912,-148.904,31.299,-80.723,-86.729,-4.176,-2.591,8.931,9.707,19.931,-0.539,1.822,8.585,0.028,1.145,7.397
63.636,-163.128,-149.514,-42.433,-108.788,-106.317,-34.768,-33.561,1.609,-10.095,1.243,0.155,1.703,8.887,-0.058,1.388,7.722
63.648,-178.631,-126.442,-66.847,-133.138,-115.704,-63.895,-58.845,-9.814,13.249,20.333,0.579,1.272,9.568,0.224,1.325,7.981
63.660,-196.088,-111.793,-115.433,-145.542,-118.528,-87.914,-77.875,5.956,8.305,9.189,-0.187,1.697,10.272,0.158,1.295,8.468
63.670,-186.444,-85.914,-139.482,-153.510,-114.178,-103.584,-87.353,15.239,13.148,14.427,-0.117,2.268,11.029,0.047,1.383,8.874
63.682,-148.967,-60.034,-164.018,-161.208,-105.694,-121.307,-94.442,2.953,-0.876,14.183,0.343,2.585,11.291,0.003,1.598,9.385
63.694,-189.740,-54.175,-147.661,-168.455,-95.243,-135.497,-96.073,-8.140,-5.863,16.611,0.625,2.356,11.847,0.210,1.886,9.850
63.706,-171.917,-62.353,-147.661,-167.676,-81.331,-145.814,-92.823,0.761,7.300,4.461,-0.123,2.283,12.065,0.237,1.934,10.350
63.716,-207.929,-10.350,-161.089,-171.848,-69.453,-151.737,-87.960,30.493,1.573,15.598,0.535,2.527,12.385,0.130,2.015,10.690
63.728,-134.441,-33.666,-111.649,-163.295,-50.722,-156.726,-77.836,-18.365,4.684,4.742,-0.336,2.719,12.307,0.164,2.176,11.037
63.740,-129.435,6.984,-115.067,-156.326,-36.773,-157.096,-66.287,-5.331,-11.618,30.371,-0.329,2.536,12.897,0.064,2.325,11.395
63.752,-166.424,-8.885,-102.493,-144.400,-23.081,-154.269,-53.796,21.310,8.737,-18.551,0.647,2.511,11.294,0.090,2.297,11.614
63.762,-23.841,6.129,-64.284,-133.164,-11.214,-150.624,-43.934,-23.437,-1.602,36.600,0.726,2.434,11.287,0.308,2.355,11.417
63.774,-77.066,30.910,-21.680,-110.818,3.992,-139.766,-30.661,-6.674,-11.862,12.243,-0.246,1.537,11.844,0.150,2.291,11.626
63.786,-50.209,49.099,6.884,-91.200,15.322,-126.681,-17.406,5.942,-17.287,0.416,0.207,0.829,11.067,0.132,2.051,11.565
63.798,-33.119,43.606,4.931,-69.202,21.046,-110.573,-5.630,3.348,-8.320,8.047,0.781,0.021,10.338,0.287,1.628,11.308
63.808,3.502,31.643,26.416,-51.111,25.336,-97.275,1.970,-6.768,12.530,11.769,-0.771,0.483,10.626,0.243,1.353,11.161
63.820,56.604,47.390,83.547,-25.723,30.113,-77.620,10.317,-1.652,14.722,0.194,-0.850,1.342,9.909,0.006,1.288,10.943
63.831,39.636,15.529,112.600,-5.620,28.368,-56.162,16.425,-4.131,-8.377,21.749,-0.021,1.004,8.308,-0.172,1.391,10.519
63.841,50.745,18.947,93.069,12.116,26.104,-36.550,19.776,10.073,3.240,-9.160,0.083,0.695,7.321,-0.127,1.149,9.874
63.851,25.353,22.975,86.110,21.140,24.331,-18.942,21.298,2.205,7.702,-2.450,0.150,1.253,5.607,-0.120,1.082,9.180
63.861,51.477,16.017,84.523,26.115,19.728,-5.452,21.112,-4.950,-4.138,10.835,-0.060,1.644,4.808,-0.064,1.191,8.167
63.871,25.353,21.755,58.155,29.672,17.654,5.516,20.184,6.394,-1.264,-11.266,-0.023,1.548,4.067,-0.106,1.294,7.464
63.881,36.340,14.552,44.727,29.849,15.240,13.223,18.824,2.464,-0.912,1.710,0.237,1.433,2.851,-0.068,1.332,6.569
63.892,36.340,9.425,43.629,30.010,12.710,18.434,17.147,0.273,-0.194,3.513,0.245,1.311,2.232,-0.004,1.353,5.633
63.902,29.138,4.908,40.577,29.946,9.983,22.118,15.108,1.077,-0.890,-2.665,0.329,1.115,1.894,0.060,1.313,4.877
63.912,26.696,3.321,36.548,29.363,7.767,24.576,13.052,1.142,-0.086,-0.711,0.379,1.014,1.371,0.119,1.262,4.180
63.923,30.969,0.025,31.299,27.991,5.801,25.679,10.924,-1.487,0.682,1.731,0.316,0.931,0.996,0.173,1.202,3.499
63.933,34.021,-0.218,32.276,29.369,5.557,26.665,9.331,-0.093,1.789,-1.192,0.252,0.981,0.792,0.194,1.143,2.935
63.943,98.354,-103.492,266.658,37.520,-15.627,29.844,5.592,-66.979,170.293,40.092,-8.702,21.704,3.141,-0.685,3.217,2.584
63.954,568.095,-407.579,255.183,193.841,-114.987,62.231,-23.055,-18.875,235.188,83.986,-26.742,67.635,18.510,-5.760,13.751,4.726
63.964,45.984,-284.284,121.023,217.444,-134.178,115.690,-53.258,62.632,167.929,-54.922,-24.210,66.805,6.858,-10.261,23.410,6.743
63.975,529.275,-42.700,356.138,349.441,-104.399,179.718,-72.284,-3.499,93.297,34.416,-21.593,55.326,0.651,-13.120,29.998,5.661
63.985,654.645,5.763,442.811,441.120,-71.159,252.958,-75.449,-11.999,34.682,4.785,-17.979,42.620,0.722,-14.347,33.213,4.415
63.996,607.769,37.380,420.959,503.887,-38.446,326.726,-67.180,-1.659,21.468,-23.689,-14.258,32.316,0.541,-14.582,33.509,3.812
64.006,612.652,67.044,429.749,541.005,-5.363,391.302,-50.971,-6.143,23.430,4.778,-10.739,25.419,-0.362,-13.943,31.954,2.947
64.017,616.192,105.375,439.881,564.332,27.080,443.858,-29.730,-6.811,10.346,3.154,-8.058,20.129,-0.171,-12.773,29.651,2.192
64.027,591.655,129.668,433.533,575.435,59.717,484.742,-4.698,-4.361,9.477,-6.423,-6.074,16.085,-0.333,-11.417,26.910,1.720
64.038,592.021,164.093,435.608,580.257,91.187,514.683,22.404,-5.496,2.385,3.032,-4.463,12.765,-0.576,-9.966,24.057,1.218
64.048,582.377,199.616,438.538,580.489,123.306,535.523,50.921,-4.361,-0.086,0.883,-3.367,10.126,-0.471,-8.562,21.236,0.816
64.059,556.864,225.618,437.073,576.376,154.107,549.102,80.358,-3.168,0.905,-2.938,-2.724,8.085,-0.359,-7.317,18.550,0.586
64.069,553.446,248.324,437.684,569.673,182.799,556.400,109.849,-1.875,-1.228,1.228,-2.160,6.343,-0.415,-6.220,16.061,0.366
64.080,535.013,281.406,438.416,561.031,212.435,558.831,139.288,-0.481,0.452,0.567,-1.759,4.874,-0.339,-5.270,13.760,0.190
64.090,514.138,306.065,437.684,548.951,239.074,557.092,168.014,0.280,3.154,-1.860,-1.517,3.764,-0.291,-4.486,11.667,0.101
64.101,500.954,328.527,434.754,536.427,265.832,552.022,196.230,1.372,1.882,0.768,-1.173,2.891,-0.343,-3.804,9.813,-0.000
64.111,483.375,348.181,445.862,522.026,291.467,544.148,223.799,1.314,3.039,-0.538,-0.848,2.363,-0.258,-3.198,8.222,-0.063
64.122,463.721,371.863,444.153,505.536,315.798,533.759,250.427,0.438,2.565,-1.120,-0.550,2.110,-0.310,-2.654,6.903,-0.100
64.132,445.776,393.226,444.764,487.705,338.540,521.046,276.023,-0.079,0.409,0.740,-0.304,1.875,-0.349,-2.162,5.831,-0.162
64.142,425.756,417.274,444.275,469.856,361.662,506.815,300.732,-0.287,-0.079,-0.661,-0.150,1.704,-0.298,-1.732,4.962,-0.192
64.153,406.102,438.271,437.684,449.520,384.162,490.792,324.799,-0.524,-0.898,-0.136,-0.069,1.508,-0.307,-1.371,4.246,-0.213
64.163,376.438,460.977,451.112,427.614,405.760,473.110,348.120,-0.589,-1.084,0.589,-0.051,1.294,-0.287,-1.078,3.644,-0.240
64.174,354.587,474.649,454.286,405.291,425.056,453.980,370.415,0.244,-0.553,-0.768,-0.068,1.050,-0.248,-0.856,3.113,-0.240
64.184,334.445,485.880,442.444,383.246,443.423,433.875,391.614,0.581,-0.021,0.086,-0.084,0.840,-0.240,-0.691,2.644,-0.241
64.194,303.682,500.163,450.745,359.874,459.989,412.878,411.501,0.689,0.438,0.050,-0.081,0.695,-0.202,-0.565,2.236,-0.239
64.205,274.873,505.778,452.943,334.322,474.861,390.735,430.048,1.041,0.488,-0.768,-0.069,0.572,-0.195,-0.469,1.884,-0.226
64.215,249.359,520.671,460.145,309.892,488.546,367.797,447.128,0.969,0.977,0.194,-0.003,0.523,-0.179,-0.383,1.589,-0.218
64.226,216.277,529.705,460.756,282.706,500.694,343.765,462.856,0.682,0.934,-0.186,0.054,0.513,-0.154,-0.301,1.353,-0.206
64.236,186.125,548.504,459.291,255.872,514.404,318.897,477.729,0.840,0.467,-0.704,0.134,0.487,-0.180,-0.219,1.165,-0.193
64.247,166.105,549.969,461.854,229.168,525.823,293.249,491.749,0.165,0.603,0.229,0.195,0.499,-0.165,-0.135,1.019,-0.191
64.257,127.896,552.410,464.052,200.685,533.483,266.992,504.173,-0.380,0.229,-0.524,0.195,0.497,-0.163,-0.060,0.908,-0.183
64.268,108.364,561.444,468.568,172.450,541.890,239.951,515.251,-0.517,0.165,0.007,0.175,0.493,-0.162,-0.002,0.820,-0.178
64.278,76.747,563.031,461.488,143.743,547.376,212.457,524.796,-0.546,0.014,0.007,0.124,0.475,-0.149,0.035,0.751,-0.175
64.288,42.444,562.543,476.503,114.541,551.804,184.553,532.878,-0.222,0.100,-0.215,0.065,0.441,-0.135,0.049,0.690,-0.167
64.299,21.813,562.420,477.235,86.512,554.716,156.446,539.538,-0.028,0.546,1.135,-0.002,0.405,-0.043,0.044,0.633,-0.154
64.309,130.581,438.759,471.010,82.687,534.226,132.194,541.050,-4.368,-4.461,14.154,-0.649,-0.163,1.825,-0.042,0.526,0.076
64.320,1074.458,-245.098,493.471,359.285,312.281,172.990,493.573,-60.347,-55.813,23.897,-11.421,-13.819,16.042,-1.702,-1.710,3.068
64.330,966.056,-158.548,489.809,562.975,149.208,276.235,399.920,28.266,31.010,14.406,-9.134,-12.305,13.664,-3.847,-4.416,5.295
64.341,344.333,-549.795,164.726,522.107,-69.618,361.478,274.395,-74.049,99.936,104.413,-30.407,6.538,31.823,-8.128,-3.820,9.445
64.352,150.113,-683.954,198.785,423.519,-260.955,391.203,123.838,11.740,34.948,-59.039,-29.579,12.118,24.221,-13.203,-0.696,13.820
64.362,185.270,-617.912,196.221,358.974,-376.944,388.604,-23.454,1.041,33.137,13.967,-22.376,8.139,18.213,-15.730,1.062,15.219
64.373,30.725,-381.821,175.224,271.131,-402.130,361.460,-142.666,11.740,41.493,40.451,-14.210,9.206,19.177,-15.931,2.458,15.745
64.383,-123.210,-329.329,142.386,154.620,-368.623,308.190,-217.272,12.236,29.329,-12.300,-6.439,11.510,16.229,-14.421,4.093,16.256
64.394,-26.405,-333.968,142.875,93.511,-357.769,246.008,-262.754,5.036,7.587,-0.560,-3.463,10.249,12.288,-12.261,5.442,15.684
64.405,-34.340,-319.441,123.709,55.080,-348.443,189.439,-291.149,1.745,5.762,5.194,-1.481,9.069,10.214,-10.047,6.290,14.629
64.415,-61.196,-293.928,123.587,19.390,-331.531,139.316,-305.804,-2.320,2.988,0.977,-0.222,7.766,8.524,-7.973,6.697,13.449
64.426,-67.056,-264.996,134.940,-8.253,-311.394,95.360,-309.669,0.984,-0.603,1.659,0.816,6.266,6.977,-6.106,6.722,12.167
64.436,-79.385,-228.008,150.810,-31.310,-287.185,57.483,-305.207,0.064,2.191,3.879,1.451,5.222,5.969,-4.482,6.481,10.893
64.446,-93.179,-192.484,155.815,-51.145,-259.659,24.972,-293.748,1.142,2.069,1.221,1.967,4.284,5.129,-3.104,6.071,9.715
64.457,-101.603,-153.421,170.830,-66.270,-228.190,-2.294,-276.172,6.143,2.306,1.810,2.791,3.590,4.428,-1.882,5.574,8.630
64.467,-91.593,-117.409,159.843,-75.912,-193.949,-24.729,-253.716,7.953,2.658,3.118,3.853,3.093,4.036,-0.715,5.064,7.663
64.478,-70.962,-77.124,148.002,-75.842,-160.008,-41.031,-227.665,12.128,2.090,3.470,5.315,2.659,3.993,0.462,4.568,6.880
64.488,-49.599,-17.308,126.395,-68.886,-119.892,-50.688,-197.905,17.423,-0.251,7.608,7.708,2.059,4.685,1.843,4.065,6.347
64.499,-31.532,11.622,86.110,-57.490,-79.118,-54.081,-164.445,11.496,-3.161,2.737,8.466,0.856,4.465,3.222,3.456,5.971
64.509,-2.112,24.318,59.132,-41.970,-46.042,-52.000,-130.306,9.556,-5.087,3.233,8.670,-0.346,4.150,4.380,2.725,5.601
64.520,8.385,40.798,28.369,-25.804,-18.776,-45.355,-97.711,9.405,-7.077,2.823,8.689,-1.574,3.909,5.302,1.893,5.254
64.530,13.024,66.556,5.786,-11.887,6.948,-35.965,-67.204,7.680,-7.177,3.951,8.448,-2.617,3.841,5.997,1.002,4.952
64.540,20.104,92.558,0.903,-0.959,33.875,-25.951,-37.978,5.575,-4.799,4.339,7.853,-3.132,3.910,6.441,0.150,4.722
64.551,27.917,130.645,-10.938,7.635,62.407,-16.258,-9.188,4.720,-2.766,4.670,7.127,-3.061,4.061,6.639,-0.546,4.567
64.561,29.626,156.158,-29.493,14.745,90.717,-7.157,19.494,5.209,-1.551,5.518,6.602,-2.707,4.344,6.664,-1.037,4.496
64.572,33.288,182.892,-40.357,20.133,117.730,0.938,47.847,5.970,-0.481,6.883,6.369,-2.267,4.819,6.611,-1.333,4.528
64.582,41.223,216.463,-48.658,25.965,145.759,8.135,75.834,6.114,-0.079,7.558,6.210,-1.839,5.415,6.530,-1.473,4.680
64.592,55.750,237.215,-46.461,34.480,172.356,15.599,103.613,5.130,-0.603,8.780,6.006,-1.471,5.989,6.433,-1.497,4.910
64.603,68.934,262.729,-42.066,44.263,199.059,23.592,131.027,5.381,0.402,9.649,5.889,-1.167,6.707,6.323,-1.452,5.241
64.613,81.141,282.505,-27.906,54.345,224.996,32.243,158.109,4.670,0.560,8.880,5.790,-0.858,7.274,6.221,-1.349,5.640
64.623,84.437,298.618,-8.496,63.465,246.913,41.197,183.970,3.412,0.273,9.534,5.519,-0.557,7.719,6.099,-1.201,6.055
64.634,94.081,311.192,-3.247,71.700,266.862,49.927,208.196,2.054,0.826,10.490,4.971,-0.246,8.194,5.907,-1.016,6.473
64.644,95.912,325.109,-16.797,78.597,285.194,58.306,230.766,0.847,1.429,10.174,4.250,0.050,8.650,5.611,-0.807,6.909
64.654,90.053,339.391,-20.704,82.168,302.159,65.531,251.701,0.201,1.379,11.417,3.495,0.297,9.152,5.216,-0.589,7.353
64.664,87.733,340.246,-13.623,83.760,314.086,71.146,270.294,-0.308,1.896,12.803,2.747,0.570,9.801,4.744,-0.362,7.825
64.675,54.163,303.135,-17.896,75.878,313.436,73.567,284.277,-1.674,3.262,15.526,1.836,1.011,10.915,4.188,-0.105,8.404
64.685,-34.706,201.936,-8.984,49.408,287.902,69.167,288.652,-4.181,5.582,18.041,0.681,1.848,12.415,3.522,0.246,9.157
64.695,-99.283,113.920,7.739,6.787,238.771,54.007,278.263,-5.381,6.480,12.624,-0.589,2.868,12.890,2.731,0.735,9.947
64.705,-97.818,77.909,8.471,-27.059,189.510,31.736,255.255,-4.339,3.951,6.876,-1.451,3.181,11.759,1.890,1.245,10.427
64.715,-75.845,60.330,17.016,-44.189,149.910,9.306,225.960,-3.743,2.615,5.827,-1.983,3.093,10.523,1.091,1.652,10.540
64.726,-55.581,32.375,13.720,-49.146,114.998,-8.824,194.468,-3.420,1.365,6.495,-2.312,2.761,9.586,0.380,1.917,10.400
64.736,-37.636,6.007,-0.561,-46.745,82.778,-21.108,162.454,-2.996,0.057,7.731,-2.472,2.220,9.121,-0.222,2.024,10.155
64.746,-26.893,-36.108,-5.810,-40.070,48.883,-27.839,130.129,-2.672,-0.546,8.744,-2.536,1.626,9.020,-0.716,1.981,9.916
64.756,-1.868,-66.016,-13.501,-29.233,14.778,-29.483,97.165,-2.435,-0.646,9.376,-2.513,1.120,9.084,-1.106,1.832,9.732
64.766,15.588,-73.218,-13.623,-16.938,-12.676,-26.865,65.139,-1.882,-0.459,9.319,-2.384,0.769,9.134,-1.391,1.628,9.599
64.776,26.208,-86.890,-15.821,-4.270,-35.264,-21.074,35.656,-0.962,-0.229,9.958,-2.098,0.554,9.287,-1.565,1.412,9.519
64.786,27.551,-90.430,-11.792,6.931,-51.035,-13.321,9.799,-0.431,0.129,11.122,-1.746,0.452,9.621,-1.630,1.212,9.514
64.796,47.327,-77.246,-9.717,18.329,-59.630,-4.497,-11.410,0.194,0.438,11.460,-1.343,0.441,10.005,-1.598,1.047,9.592
64.806,49.158,-66.504,-2.270,27.021,-62.245,4.533,-27.280,0.560,0.768,11.273,-0.935,0.507,10.293,-1.485,0.926,9.722
64.816,49.890,-49.414,-5.810,33.804,-58.956,13.130,-37.729,0.948,1.156,10.475,-0.538,0.626,10.382,-1.310,0.852,9.860
64.826,47.449,-37.572,3.344,37.554,-53.717,20.426,-43.432,0.898,1.573,9.656,-0.216,0.814,10.242,-1.097,0.829,9.954
64.837,26.818,-30.980,9.692,36.153,-46.249,25.708,-45.119,0.898,2.040,9.096,0.014,1.057,10.028,-0.874,0.860,9.986
64.847,19.128,-3.514,3.954,31.456,-34.354,28.018,-43.034,0.977,2.644,9.153,0.200,1.354,9.867,-0.657,0.944,9.974
64.857,-1.258,6.007,6.030,22.310,-22.981,27.277,-37.950,1.063,3.190,9.319,0.346,1.680,9.745,-0.453,1.075,9.935
64.867,-15.174,10.524,0.048,12.159,-12.717,23.601,-31.001,0.725,2.464,9.556,0.428,1.892,9.655,-0.269,1.236,9.878
64.877,-21.278,12.355,-4.224,3.267,-4.658,18.095,-23.456,0.388,1.638,9.556,0.408,1.895,9.669,-0.122,1.380,9.833
64.887,-24.330,20.290,0.781,-3.898,2.700,11.932,-15.918,0.201,1.077,9.908,0.348,1.778,9.705,-0.017,1.477,9.804
64.897,-15.296,19.069,1.025,-8.348,7.989,5.855,-8.918,0.050,0.876,10.008,0.280,1.625,9.744,0.051,1.522,9.786
64.908,-14.564,15.285,2.368,-11.627,12.272,-0.355,-1.365,-0.136,1.084,9.721,0.178,1.461,9.768,0.093,1.522,9.781
64.918,-13.465,17.482,-0.805,-12.357,13.350,-4.077,3.166,-0.337,0.890,10.001,0.081,1.328,9.790,0.098,1.489,9.780
64.929,-10.780,8.326,-4.468,-11.339,11.721,-6.466,6.041,-0.459,0.955,9.778,-0.030,1.227,9.810,0.078,1.439,9.786
64.939,-3.089,5.397,9.814,-9.615,9.982,-7.683,7.514,-0.553,0.977,9.764,-0.135,1.166,9.807,0.040,1.384,9.792
64.950,-4.798,-10.960,-5.200,-6.608,5.295,-7.602,7.425,-0.495,0.869,9.886,-0.227,1.100,9.810,-0.020,1.316,9.795
64.962,4.601,-3.514,7.861,-3.143,1.430,-6.405,5.568,-0.294,0.998,9.728,-0.255,1.058,9.794,-0.080,1.252,9.797
64.972,4.601,-1.561,-6.665,-0.300,-0.208,-4.736,3.886,-0.093,1.092,9.786,-0.228,1.061,9.781,-0.114,1.211,9.794
64.983,2.526,-8.153,-5.566,2.261,-2.990,-2.330,1.607,0.007,1.228,9.814,-0.184,1.095,9.786,-0.137,1.176,9.791
64.995,-1.258,-2.171,-5.200,2.032,-3.031,-0.604,-0.194,0.064,1.343,9.771,-0.127,1.155,9.779,-0.140,1.165,9.788
65.006,-4.554,-1.194,-3.125,1.834,-3.129,0.417,-1.356,0.114,1.444,9.671,-0.065,1.221,9.764,-0.126,1.173,9.784
65.018,-6.873,4.176,2.734,0.280,-0.972,0.743,-1.587,0.035,1.307,9.807,-0.025,1.257,9.771,-0.103,1.193,9.780
65.028,2.648,1.612,-1.782,-0.232,1.092,0.391,-0.919,-0.035,1.243,9.735,-0.019,1.259,9.771,-0.085,1.207,9.778
65.040,0.817,3.810,-2.514,-1.474,2.258,-0.318,0.182,-0.107,1.171,9.742,-0.039,1.240,9.763,-0.071,1.218,9.775
65.051,-6.995,-0.218,-9.351,-1.913,1.717,-0.750,0.828,-0.179,1.135,9.757,-0.070,1.209,9.762,-0.067,1.218,9.772
65.063,-5.164,4.298,-4.101,-2.585,1.628,-1.349,1.051,-0.186,1.092,9.821,-0.100,1.175,9.771,-0.073,1.210,9.770
65.074,3.502,2.589,4.443,-0.535,1.231,-1.338,1.211,-0.194,1.156,9.764,-0.120,1.159,9.771,-0.083,1.197,9.770
65.084,0.817,-4.368,1.269,0.086,2.073,-0.949,1.519,-0.114,1.163,9.771,-0.114,1.156,9.764,-0.090,1.188,9.769
65.096,1.671,-1.072,0.536,1.020,1.593,-0.341,1.712,-0.014,1.235,9.778,-0.095,1.171,9.761,-0.094,1.182,9.767
65.107,3.502,5.030,-2.759,1.640,1.977,0.191,1.707,-0.028,1.221,9.764,-0.084,1.185,9.757,-0.092,1.182,9.764
65.119,-2.112,-1.683,-0.073,0.950,1.137,0.653,1.588,-0.057,1.228,9.778,-0.075,1.199,9.762,-0.089,1.185,9.763
65.129,4.113,-3.392,-3.491,-0.011,0.627,0.411,1.401,-0.071,1.192,9.778,-0.072,1.202,9.757,-0.085,1.189,9.762
65.141,-2.234,-0.828,5.175,0.278,0.693,0.492,1.071,-0.158,1.163,9.750,-0.084,1.189,9.751,-0.083,1.190,9.760
65.152,-2.723,1.124,0.658,-0.367,0.487,0.283,0.845,-0.165,1.171,9.742,-0.094,1.182,9.748,-0.085,1.188,9.756
65.164,2.648,11.012,6.640,0.211,0.105,0.028,0.317,-0.043,1.221,9.786,-0.089,1.183,9.755,-0.087,1.187,9.755
65.175,-3.577,2.467,-0.073,-0.582,-0.152,0.011,0.095,-0.114,1.192,9.793,-0.091,1.189,9.758,-0.088,1.187,9.755
65.185,6.066,3.199,4.321,0.170,0.286,-0.027,0.113,-0.093,1.214,9.764,-0.091,1.192,9.762,-0.089,1.188,9.756
65.197,-2.234,-1.805,2.368,0.747,0.841,0.241,0.391,-0.114,1.178,9.757,-0.091,1.183,9.761,-0.089,1.187,9.758
65.209,-0.525,1.490,-1.782,-0.196,0.790,0.169,0.597,-0.086,1.163,9.778,-0.088,1.179,9.761,-0.089,1.185,9.758
65.220,-5.042,3.566,-4.712,-0.285,1.674,0.067,0.916,-0.079,1.142,9.786,-0.085,1.168,9.767,-0.088,1.182,9.760
65.232,-1.014,-3.025,-6.543,0.424,0.803,0.160,1.006,-0.050,1.149,9.771,-0.083,1.168,9.768,-0.087,1.178,9.762
65.242,0.328,-0.828,-2.026,0.858,0.706,0.340,0.908,-0.107,1.185,9.764,-0.089,1.175,9.767,-0.087,1.177,9.763
65.253,2.404,-3.392,-4.468,1.637,1.037,0.696,1.051,-0.079,1.178,9.750,-0.086,1.181,9.767,-0.087,1.177,9.765
65.265,6.188,5.397,4.443,0.983,1.119,0.755,1.050,-0.129,1.142,9.793,-0.092,1.175,9.763,-0.088,1.177,9.764
65.276,2.648,3.077,1.391,0.850,1.456,0.711,1.220,-0.079,1.199,9.714,-0.089,1.179,9.756,-0.088,1.177,9.763
65.288,-3.943,2.223,-0.561,1.467,1.035,0.977,1.070,-0.107,1.192,9.750,-0.093,1.180,9.761,-0.089,1.178,9.762
65.298,-0.159,-0.950,-3.003,0.660,0.930,1.002,1.089,-0.093,1.207,9.750,-0.096,1.181,9.756,-0.091,1.178,9.761
65.310,-0.159,-8.763,-2.148,0.646,0.064,0.872,0.993,-0.100,1.178,9.735,-0.093,1.181,9.761,-0.091,1.179,9.761
65.321,3.014,2.467,9.082,-0.610,-1.088,0.356,0.181,-0.100,1.149,9.728,-0.090,1.179,9.757,-0.091,1.179,9.760
65.333,1.183,-2.049,7.128,0.046,-0.515,0.117,-0.136,-0.129,1.171,9.764,-0.088,1.181,9.756,-0.090,1.180,9.759
65.343,-2.234,0.392,-3.735,0.173,0.348,0.153,-0.079,-0.100,1.171,9.721,-0.091,1.179,9.757,-0.090,1.179,9.759
65.354,-2.356,3.566,1.879,-0.571,0.384,0.058,0.068,-0.093,1.171,9.778,-0.098,1.177,9.763,-0.092,1.179,9.759
65.366,-2.845,-4.490,-12.402,-0.965,-0.648,-0.266,-0.000,-0.079,1.178,9.771,-0.091,1.169,9.763,-0.093,1.177,9.761
65.377,2.404,2.589,-8.740,-1.695,0.207,-0.789,-0.013,-0.071,1.199,9.786,-0.094,1.170,9.769,-0.094,1.175,9.762