R
Px,Ix,Dx,Py,Iy,Dy,Pz,Iz,FFrx,FFry,FFdrx,FFdry,satI,satPID,DTermC,GparamC,AparamC,KFQAng,KFQbias,KFRmeas,CPx,CIx,CPy,CIy,CsatI,CsatPID,CFFdrx,CFFdry,CFalpha
175,25,1900,200,25,2100,500,150,0,0,0,0,7,75,10,10.0,64.0,0.000100,0.003000,50,40,10,30,0,75,300,0,0,0.995
sysTime,GRawX,GPT1X,GPT2X,aRawR,aPT1R,aKFRawR,aKFPT10R,aKFPT11R,aCFRawR,aCFPT10R,aCFPT11R
243.524,0.322,0.189,-0.401,-0.122,-0.170,-0.203,-0.190,-0.192,-0.205,-0.200,-0.206
243.535,2.153,-0.902,-0.726,-0.039,-0.171,-0.248,-0.235,-0.202,-0.248,-0.243,-0.215
243.546,-5.537,-0.517,-0.675,-0.332,-0.174,-0.256,-0.243,-0.211,-0.255,-0.249,-0.222
243.557,-4.560,-0.676,-0.563,-0.039,-0.178,-0.257,-0.244,-0.215,-0.255,-0.248,-0.225
243.568,3.495,-0.099,-0.387,-0.206,-0.176,-0.240,-0.227,-0.217,-0.236,-0.230,-0.225
243.579,-3.462,0.038,0.004,0.002,-0.169,-0.218,-0.206,-0.211,-0.211,-0.207,-0.218
243.590,2.641,0.129,-0.131,-0.288,-0.178,-0.223,-0.209,-0.214,-0.216,-0.210,-0.219
243.601,1.176,0.480,0.116,-0.122,-0.179,-0.204,-0.191,-0.209,-0.197,-0.191,-0.214
243.612,-0.898,0.510,0.316,-0.122,-0.171,-0.200,-0.187,-0.203,-0.191,-0.187,-0.207
243.623,-4.194,0.387,0.512,-0.246,-0.175,-0.194,-0.181,-0.196,-0.185,-0.181,-0.199
243.634,0.810,0.472,0.103,-0.206,-0.176,-0.217,-0.204,-0.200,-0.207,-0.203,-0.202
243.645,1.298,0.033,0.023,-0.080,-0.169,-0.233,-0.220,-0.200,-0.220,-0.217,-0.202
243.656,2.885,-0.112,-0.036,-0.247,-0.165,-0.230,-0.217,-0.200,-0.215,-0.213,-0.200
243.667,0.077,-0.852,-0.469,-0.206,-0.157,-0.256,-0.243,-0.208,-0.236,-0.237,-0.208
243.677,2.153,-0.254,-0.545,-0.122,-0.158,-0.251,-0.239,-0.215,-0.230,-0.231,-0.213
243.689,-4.560,-1.904,-0.824,-0.288,-0.167,-0.287,-0.274,-0.225,-0.265,-0.263,-0.221
243.700,1.420,-1.811,-1.442,-0.206,-0.175,-0.309,-0.295,-0.247,-0.286,-0.282,-0.241
243.710,-6.025,-1.537,-1.483,-0.330,-0.174,-0.324,-0.310,-0.264,-0.298,-0.294,-0.256
243.721,-0.654,-1.762,-1.424,-0.245,-0.167,-0.334,-0.321,-0.277,-0.302,-0.301,-0.267
243.732,-6.147,-1.953,-1.366,-0.248,-0.167,-0.345,-0.332,-0.291,-0.310,-0.309,-0.278
243.743,-1.997,-1.734,-1.516,-0.164,-0.162,-0.359,-0.346,-0.309,-0.318,-0.318,-0.293
243.754,1.054,-0.123,-0.957,0.002,-0.152,-0.321,-0.309,-0.314,-0.275,-0.278,-0.294
243.765,0.322,0.162,-0.514,-0.164,-0.162,-0.321,-0.308,-0.315,-0.274,-0.274,-0.291
243.776,3.251,-1.843,-0.719,-0.415,-0.169,-0.352,-0.339,-0.320,-0.304,-0.301,-0.292
243.787,2.153,-1.040,-1.164,-0.248,-0.168,-0.363,-0.350,-0.338,-0.310,-0.308,-0.307
243.798,-8.345,-1.442,-1.074,0.044,-0.152,-0.371,-0.359,-0.347,-0.310,-0.314,-0.312
243.809,8.989,-0.293,-1.093,-0.206,-0.154,-0.368,-0.355,-0.359,-0.303,-0.305,-0.319
243.820,-0.898,0.186,-0.566,-0.164,-0.157,-0.346,-0.334,-0.357,-0.279,-0.280,-0.313
243.831,-1.142,-0.029,0.008,-0.248,-0.169,-0.332,-0.319,-0.349,-0.266,-0.264,-0.301
243.842,-2.119,0.600,0.360,-0.122,-0.173,-0.313,-0.300,-0.341,-0.246,-0.243,-0.290
243.853,-0.776,-0.144,0.119,-0.248,-0.177,-0.339,-0.326,-0.341,-0.271,-0.266,-0.288
243.864,4.716,0.890,0.229,-0.289,-0.178,-0.315,-0.301,-0.337,-0.245,-0.240,-0.281
243.875,-0.410,-0.029,0.145,-0.163,-0.179,-0.330,-0.316,-0.334,-0.258,-0.253,-0.275
243.886,2.153,-0.437,-0.015,-0.122,-0.181,-0.328,-0.314,-0.334,-0.255,-0.250,-0.272
243.897,2.153,0.352,-0.044,-0.248,-0.180,-0.326,-0.312,-0.336,-0.252,-0.247,-0.272
243.908,4.228,0.929,0.288,-0.164,-0.185,-0.320,-0.306,-0.329,-0.245,-0.239,-0.264
243.919,-0.654,-0.606,0.136,-0.206,-0.184,-0.332,-0.318,-0.325,-0.255,-0.250,-0.258
243.930,-10.054,-2.482,-0.624,-0.164,-0.185,-0.376,-0.361,-0.337,-0.297,-0.291,-0.269
243.941,-1.631,-0.517,-0.858,-0.248,-0.176,-0.359,-0.345,-0.352,-0.276,-0.273,-0.281
243.952,-3.340,-0.640,-0.525,-0.122,-0.172,-0.343,-0.330,-0.352,-0.257,-0.256,-0.278
243.963,-6.880,-1.256,-0.617,-0.080,-0.165,-0.361,-0.348,-0.358,-0.271,-0.272,-0.282
243.974,6.547,0.763,-0.071,-0.122,-0.169,-0.313,-0.299,-0.354,-0.223,-0.222,-0.275
243.985,-10.176,0.487,0.560,0.002,-0.158,-0.297,-0.285,-0.340,-0.204,-0.207,-0.259
243.996,-3.706,-0.365,0.281,-0.291,-0.166,-0.303,-0.290,-0.337,-0.211,-0.211,-0.254
244.007,3.984,-0.105,-0.195,-0.163,-0.160,-0.324,-0.312,-0.345,-0.230,-0.232,-0.260
244.018,-5.171,-0.536,-0.315,0.127,-0.146,-0.321,-0.309,-0.346,-0.221,-0.228,-0.259
244.029,1.176,-0.220,-0.374,-0.372,-0.143,-0.318,-0.306,-0.349,-0.216,-0.223,-0.259
244.040,7.158,0.033,-0.641,-0.080,-0.150,-0.321,-0.308,-0.356,-0.219,-0.223,-0.264
244.051,0.810,0.207,-0.265,-0.205,-0.152,-0.304,-0.292,-0.353,-0.202,-0.206,-0.258
244.062,2.397,1.128,0.253,-0.163,-0.157,-0.290,-0.277,-0.345,-0.188,-0.191,-0.248
244.073,8.256,2.245,0.808,-0.123,-0.151,-0.269,-0.257,-0.330,-0.166,-0.170,-0.232
244.084,-6.392,1.097,1.222,-0.247,-0.169,-0.268,-0.255,-0.309,-0.171,-0.169,-0.210
244.095,0.688,0.787,0.993,-0.164,-0.172,-0.262,-0.248,-0.299,-0.166,-0.163,-0.199
244.106,-0.898,0.554,0.772,-0.080,-0.159,-0.261,-0.248,-0.292,-0.162,-0.164,-0.192
244.117,-0.654,0.481,0.799,-0.122,-0.159,-0.233,-0.220,-0.280,-0.136,-0.137,-0.181
244.127,3.007,0.190,0.380,-0.206,-0.153,-0.241,-0.229,-0.279,-0.143,-0.147,-0.180
244.138,1.786,1.243,0.463,0.002,-0.150,-0.228,-0.215,-0.274,-0.130,-0.134,-0.175
244.149,2.397,1.925,1.005,-0.165,-0.143,-0.205,-0.193,-0.257,-0.107,-0.113,-0.158
244.160,1.298,1.140,1.183,-0.081,-0.138,-0.200,-0.189,-0.240,-0.103,-0.110,-0.141
244.171,3.251,1.163,1.112,0.044,-0.125,-0.189,-0.178,-0.227,-0.090,-0.101,-0.130
244.182,3.495,0.294,0.822,-0.205,-0.118,-0.199,-0.188,-0.219,-0.099,-0.112,-0.123
244.193,-3.706,-0.116,0.544,-0.039,-0.121,-0.204,-0.194,-0.216,-0.107,-0.119,-0.120
244.204,0.444,0.528,0.429,-0.123,-0.124,-0.190,-0.180,-0.213,-0.095,-0.106,-0.118
244.215,4.350,1.373,0.736,0.002,-0.120,-0.172,-0.161,-0.202,-0.077,-0.089,-0.108
244.226,3.373,2.462,1.368,-0.080,-0.121,-0.144,-0.133,-0.182,-0.052,-0.063,-0.090
244.237,-4.438,0.740,1.492,-0.205,-0.123,-0.143,-0.132,-0.160,-0.055,-0.064,-0.070
244.248,1.664,0.698,1.054,-0.289,-0.131,-0.142,-0.131,-0.154,-0.059,-0.066,-0.066
244.259,5.815,1.047,0.800,0.044,-0.122,-0.137,-0.127,-0.148,-0.054,-0.063,-0.063
244.270,-2.241,-0.662,0.453,-0.080,-0.134,-0.168,-0.156,-0.145,-0.090,-0.095,-0.063
244.281,-3.706,-0.728,-0.011,-0.123,-0.141,-0.186,-0.174,-0.153,-0.111,-0.114,-0.073
244.292,4.594,0.132,-0.167,-0.164,-0.140,-0.185,-0.173,-0.160,-0.111,-0.114,-0.082
244.303,2.153,0.792,0.066,-0.122,-0.141,-0.169,-0.157,-0.155,-0.096,-0.099,-0.079
244.313,5.449,1.420,0.406,-0.374,-0.144,-0.158,-0.146,-0.146,-0.088,-0.089,-0.072
244.324,1.420,0.789,0.613,-0.291,-0.154,-0.164,-0.151,-0.135,-0.097,-0.096,-0.063
244.335,1.664,0.900,0.716,-0.164,-0.150,-0.152,-0.140,-0.125,-0.086,-0.086,-0.056
244.346,2.275,1.261,0.861,-0.080,-0.147,-0.128,-0.115,-0.113,-0.063,-0.064,-0.047
244.357,-1.997,0.276,0.704,-0.164,-0.145,-0.150,-0.138,-0.107,-0.087,-0.088,-0.043
244.368,-4.072,-1.065,0.309,0.002,-0.138,-0.175,-0.163,-0.109,-0.111,-0.114,-0.047
244.378,3.129,-1.000,-0.287,-0.039,-0.130,-0.191,-0.180,-0.122,-0.126,-0.132,-0.063
244.389,-2.485,0.180,-0.217,-0.247,-0.138,-0.175,-0.163,-0.126,-0.112,-0.116,-0.068
244.400,0.077,-0.978,-0.422,-0.247,-0.135,-0.219,-0.207,-0.133,-0.156,-0.160,-0.077
244.411,6.425,-0.440,-0.607,-0.248,-0.138,-0.212,-0.200,-0.142,-0.150,-0.153,-0.088
244.422,1.054,0.848,-0.229,0.470,-0.131,-0.185,-0.173,-0.140,-0.121,-0.127,-0.087
244.433,-6.147,-0.340,-0.092,-1.209,-0.172,-0.211,-0.197,-0.137,-0.158,-0.151,-0.086
244.444,-1.387,0.023,-0.014,-2.414,-0.225,-0.206,-0.189,-0.137,-0.169,-0.144,-0.088
244.454,-2.241,-0.659,-0.190,-0.847,-0.267,-0.228,-0.209,-0.141,-0.203,-0.166,-0.096
244.465,2.031,-0.110,-0.255,-1.807,-0.230,-0.221,-0.204,-0.146,-0.187,-0.163,-0.105
244.476,-1.509,0.194,-0.087,1.779,-0.224,-0.215,-0.198,-0.145,-0.181,-0.160,-0.107
244.487,-6.269,-1.168,-0.279,2.126,-0.032,-0.239,-0.234,-0.150,-0.153,-0.195,-0.113
244.498,1.664,-1.870,-0.996,-0.484,-0.122,-0.304,-0.294,-0.173,-0.241,-0.253,-0.136
244.509,0.810,-1.321,-1.137,4.166,-0.145,-0.296,-0.284,-0.187,-0.236,-0.242,-0.151
244.519,-4.072,-2.742,-1.497,-0.041,-0.247,-0.347,-0.329,-0.207,-0.312,-0.286,-0.172
244.530,-17.256,-2.815,-1.591,4.911,-0.192,-0.338,-0.324,-0.225,-0.290,-0.280,-0.191
244.541,-4.438,-2.274,-1.989,-0.039,-0.254,-0.371,-0.351,-0.255,-0.339,-0.306,-0.221
244.552,4.228,-0.188,-1.633,0.818,-0.237,-0.341,-0.323,-0.269,-0.303,-0.277,-0.236
244.563,2.763,0.555,-0.882,-5.805,-0.264,-0.322,-0.302,-0.266,-0.290,-0.256,-0.233
244.574,-4.805,0.209,-0.331,2.952,-0.285,-0.308,-0.287,-0.258,-0.282,-0.243,-0.227
244.584,-1.020,0.327,-0.017,-0.458,-0.337,-0.293,-0.269,-0.253,-0.282,-0.227,-0.224
244.595,-6.758,-0.699,-0.053,-3.459,-0.307,-0.306,-0.283,-0.252,-0.292,-0.244,-0.226
244.606,6.914,0.618,-0.023,4.840,-0.180,-0.273,-0.257,-0.253,-0.227,-0.218,-0.227
244.617,-4.194,-0.437,0.025,5.695,-0.155,-0.281,-0.266,-0.249,-0.229,-0.226,-0.222
244.628,1.664,0.034,-0.006,0.043,-0.187,-0.266,-0.250,-0.249,-0.223,-0.210,-0.222
244.639,-5.415,-0.182,0.106,5.199,-0.236,-0.261,-0.242,-0.246,-0.232,-0.203,-0.219
244.649,-1.875,-0.395,0.003,6.868,-0.127,-0.265,-0.251,-0.247,-0.208,-0.212,-0.220
244.660,-1.142,0.039,-0.092,-6.416,-0.140,-0.281,-0.267,-0.251,-0.225,-0.225,-0.222
244.671,1.420,0.222,0.023,2.627,-0.228,-0.274,-0.255,-0.248,-0.240,-0.214,-0.219
244.682,-1.631,-0.180,-0.068,6.899,-0.113,-0.290,-0.278,-0.251,-0.225,-0.236,-0.221
244.693,-1.875,-1.471,-0.522,-12.538,-0.221,-0.356,-0.338,-0.263,-0.314,-0.293,-0.231
244.704,-3.218,-0.084,-0.542,10.920,-0.175,-0.333,-0.317,-0.271,-0.279,-0.272,-0.240
244.714,4.960,0.099,-0.509,-0.287,-0.095,-0.353,-0.343,-0.277,-0.272,-0.293,-0.243
244.725,6.914,0.567,-0.341,-14.335,-0.417,-0.376,-0.346,-0.278,-0.377,-0.296,-0.244
244.736,-1.387,0.305,-0.006,6.710,-0.576,-0.387,-0.348,-0.273,-0.430,-0.304,-0.247
244.747,10.820,0.414,-0.084,-15.811,-0.702,-0.412,-0.364,-0.277,-0.488,-0.326,-0.258
244.758,4.838,0.154,-0.005,-8.136,-1.034,-0.426,-0.359,-0.277,-0.591,-0.333,-0.271
244.769,-4.438,-2.243,-0.542,-6.072,-0.950,-0.488,-0.426,-0.292,-0.640,-0.413,-0.301
244.780,4.594,-1.575,-1.103,-8.155,-1.028,-0.517,-0.450,-0.319,-0.696,-0.448,-0.341
244.790,-0.288,-1.124,-1.152,1.128,-1.180,-0.529,-0.452,-0.336,-0.755,-0.464,-0.375
244.801,1.054,-0.889,-1.159,1.746,-1.229,-0.557,-0.477,-0.354,-0.801,-0.504,-0.409
244.812,-5.171,-1.101,-1.075,5.004,-1.205,-0.579,-0.502,-0.369,-0.823,-0.542,-0.439
244.823,-2.241,0.155,-0.607,-4.731,-1.234,-0.533,-0.454,-0.371,-0.787,-0.507,-0.454
244.834,3.618,0.337,-0.156,-1.896,-1.192,-0.507,-0.431,-0.368,-0.757,-0.497,-0.464
244.845,6.059,0.845,0.102,-10.342,-1.147,-0.495,-0.421,-0.366,-0.741,-0.498,-0.474
244.855,3.373,1.346,0.394,-2.078,-1.099,-0.483,-0.413,-0.361,-0.722,-0.500,-0.479
244.866,-4.316,0.783,0.627,1.835,-0.968,-0.492,-0.430,-0.353,-0.703,-0.526,-0.481
244.877,0.322,1.692,1.020,7.891,-0.782,-0.426,-0.376,-0.338,-0.594,-0.480,-0.474
244.888,-0.410,1.790,1.213,3.373,-0.643,-0.440,-0.399,-0.327,-0.572,-0.507,-0.468
244.899,3.007,1.950,1.342,-13.048,-0.508,-0.416,-0.385,-0.311,-0.511,-0.493,-0.453
244.911,-2.607,1.076,1.097,-14.749,-0.667,-0.464,-0.422,-0.303,-0.598,-0.526,-0.443
244.922,-3.218,0.659,1.127,8.876,-0.677,-0.456,-0.412,-0.291,-0.595,-0.518,-0.434
244.934,-3.218,0.460,0.970,3.610,-0.714,-0.468,-0.422,-0.287,-0.623,-0.534,-0.439
244.945,-3.218,-0.448,0.533,-2.420,-0.657,-0.474,-0.430,-0.288,-0.618,-0.545,-0.444
244.955,-7.002,-0.616,0.081,6.556,-0.539,-0.492,-0.458,-0.297,-0.601,-0.573,-0.455
244.967,5.327,-0.677,-0.344,-0.426,-0.420,-0.493,-0.467,-0.308,-0.567,-0.580,-0.467
244.978,9.111,0.195,-0.554,-5.923,-0.431,-0.506,-0.481,-0.319,-0.568,-0.584,-0.471
244.989,-4.805,0.776,0.188,14.574,-0.274,-0.460,-0.444,-0.307,-0.488,-0.545,-0.459
245.001,-6.636,1.366,0.869,-14.066,-0.537,-0.428,-0.393,-0.288,-0.524,-0.494,-0.440
245.012,8.989,1.171,0.774,-4.537,-0.456,-0.429,-0.400,-0.281,-0.500,-0.496,-0.429
245.023,-10.054,0.733,0.777,-0.751,-0.465,-0.462,-0.433,-0.275,-0.535,-0.525,-0.422
245.034,2.763,1.046,0.905,11.260,-0.534,-0.449,-0.413,-0.265,-0.544,-0.506,-0.414
245.045,-1.387,0.179,0.845,3.173,-0.429,-0.442,-0.409,-0.257,-0.528,-0.507,-0.412
245.055,7.402,-0.394,0.317,-23.841,-0.279,-0.447,-0.420,-0.260,-0.505,-0.510,-0.409
245.067,-8.711,-0.823,-0.100,1.831,-0.232,-0.466,-0.451,-0.268,-0.468,-0.529,-0.407
245.077,-6.880,-0.399,-0.041,6.780,-0.301,-0.447,-0.430,-0.268,-0.455,-0.505,-0.406
245.088,-5.049,-0.774,-0.194,-0.659,-0.263,-0.441,-0.425,-0.272,-0.444,-0.497,-0.408
245.098,5.327,-0.248,-0.344,-7.976,-0.203,-0.454,-0.443,-0.279,-0.432,-0.507,-0.410
245.109,5.082,0.762,-0.052,-6.665,-0.173,-0.402,-0.391,-0.273,-0.373,-0.449,-0.398
245.119,7.768,1.014,0.246,0.498,-0.143,-0.380,-0.364,-0.263,-0.367,-0.416,-0.381
245.130,-6.514,0.335,0.434,11.492,-0.122,-0.419,-0.397,-0.257,-0.426,-0.444,-0.372
245.141,0.810,-0.619,0.143,-0.783,-0.119,-0.439,-0.415,-0.257,-0.443,-0.454,-0.365
245.152,0.810,0.183,0.108,2.691,-0.117,-0.435,-0.412,-0.259,-0.431,-0.446,-0.363
245.163,-2.485,1.726,0.536,4.234,0.002,-0.372,-0.358,-0.246,-0.326,-0.382,-0.341
245.174,-1.142,2.992,1.450,-0.363,0.092,-0.311,-0.299,-0.216,-0.255,-0.317,-0.304
245.185,18.022,6.326,2.697,-4.721,0.124,-0.183,-0.169,-0.165,-0.130,-0.178,-0.244
245.195,10.087,8.206,4.433,17.741,0.318,-0.077,-0.075,-0.090,0.027,-0.081,-0.163
245.206,26.201,10.978,6.399,-7.713,0.115,0.093,0.108,0.014,0.155,0.108,-0.048
245.217,16.313,13.666,8.889,4.978,0.011,0.272,0.294,0.149,0.298,0.288,0.082
245.228,19.121,15.677,11.220,-2.969,0.034,0.489,0.514,0.312,0.495,0.503,0.246
245.239,10.210,15.679,13.105,21.885,0.119,0.681,0.695,0.485,0.718,0.668,0.409
245.250,19.121,16.544,14.285,-9.123,0.020,0.876,0.891,0.658,0.891,0.853,0.576
245.261,21.929,15.335,14.660,-5.935,-0.118,0.987,1.013,0.820,0.945,0.952,0.721
245.271,9.599,14.409,14.800,1.525,0.076,1.142,1.166,0.982,1.088,1.090,0.872
245.282,14.482,16.015,15.053,-11.464,-0.047,1.314,1.349,1.140,1.194,1.247,1.009
245.293,22.051,17.720,15.600,15.566,0.174,1.516,1.535,1.311,1.431,1.410,1.162
245.304,7.036,16.426,16.123,-27.614,-0.210,1.623,1.665,1.492,1.426,1.511,1.318
245.315,21.074,15.718,15.840,5.593,-0.190,1.753,1.810,1.652,1.466,1.617,1.443
245.326,4.716,13.312,15.292,14.863,0.361,1.852,1.903,1.803,1.562,1.686,1.572
245.337,8.012,11.659,14.276,-30.728,-0.061,1.911,2.011,1.934,1.419,1.763,1.675
245.348,12.529,10.010,12.926,-7.330,0.095,1.994,2.101,2.044,1.446,1.818,1.751
245.359,2.153,7.836,11.293,16.085,0.425,2.020,2.125,2.130,1.461,1.814,1.809
245.370,-1.753,6.971,9.900,6.519,0.525,2.073,2.181,2.205,1.485,1.846,1.860
245.381,12.407,6.235,8.440,-33.574,-0.127,2.049,2.231,2.262,1.172,1.864,1.885
245.392,-0.166,3.393,7.060,-11.526,0.011,2.035,2.229,2.307,1.096,1.825,1.892
245.403,-3.706,2.209,5.579,10.205,0.279,2.031,2.234,2.330,1.049,1.799,1.884
245.413,-8.467,0.878,4.048,16.592,0.802,2.007,2.189,2.336,1.092,1.735,1.868
245.424,-7.979,-0.625,2.365,3.234,0.645,1.917,2.124,2.323,0.912,1.655,1.836
245.435,4.472,0.034,1.237,-10.099,0.446,1.898,2.117,2.306,0.849,1.630,1.798
245.446,1.664,-0.450,0.526,-14.638,0.154,1.842,2.079,2.288,0.725,1.569,1.755
245.457,-16.280,-3.762,-0.465,-12.954,-0.028,1.736,1.990,2.257,0.550,1.455,1.693
245.468,-1.509,-4.774,-2.198,-0.466,0.147,1.643,1.893,2.192,0.469,1.336,1.602
245.479,-8.101,-4.688,-3.075,7.782,0.483,1.585,1.819,2.131,0.473,1.247,1.521
245.490,-26.045,-8.300,-4.222,24.506,0.716,1.464,1.680,2.060,0.426,1.101,1.437
245.500,0.199,-9.674,-6.527,27.880,0.770,1.313,1.509,1.942,0.358,0.929,1.311
245.511,-20.796,-10.351,-7.956,13.925,0.849,1.170,1.355,1.822,0.270,0.779,1.187
245.522,-17.622,-9.667,-8.542,7.970,0.655,1.062,1.263,1.708,0.121,0.688,1.068
245.533,-22.994,-12.382,-9.622,-16.336,0.033,0.816,1.071,1.579,-0.305,0.496,0.930
245.544,-11.275,-13.121,-11.118,-23.450,-0.469,0.610,0.891,1.422,-0.592,0.308,0.756
245.555,-6.147,-11.185,-11.395,-30.887,-0.971,0.499,0.806,1.278,-0.789,0.207,0.589
245.566,-13.106,-10.888,-11.204,-42.258,-1.464,0.340,0.693,1.146,-1.109,0.071,0.428
245.577,-14.082,-11.278,-11.001,-41.978,-2.075,0.178,0.591,1.015,-1.483,-0.062,0.260
245.588,-10.786,-11.866,-11.186,-29.917,-2.367,0.024,0.462,0.872,-1.732,-0.227,0.076
245.599,-3.950,-10.414,-11.036,-24.144,-2.376,-0.070,0.362,0.733,-1.809,-0.362,-0.101
245.610,-25.313,-11.040,-10.724,6.226,-1.777,-0.185,0.204,0.603,-1.774,-0.546,-0.263
245.621,-18.843,-14.683,-11.579,13.906,-0.919,-0.348,0.005,0.457,-1.791,-0.753,-0.420
245.632,-3.584,-15.772,-13.510,18.776,-0.365,-0.585,-0.236,0.271,-1.975,-0.982,-0.602
245.643,-37.032,-17.958,-14.593,23.634,0.271,-0.789,-0.463,0.092,-2.050,-1.181,-0.759
245.654,-35.445,-19.143,-15.793,6.316,0.273,-0.995,-0.665,-0.102,-2.221,-1.347,-0.925
245.665,-12.617,-18.478,-16.967,-13.525,-0.128,-1.206,-0.850,-0.306,-2.470,-1.498,-1.103
245.676,-27.999,-19.904,-17.596,-0.601,-0.033,-1.409,-1.066,-0.507,-2.572,-1.681,-1.277
245.686,-9.688,-19.253,-18.680,-0.172,0.043,-1.640,-1.309,-0.730,-2.702,-1.883,-1.466
245.697,-7.979,-16.429,-18.130,-12.952,0.033,-1.743,-1.407,-0.915,-2.767,-1.938,-1.614
245.708,-8.101,-12.986,-16.222,-6.267,0.218,-1.756,-1.413,-1.054,-2.742,-1.902,-1.712
245.719,13.261,-10.464,-14.883,17.602,0.665,-1.852,-1.526,-1.191,-2.710,-1.964,-1.801
245.730,-16.035,-7.103,-11.983,29.469,1.164,-1.824,-1.520,-1.265,-2.538,-1.898,-1.817
245.741,9.477,-5.267,-10.131,15.365,1.337,-1.847,-1.546,-1.329,-2.469,-1.859,-1.815
245.752,1.420,0.973,-6.633,-28.147,0.424,-1.787,-1.419,-1.338,-2.573,-1.679,-1.770
245.763,24.980,4.466,-3.017,-31.940,0.262,-1.659,-1.279,-1.299,-2.432,-1.501,-1.689
245.774,7.036,6.730,0.469,1.535,0.673,-1.538,-1.192,-1.231,-2.137,-1.377,-1.577
245.785,8.134,7.826,3.066,36.887,1.266,-1.401,-1.105,-1.142,-1.771,-1.243,-1.437
245.796,6.914,8.316,4.864,32.696,1.700,-1.269,-1.014,-1.045,-1.438,-1.097,-1.280
245.807,3.007,9.370,6.631,-15.775,1.067,-1.146,-0.864,-0.929,-1.350,-0.900,-1.112
245.818,34.380,10.199,7.424,-31.836,0.505,-1.037,-0.734,-0.823,-1.275,-0.739,-0.970
245.828,5.327,10.649,8.799,-26.862,0.103,-0.928,-0.608,-0.701,-1.195,-0.596,-0.825
245.839,7.036,8.291,8.892,6.376,0.274,-0.841,-0.548,-0.593,-0.995,-0.522,-0.699
245.851,3.984,6.700,8.276,27.483,0.766,-0.761,-0.509,-0.506,-0.747,-0.462,-0.588
245.862,4.472,6.257,7.458,30.395,1.333,-0.670,-0.462,-0.431,-0.474,-0.385,-0.479
245.872,3.373,4.902,6.506,-0.372,1.172,-0.654,-0.439,-0.367,-0.451,-0.331,-0.381
245.883,8.012,6.088,6.223,-6.192,0.919,-0.559,-0.329,-0.297,-0.383,-0.197,-0.285
245.894,5.815,7.603,6.560,-5.513,0.738,-0.462,-0.219,-0.217,-0.310,-0.069,-0.184
245.905,10.332,7.397,6.785,-15.671,0.221,-0.423,-0.145,-0.135,-0.376,0.012,-0.092
245.916,14.848,9.105,7.440,-26.395,-0.416,-0.309,0.005,-0.042,-0.385,0.157,-0.001
245.927,17.534,10.425,8.377,-2.223,-0.258,-0.187,0.126,0.059,-0.263,0.263,0.090
245.938,18.511,9.288,8.743,30.816,0.981,-0.046,0.207,0.165,0.086,0.344,0.199
245.949,-4.194,9.382,9.057,45.741,1.509,0.044,0.275,0.270,0.274,0.428,0.324
245.960,-3.462,8.357,9.094,27.964,1.861,0.151,0.368,0.378,0.448,0.546,0.459
245.971,26.323,8.858,8.505,-21.229,0.659,0.175,0.473,0.467,0.217,0.659,0.558
245.982,-0.166,11.085,9.397,-50.332,-0.352,0.262,0.630,0.577,0.063,0.803,0.658
245.993,15.337,9.910,9.886,-18.442,-0.183,0.392,0.759,0.695,0.188,0.909,0.758
246.004,16.679,9.166,9.722,11.221,0.631,0.530,0.853,0.798,0.470,0.989,0.851
246.015,2.397,6.153,8.684,18.723,1.001,0.537,0.840,0.877,0.550,0.975,0.930
246.026,6.059,4.969,7.349,11.511,1.173,0.578,0.872,0.936,0.630,1.007,0.991
246.037,-13.472,2.535,6.353,4.241,1.336,0.606,0.894,0.991,0.684,1.033,1.052
246.048,-0.532,0.816,4.220,14.191,1.480,0.541,0.829,1.001,0.635,0.977,1.069
246.058,-14.693,0.749,3.065,-2.661,1.127,0.506,0.833,1.013,0.484,0.986,1.085
246.070,11.430,2.794,2.798,-37.002,0.628,0.551,0.937,1.038,0.340,1.085,1.106
246.080,7.402,2.915,2.739,-35.217,0.135,0.501,0.945,1.060,0.099,1.077,1.112
246.091,3.618,0.812,2.238,23.178,0.888,0.515,0.930,1.077,0.212,1.050,1.116
246.102,-11.397,-0.725,1.552,27.117,1.164,0.489,0.901,1.082,0.211,1.022,1.121
246.113,-12.495,-3.268,0.254,-0.276,0.678,0.401,0.849,1.065,0.020,0.968,1.101
246.124,16.313,-1.775,-1.339,-33.668,0.014,0.312,0.807,1.016,-0.213,0.914,1.037
246.135,-5.781,-2.160,-1.083,-38.583,-0.571,0.311,0.834,1.002,-0.309,0.915,0.997
246.146,6.914,-2.159,-1.621,24.555,0.313,0.320,0.782,0.966,-0.097,0.841,0.939
246.157,-3.462,-5.717,-2.947,40.822,1.365,0.250,0.635,0.914,0.097,0.698,0.887
246.168,-13.228,-5.723,-4.018,22.344,1.262,0.169,0.560,0.852,0.022,0.635,0.835
246.179,-15.913,-7.796,-5.012,0.949,1.161,0.073,0.472,0.785,-0.081,0.559,0.777
246.190,-1.753,-9.858,-6.591,-5.827,0.604,-0.060,0.369,0.692,-0.295,0.461,0.685
246.201,-11.885,-8.985,-7.709,-15.273,0.208,-0.202,0.258,0.583,-0.525,0.350,0.572
246.212,5.815,-7.841,-8.134,-16.448,-0.289,-0.299,0.198,0.482,-0.733,0.281,0.460
246.223,-18.843,-7.483,-7.798,-15.674,-0.145,-0.375,0.119,0.397,-0.789,0.194,0.364
246.233,-0.288,-9.001,-8.457,5.361,0.020,-0.552,-0.051,0.291,-0.968,0.020,0.252
246.244,-24.947,-10.476,-8.665,24.599,0.777,-0.605,-0.149,0.197,-0.850,-0.067,0.166
246.255,-17.744,-10.068,-9.099,4.749,0.623,-0.729,-0.254,0.091,-1.003,-0.155,0.072
246.266,-0.776,-9.644,-9.460,-16.037,0.225,-0.845,-0.344,-0.015,-1.180,-0.234,-0.025
246.277,-2.485,-8.378,-9.373,-17.746,-0.055,-0.935,-0.418,-0.117,-1.296,-0.302,-0.125
246.288,-2.607,-7.049,-8.762,18.909,0.302,-0.971,-0.497,-0.205,-1.168,-0.374,-0.207
246.299,-3.950,-9.194,-8.761,23.534,0.467,-1.053,-0.610,-0.290,-1.122,-0.471,-0.279
246.310,-16.157,-6.746,-8.336,14.931,0.679,-1.084,-0.670,-0.375,-1.029,-0.511,-0.347
246.320,-1.509,-5.953,-7.460,-8.621,0.277,-1.093,-0.665,-0.433,-1.059,-0.489,-0.387
246.331,-4.194,-6.371,-7.205,-21.753,-0.033,-1.194,-0.750,-0.502,-1.194,-0.562,-0.447
246.342,2.763,-4.214,-6.356,-30.676,-0.153,-1.220,-0.759,-0.559,-1.255,-0.563,-0.495
246.353,16.924,-2.437,-5.471,-17.037,0.152,-1.241,-0.782,-0.602,-1.248,-0.576,-0.529
246.364,-8.955,-3.135,-4.159,18.942,0.605,-1.253,-0.804,-0.619,-1.200,-0.580,-0.528
246.376,4.960,-2.349,-3.982,35.822,1.812,-1.276,-0.873,-0.654,-1.031,-0.612,-0.525
246.386,-9.932,-3.461,-3.844,10.254,1.976,-1.359,-0.963,-0.679,-1.047,-0.659,-0.509
246.397,7.524,-1.799,-3.426,-32.870,1.564,-1.350,-0.910,-0.694,-1.137,-0.572,-0.490
246.409,7.524,1.338,-2.207,-29.042,1.035,-1.256,-0.782,-0.682,-1.120,-0.420,-0.454
246.420,13.994,2.652,-0.890,-34.271,0.189,-1.251,-0.709,-0.655,-1.310,-0.336,-0.414
246.431,-4.438,1.366,0.069,-19.671,-0.022,-1.266,-0.707,-0.626,-1.358,-0.330,-0.378
246.443,-3.828,1.595,0.574,-6.291,-0.053,-1.249,-0.688,-0.606,-1.328,-0.309,-0.354
246.454,-3.828,-1.773,0.141,9.408,0.173,-1.330,-0.786,-0.607,-1.334,-0.402,-0.350
246.466,-20.918,-5.442,-1.223,20.720,0.308,-1.471,-0.945,-0.648,-1.395,-0.553,-0.383
246.477,-36.422,-12.623,-4.102,26.862,0.516,-1.787,-1.285,-0.755,-1.609,-0.877,-0.479
246.489,-52.658,-20.723,-8.402,6.136,0.602,-2.198,-1.711,-0.941,-1.940,-1.277,-0.647
246.500,-61.935,-30.154,-14.201,0.305,0.426,-2.769,-2.265,-1.228,-2.525,-1.802,-0.915
246.512,-63.400,-42.472,-22.037,-16.009,-0.105,-3.602,-3.048,-1.649,-3.470,-2.551,-1.319
246.523,-83.420,-54.229,-30.872,-41.230,-0.880,-4.508,-3.884,-2.192,-4.539,-3.352,-1.848
246.534,-106.492,-69.155,-41.295,-10.926,-0.910,-5.623,-4.995,-2.896,-5.602,-4.419,-2.532
246.546,-104.783,-79.142,-52.175,12.518,-0.603,-6.753,-6.144,-3.755,-6.594,-5.504,-3.357
246.558,-111.009,-87.438,-62.443,23.377,0.329,-7.914,-7.338,-4.698,-7.544,-6.605,-4.241
246.569,-135.546,-98.472,-72.534,26.777,1.071,-9.221,-8.670,-5.730,-8.643,-7.817,-5.190
246.581,-128.954,-105.261,-82.075,22.834,1.270,-10.536,-9.976,-6.861,-9.832,-8.980,-6.216
246.592,-127.611,-110.483,-90.413,8.525,1.392,-11.865,-11.289,-8.053,-11.033,-10.131,-7.285
246.604,-121.019,-113.339,-97.376,-26.683,0.714,-13.234,-12.588,-9.292,-12.427,-11.256,-8.391
246.615,-112.230,-116.745,-103.343,-42.513,-0.052,-14.685,-13.976,-10.592,-13.865,-12.464,-9.552
246.627,-117.967,-117.263,-107.504,-39.816,-0.430,-15.977,-15.234,-11.877,-15.054,-13.536,-10.690
246.638,-100.633,-111.869,-109.285,-33.313,-0.554,-17.042,-16.286,-13.129,-15.936,-14.392,-11.783
246.650,-84.397,-108.896,-109.689,-19.240,-0.618,-18.177,-17.426,-14.348,-16.827,-15.324,-12.829
246.662,-80.857,-107.748,-109.635,-6.541,-0.374,-19.353,-18.620,-15.547,-17.700,-16.294,-13.838
246.673,-94.163,-107.225,-109.182,1.175,-0.101,-20.523,-19.806,-16.738,-18.560,-17.241,-14.822
246.685,-87.082,-104.837,-108.189,-0.864,0.147,-21.564,-20.861,-17.877,-19.289,-18.042,-15.738
246.696,-64.621,-95.830,-105.308,14.512,0.662,-22.303,-21.631,-18.933,-19.654,-18.546,-16.555
246.708,-63.034,-86.067,-100.142,13.716,1.315,-22.907,-22.263,-19.873,-19.881,-18.898,-17.237
246.720,-42.403,-74.788,-93.354,18.422,2.035,-23.333,-22.736,-20.685,-19.860,-19.081,-17.774
246.731,-23.238,-64.365,-85.558,17.924,2.476,-23.695,-23.132,-21.357,-19.812,-19.176,-18.157
246.743,-21.285,-53.273,-76.624,9.972,2.645,-23.899,-23.359,-21.908,-19.640,-19.101,-18.412
246.754,6.791,-36.711,-65.804,-19.153,2.340,-23.821,-23.251,-22.275,-19.355,-18.699,-18.487
246.765,30.474,-18.860,-52.860,-18.157,2.043,-23.508,-22.907,-22.444,-18.845,-18.077,-18.370
246.775,41.827,-1.746,-38.442,30.084,2.200,-22.989,-22.406,-22.418,-18.000,-17.316,-18.068
246.787,63.678,18.629,-19.475,30.544,2.765,-22.203,-21.665,-22.155,-16.759,-16.257,-17.461
246.798,82.844,37.095,-0.816,16.657,3.129,-21.295,-20.785,-21.678,-15.461,-15.072,-16.646
246.810,80.036,52.667,17.382,15.248,3.365,-20.251,-19.752,-20.994,-14.104,-13.757,-15.641
246.821,88.459,65.668,33.982,23.355,3.778,-19.105,-18.633,-20.148,-12.616,-12.378,-14.491
246.832,89.314,74.292,48.004,38.803,4.060,-18.003,-17.544,-19.218,-11.236,-11.049,-13.274
246.844,87.604,82.753,59.817,20.099,3.845,-16.861,-16.394,-18.201,-9.907,-9.685,-11.996
246.855,105.794,90.603,70.392,-22.692,2.629,-15.635,-15.096,-17.087,-8.724,-8.217,-10.663
246.866,96.882,94.905,79.218,-42.801,1.565,-14.426,-13.819,-15.921,-7.588,-6.822,-9.328
246.877,118.367,97.674,85.784,-29.612,1.265,-13.184,-12.564,-14.746,-6.295,-5.487,-8.022
246.888,109.700,101.635,91.171,12.185,1.633,-11.930,-11.335,-13.545,-4.902,-4.201,-6.714
246.899,87.971,101.163,95.178,31.353,2.022,-10.724,-10.143,-12.322,-3.604,-2.968,-5.400
246.910,89.680,99.809,97.282,17.913,2.074,-9.546,-8.969,-11.108,-2.385,-1.770,-4.117
246.921,110.188,100.651,98.178,-9.301,1.527,-8.402,-7.785,-9.928,-1.356,-0.593,-2.897
246.932,103.718,102.128,99.497,-19.291,0.850,-7.229,-6.566,-8.724,-0.345,0.584,-1.690
246.943,101.399,103.838,101.000,-5.285,0.596,-6.010,-5.339,-7.526,0.790,1.739,-0.519
246.954,89.680,102.117,101.965,28.567,1.037,-4.797,-4.177,-6.336,2.076,2.815,0.626
246.965,105.305,102.271,101.771,5.232,0.396,-3.695,-3.049,-5.175,3.002,3.833,1.719
246.976,118.855,103.480,101.917,-28.105,-0.604,-2.577,-1.874,-4.018,3.824,4.864,2.772
246.987,100.911,103.025,102.553,-47.863,-1.237,-1.446,-0.695,-2.844,4.651,5.864,3.805
246.998,107.869,102.550,102.481,-13.114,-1.043,-0.309,0.439,-1.678,5.616,6.802,4.812
247.009,81.135,96.307,101.333,25.597,-0.119,0.715,1.418,-0.558,6.592,7.580,5.766
247.020,66.486,89.381,97.792,6.608,-0.227,1.554,2.272,0.474,7.200,8.231,6.627
247.031,71.735,81.713,92.564,-34.600,-1.082,2.240,3.026,1.404,7.479,8.762,7.361
247.042,67.218,71.734,85.641,-33.095,-1.727,2.762,3.609,2.223,7.601,9.099,7.956
247.053,41.216,63.468,78.540,3.289,-1.720,3.259,4.139,2.953,7.776,9.377,8.450
247.064,41.460,55.206,70.699,-1.391,-1.730,3.694,4.579,3.585,7.970,9.564,8.843
247.075,45.245,48.582,62.882,-26.755,-2.186,4.025,4.933,4.110,8.002,9.657,9.116
247.086,46.343,40.168,55.030,16.352,-1.455,4.326,5.173,4.557,8.249,9.641,9.312
247.097,5.327,33.663,47.930,32.245,-1.030,4.550,5.373,4.933,8.322,9.599,9.450
247.108,31.084,28.547,40.846,-5.091,-1.434,4.695,5.548,5.232,8.163,9.537,9.510
247.119,15.337,25.787,35.908,-35.934,-2.038,4.899,5.790,5.505,8.030,9.530,9.534
247.130,15.459,21.552,31.139,-8.216,-2.096,5.027,5.926,5.733,7.907,9.414,9.507
247.141,-4.316,14.341,25.921,20.800,-1.604,5.043,5.923,5.894,7.760,9.172,9.423
247.152,5.815,7.936,19.677,18.130,-1.174,4.990,5.849,5.971,7.568,8.877,9.270
247.163,4.228,4.592,14.084,0.956,-1.489,4.877,5.772,5.990,7.153,8.581,9.062
247.174,-8.711,0.153,9.480,14.485,-1.604,4.771,5.661,5.978,6.869,8.256,8.823
247.185,-22.261,-3.695,5.092,2.918,-1.639,4.632,5.515,5.920,6.565,7.903,8.547
247.196,-7.612,-8.886,0.132,-18.218,-2.305,4.357,5.275,5.801,6.003,7.458,8.207
247.207,-11.152,-13.735,-4.561,-27.569,-2.838,4.059,5.017,5.630,5.407,6.992,7.813
247.217,-24.336,-16.438,-8.640,12.984,-2.351,3.803,4.723,5.421,5.089,6.503,7.390
247.228,-26.412,-19.212,-12.371,9.916,-2.340,3.507,4.428,5.184,4.632,6.029,6.957
247.239,-22.383,-21.428,-15.416,-24.504,-2.628,3.199,4.151,4.928,4.087,5.579,6.511
247.250,-17.256,-22.625,-18.393,-26.957,-3.174,2.812,3.800,4.632,3.445,5.057,6.024
247.261,-30.318,-23.389,-19.892,2.527,-2.785,2.533,3.502,4.346,3.083,4.598,5.560
247.272,-30.684,-27.953,-22.444,14.671,-2.346,2.123,3.068,4.022,2.628,4.023,5.075
247.283,-15.913,-30.059,-25.650,-5.851,-2.435,1.673,2.631,3.658,2.031,3.463,4.566
247.294,-46.676,-30.211,-26.845,-21.244,-2.564,1.323,2.293,3.309,1.552,3.004,4.077
247.305,-47.164,-35.242,-29.329,21.564,-2.218,0.877,1.804,2.924,1.144,2.409,3.565
247.316,-39.474,-39.517,-32.877,34.692,-1.703,0.410,1.279,2.488,0.774,1.799,3.022
247.327,-58.883,-40.715,-35.514,7.531,-1.662,-0.041,0.805,2.034,0.329,1.257,2.477
247.338,-35.689,-39.965,-37.444,-35.902,-2.398,-0.498,0.395,1.570,-0.318,0.780,1.925
247.349,-32.637,-39.992,-38.238,-49.133,-3.663,-0.984,-0.018,1.117,-1.080,0.286,1.372
247.360,-31.295,-37.715,-38.402,12.658,-3.087,-1.359,-0.434,0.667,-1.391,-0.206,0.828
247.371,-21.895,-37.424,-38.160,38.239,-1.639,-1.677,-0.847,0.245,-1.465,-0.662,0.344
247.382,-37.398,-35.009,-37.467,36.665,-1.424,-2.061,-1.239,-0.163,-1.839,-1.072,-0.099
247.393,-37.398,-33.191,-35.985,3.583,-1.926,-2.403,-1.541,-0.533,-2.304,-1.391,-0.501
247.404,-10.664,-29.558,-34.359,-31.984,-2.724,-2.713,-1.799,-0.890,-2.780,-1.673,-0.897
247.415,-34.102,-25.453,-31.064,-42.099,-3.171,-2.921,-1.977,-1.185,-3.089,-1.883,-1.233
247.426,23.638,-20.751,-28.442,-24.946,-3.487,-3.098,-2.140,-1.458,-3.327,-2.078,-1.549
247.437,-25.679,-16.589,-24.034,0.941,-3.291,-3.182,-2.244,-1.658,-3.368,-2.214,-1.787
247.448,-12.984,-16.622,-21.254,28.367,-2.716,-3.311,-2.427,-1.841,-3.349,-2.416,-1.996
247.459,-4.438,-13.320,-18.940,34.557,-1.808,-3.354,-2.538,-2.008,-3.186,-2.528,-2.169
247.470,-12.373,-10.428,-16.131,19.352,-1.513,-3.396,-2.601,-2.132,-3.155,-2.582,-2.287
247.481,-3.706,-6.736,-12.980,-8.835,-2.078,-3.408,-2.578,-2.212,-3.262,-2.555,-2.365
247.492,1.542,-3.757,-9.752,-40.232,-3.098,-3.431,-2.528,-2.259,-3.499,-2.517,-2.424
247.503,2.153,-0.577,-6.696,-20.284,-2.877,-3.381,-2.489,-2.281,-3.430,-2.495,-2.462
247.514,-9.199,1.392,-3.487,12.506,-2.336,-3.278,-2.421,-2.262,-3.227,-2.436,-2.450
247.525,27.422,4.207,-1.421,19.946,-1.931,-3.165,-2.333,-2.233,-3.038,-2.350,-2.420
247.536,12.163,8.337,1.761,3.861,-1.865,-2.977,-2.158,-2.153,-2.809,-2.176,-2.336
247.547,18.022,10.170,4.714,-10.201,-2.130,-2.836,-2.008,-2.044,-2.698,-2.033,-2.229
247.558,18.633,14.637,8.145,0.958,-2.137,-2.548,-1.731,-1.893,-2.390,-1.771,-2.087
247.569,30.840,16.245,10.763,9.058,-1.923,-2.330,-1.542,-1.726,-2.099,-1.597,-1.926
247.580,18.388,19.878,13.917,7.491,-1.890,-2.046,-1.270,-1.520,-1.798,-1.342,-1.728
247.591,32.549,23.022,16.932,3.232,-1.855,-1.727,-0.961,-1.282,-1.475,-1.055,-1.501
247.602,16.557,24.305,19.972,8.141,-1.825,-1.390,-0.628,-1.004,-1.158,-0.747,-1.239
247.613,27.300,25.014,21.727,6.804,-1.793,-1.106,-0.349,-0.734,-0.889,-0.499,-0.987
247.624,25.103,26.142,23.216,-20.372,-2.451,-0.856,-0.049,-0.458,-0.828,-0.240,-0.742
247.635,40.850,30.555,25.186,-39.459,-3.313,-0.552,0.332,-0.164,-0.811,0.077,-0.501
247.646,30.840,30.459,27.501,1.492,-2.815,-0.172,0.696,0.166,-0.443,0.372,-0.226
247.657,11.674,28.963,28.592,18.148,-2.412,0.136,0.984,0.485,-0.132,0.596,0.041
247.668,21.562,25.388,27.655,-5.237,-2.399,0.327,1.175,0.769,0.000,0.728,0.274
247.679,29.009,24.278,26.684,-39.660,-3.087,0.563,1.456,1.033,0.037,0.935,0.475
247.690,23.149,22.481,25.394,-37.582,-3.461,0.723,1.655,1.269,0.005,1.048,0.634
247.701,24.736,20.413,23.356,29.900,-2.254,0.881,1.761,1.467,0.248,1.078,0.763
247.711,12.163,19.049,21.926,12.141,-1.972,1.057,1.933,1.666,0.378,1.188,0.907
247.722,11.064,16.731,20.253,-29.096,-2.504,1.139,2.059,1.842,0.273,1.247,1.022
247.733,19.853,16.523,18.944,-36.088,-2.964,1.269,2.226,2.004,0.226,1.334,1.108
247.745,12.285,14.153,17.579,17.452,-2.128,1.409,2.326,2.155,0.421,1.360,1.189
247.756,-9.565,9.380,15.266,34.382,-1.286,1.436,2.324,2.266,0.486,1.302,1.248
247.766,-7.246,4.665,11.951,10.791,-1.159,1.400,2.285,2.329,0.416,1.220,1.267
247.777,-11.519,0.465,8.385,-38.528,-2.030,1.264,2.224,2.343,0.017,1.105,1.227
247.788,-1.142,-3.629,4.232,-1.748,-1.654,1.153,2.092,2.301,-0.075,0.919,1.128
247.799,-14.448,-8.288,0.172,32.247,-0.989,1.018,1.920,2.221,-0.131,0.710,1.006
247.810,-19.453,-11.117,-3.875,33.399,-0.794,0.791,1.694,2.091,-0.381,0.459,0.846
247.821,-15.059,-11.913,-6.826,1.503,-0.895,0.624,1.544,1.952,-0.609,0.289,0.680
247.832,-22.627,-12.883,-8.993,-16.149,-1.563,0.380,1.346,1.798,-1.004,0.063,0.491
247.843,-18.599,-13.346,-10.412,-1.873,-1.640,0.235,1.199,1.644,-1.165,-0.113,0.300
247.854,-35.201,-16.063,-11.622,23.362,-1.382,0.086,1.013,1.486,-1.216,-0.320,0.115
247.865,-19.698,-17.686,-14.034,8.291,-1.306,-0.165,0.741,1.278,-1.415,-0.604,-0.112
247.876,-22.872,-19.889,-15.984,-5.757,-1.487,-0.406,0.496,1.062,-1.651,-0.859,-0.346
247.887,-17.378,-19.817,-17.577,-12.091,-1.831,-0.655,0.260,0.826,-1.943,-1.104,-0.600
247.898,-26.045,-20.662,-18.467,-24.697,-2.318,-0.919,0.032,0.597,-2.321,-1.346,-0.850
247.909,-16.768,-19.339,-19.158,-36.305,-2.942,-1.205,-0.188,0.357,-2.806,-1.586,-1.118
247.920,-14.693,-20.228,-19.503,0.871,-2.476,-1.444,-0.436,0.126,-3.020,-1.849,-1.371
247.931,-36.666,-21.804,-19.870,17.408,-2.023,-1.690,-0.694,-0.104,-3.216,-2.108,-1.610
247.942,-38.863,-23.162,-20.570,4.426,-2.189,-1.965,-0.945,-0.349,-3.544,-2.351,-1.855
247.953,-16.768,-22.984,-21.771,-34.485,-2.723,-2.278,-1.205,-0.614,-3.991,-2.607,-2.123
247.964,-3.340,-22.524,-22.233,-47.804,-3.443,-2.539,-1.411,-0.872,-4.400,-2.817,-2.392
247.975,-20.064,-22.526,-22.468,8.830,-2.865,-2.790,-1.700,-1.134,-4.522,-3.108,-2.664
247.986,-27.266,-21.857,-22.050,27.418,-1.705,-2.928,-1.920,-1.372,-4.382,-3.306,-2.885
247.997,-27.388,-21.976,-22.093,20.610,-1.246,-3.158,-2.182,-1.613,-4.467,-3.527,-3.091
248.008,-21.040,-19.014,-20.953,4.973,-1.167,-3.264,-2.303,-1.822,-4.476,-3.602,-3.258
248.019,-12.373,-21.001,-21.056,7.750,-1.270,-3.566,-2.592,-2.043,-4.760,-3.841,-3.435
248.030,-5.903,-16.605,-20.136,5.508,-1.495,-3.729,-2.723,-2.246,-4.960,-3.922,-3.594
248.041,-6.392,-13.532,-18.101,-24.562,-1.834,-3.857,-2.800,-2.401,-5.185,-3.955,-3.708
248.052,-17.012,-10.514,-15.343,-32.114,-2.263,-3.961,-2.847,-2.519,-5.402,-3.968,-3.793
248.062,-1.997,-9.538,-13.162,20.717,-1.589,-3.966,-2.894,-2.614,-5.232,-3.976,-3.850
248.074,1.664,-7.461,-11.613,26.022,-0.875,-3.996,-2.962,-2.703,-5.083,-3.988,-3.884
248.085,-7.856,-4.304,-9.300,-8.988,-1.581,-4.045,-2.964,-2.756,-5.204,-3.936,-3.882
248.095,7.036,0.298,-6.424,-42.422,-2.451,-4.002,-2.864,-2.770,-5.283,-3.804,-3.861
248.106,17.290,2.176,-3.165,-42.520,-3.162,-3.897,-2.716,-2.738,-5.271,-3.642,-3.811
248.117,19.853,3.948,-0.881,-8.861,-3.191,-3.822,-2.649,-2.706,-5.139,-3.568,-3.766
248.128,11.064,7.480,1.714,4.350,-2.570,-3.668,-2.544,-2.645,-4.812,-3.449,-3.684
248.140,29.497,11.749,4.681,5.829,-2.387,-3.463,-2.354,-2.539,-4.534,-3.243,-3.555
248.150,9.111,12.555,7.826,9.451,-1.875,-3.251,-2.177,-2.391,-4.187,-3.047,-3.381
248.161,13.017,13.014,9.868,15.879,-1.549,-3.076,-2.005,-2.238,-3.970,-2.853,-3.197
248.172,24.370,15.268,11.297,-2.187,-1.955,-2.955,-1.829,-2.085,-3.983,-2.659,-3.019
248.183,21.074,16.895,13.179,-34.237,-2.410,-2.804,-1.615,-1.907,-3.994,-2.440,-2.827
248.194,15.947,19.400,15.601,-20.231,-2.647,-2.544,-1.325,-1.696,-3.810,-2.159,-2.614
248.205,7.768,16.925,16.837,18.733,-2.276,-2.339,-1.131,-1.482,-3.558,-1.975,-2.400
248.216,11.308,17.255,16.816,24.067,-1.738,-2.163,-0.982,-1.301,-3.289,-1.827,-2.212
248.227,32.427,18.699,16.934,-28.442,-2.493,-2.010,-0.770,-1.114,-3.297,-1.622,-2.023
248.238,7.524,18.401,18.056,-45.513,-3.469,-1.838,-0.516,-0.901,-3.372,-1.398,-1.830
248.249,20.342,17.559,17.921,-27.585,-3.388,-1.674,-0.346,-0.716,-3.240,-1.268,-1.676
248.260,24.980,17.206,17.608,3.675,-2.841,-1.473,-0.171,-0.537,-2.970,-1.129,-1.524
248.271,26.567,18.780,17.524,17.728,-2.352,-1.286,-0.003,-0.359,-2.731,-0.988,-1.366
248.282,16.802,17.896,17.872,12.436,-2.045,-1.095,0.175,-0.164,-2.507,-0.831,-1.185
248.293,2.885,17.196,18.107,-7.176,-2.132,-0.921,0.361,0.028,-2.371,-0.670,-1.009
248.304,25.347,15.584,16.789,-1.894,-2.168,-0.847,0.435,0.178,-2.304,-0.624,-0.881
248.315,9.233,12.925,15.797,12.498,-1.915,-0.730,0.534,0.327,-2.138,-0.553,-0.754
248.326,-7.490,12.599,14.870,13.581,-1.634,-0.610,0.641,0.460,-1.987,-0.468,-0.639
248.337,2.763,8.339,13.092,1.791,-1.658,-0.568,0.689,0.573,-1.967,-0.440,-0.543
248.348,-14.082,5.951,10.963,-19.500,-1.975,-0.568,0.716,0.646,-2.055,-0.438,-0.493
248.359,16.313,7.043,8.914,-16.897,-2.365,-0.556,0.759,0.690,-2.144,-0.428,-0.480
248.370,4.472,6.620,8.276,-6.722,-2.275,-0.464,0.838,0.756,-2.026,-0.383,-0.446
248.380,7.036,5.478,7.386,-8.306,-2.338,-0.428,0.871,0.808,-1.996,-0.382,-0.425
248.391,1.786,4.348,6.249,-7.947,-2.440,-0.442,0.856,0.839,-2.020,-0.432,-0.427
248.402,18.144,7.779,6.261,-1.251,-2.241,-0.309,0.966,0.886,-1.836,-0.355,-0.412
248.413,6.303,10.164,7.528,7.391,-1.842,-0.163,1.091,0.972,-1.646,-0.258,-0.353
248.424,21.929,11.217,8.860,1.976,-1.809,0.001,1.254,1.080,-1.486,-0.123,-0.268
248.435,6.059,11.476,9.934,1.552,-1.808,0.121,1.364,1.190,-1.355,-0.041,-0.183
248.446,18.633,11.458,10.149,20.165,-1.417,0.251,1.444,1.290,-1.095,0.011,-0.107
248.457,-5.537,11.122,10.767,23.708,-1.483,0.367,1.547,1.403,-0.955,0.089,-0.015
248.468,10.698,11.310,11.117,-7.523,-2.041,0.491,1.696,1.517,-0.932,0.206,0.069
248.479,2.275,10.611,11.157,-31.411,-2.627,0.558,1.804,1.623,-1.021,0.269,0.132
248.490,14.360,8.644,10.240,-26.263,-2.687,0.584,1.842,1.699,-1.071,0.256,0.160
248.501,2.031,7.711,9.464,3.198,-2.551,0.627,1.881,1.764,-1.051,0.246,0.179
248.512,-10.420,4.110,8.288,-2.556,-2.393,0.649,1.890,1.817,-1.023,0.212,0.191
248.522,-7.368,0.575,5.762,-10.796,-2.500,0.561,1.801,1.815,-1.142,0.082,0.147
248.533,2.397,-1.017,3.110,3.287,-2.416,0.481,1.707,1.779,-1.215,-0.051,0.069
248.544,-2.485,-1.471,1.444,7.568,-2.244,0.460,1.667,1.744,-1.207,-0.125,-0.001
248.555,-22.505,-5.298,-0.155,-18.992,-2.528,0.346,1.565,1.697,-1.382,-0.259,-0.082
248.566,-14.082,-9.886,-3.319,-14.209,-2.807,0.115,1.353,1.586,-1.697,-0.510,-0.235
248.577,-18.721,-12.584,-6.452,20.430,-2.260,-0.059,1.142,1.440,-1.786,-0.747,-0.413
248.588,-22.627,-16.476,-9.519,11.830,-1.939,-0.270,0.918,1.271,-1.967,-0.983,-0.600
248.599,-15.669,-17.756,-12.658,-13.602,-2.353,-0.564,0.653,1.059,-2.353,-1.259,-0.830
248.610,-25.801,-19.070,-14.822,-4.993,-2.511,-0.817,0.408,0.840,-2.634,-1.516,-1.070
248.621,-18.843,-22.588,-17.272,16.975,-1.970,-1.068,0.115,0.596,-2.758,-1.812,-1.323
248.632,-46.310,-22.075,-18.909,12.406,-2.007,-1.343,-0.155,0.340,-3.031,-2.074,-1.578
248.643,-9.932,-22.947,-20.674,-20.496,-2.614,-1.643,-0.418,0.075,-3.433,-2.329,-1.845
248.654,-20.796,-23.130,-21.688,-39.249,-3.134,-1.978,-0.703,-0.195,-3.905,-2.614,-2.124
248.665,-38.619,-24.372,-21.855,-6.386,-3.162,-2.228,-0.940,-0.450,-4.185,-2.852,-2.387
248.676,-22.872,-23.953,-23.105,14.666,-2.598,-2.516,-1.260,-0.738,-4.351,-3.158,-2.669
248.687,-31.173,-22.170,-22.367,-9.371,-2.774,-2.669,-1.406,-0.982,-4.497,-3.283,-2.898
248.698,-11.030,-22.468,-22.677,-27.725,-3.396,-2.980,-1.676,-1.244,-4.904,-3.538,-3.151
248.709,-7.368,-20.634,-22.392,-11.416,-3.207,-3.187,-1.901,-1.498,-5.031,-3.748,-3.396
248.720,-19.331,-21.416,-21.978,17.968,-2.657,-3.419,-2.175,-1.737,-5.108,-3.994,-3.614
248.731,-38.619,-22.685,-21.765,15.844,-2.234,-3.655,-2.441,-1.973,-5.209,-4.219,-3.814
248.742,-12.617,-23.757,-22.774,0.687,-2.193,-3.952,-2.740,-2.239,-5.442,-4.468,-4.036
248.753,-19.698,-22.332,-22.901,-9.116,-2.380,-4.202,-2.976,-2.491,-5.680,-4.653,-4.244
248.763,-21.163,-20.916,-22.194,-3.785,-2.460,-4.380,-3.155,-2.718,-5.801,-4.782,-4.426
248.774,-8.955,-17.944,-21.040,9.909,-2.426,-4.514,-3.306,-2.927,-5.830,-4.881,-4.587
248.785,-14.937,-13.367,-18.696,3.373,-2.443,-4.575,-3.380,-3.091,-5.799,-4.902,-4.701
248.796,10.210,-7.919,-15.608,-18.182,-3.023,-4.597,-3.377,-3.207,-5.848,-4.852,-4.772
248.807,13.994,-2.058,-11.593,-19.526,-3.535,-4.594,-3.356,-3.273,-5.858,-4.798,-4.804
248.818,-3.584,0.755,-6.836,-14.702,-3.809,-4.495,-3.246,-3.266,-5.765,-4.666,-4.771
248.829,18.511,1.815,-3.720,3.839,-3.391,-4.377,-3.166,-3.248,-5.506,-4.562,-4.724
248.841,7.280,1.700,-1.772,5.428,-3.159,-4.354,-3.167,-3.230,-5.382,-4.533,-4.673
248.852,10.454,5.018,0.162,13.615,-2.850,-4.228,-3.073,-3.195,-5.131,-4.406,-4.599
248.863,2.641,8.636,3.022,9.518,-2.943,-4.070,-2.916,-3.113,-4.943,-4.217,-4.480
248.874,36.089,13.165,5.802,-9.001,-3.305,-3.873,-2.707,-3.001,-4.756,-3.986,-4.338
248.885,2.641,18.458,10.488,-26.507,-3.740,-3.571,-2.390,-2.814,-4.493,-3.661,-4.133
248.896,41.338,18.339,13.520,-32.158,-4.223,-3.317,-2.121,-2.610,-4.292,-3.399,-3.925
248.907,40.240,19.379,15.003,22.984,-3.339,-3.098,-1.978,-2.429,-3.855,-3.261,-3.739
248.918,19.243,20.074,17.030,42.761,-2.022,-2.772,-1.751,-2.210,-3.232,-3.022,-3.497
248.929,11.308,21.161,18.453,37.155,-1.868,-2.560,-1.538,-1.985,-3.015,-2.787,-3.240
248.940,18.022,22.914,20.107,8.376,-2.296,-2.287,-1.220,-1.731,-2.873,-2.456,-2.964
248.951,19.853,22.229,20.926,-32.700,-3.187,-2.134,-0.998,-1.492,-2.937,-2.240,-2.719
248.962,31.450,25.943,22.283,-40.736,-3.780,-1.857,-0.665,-1.240,-2.852,-1.931,-2.482
248.973,9.233,24.859,23.964,-24.667,-4.045,-1.597,-0.376,-0.961,-2.712,-1.681,-2.229
248.984,29.986,24.185,23.944,1.750,-3.904,-1.376,-0.161,-0.716,-2.510,-1.505,-2.013
248.995,23.638,24.522,23.953,-5.602,-3.914,-1.152,0.056,-0.477,-2.308,-1.326,-1.804
249.006,21.684,24.636,24.131,-22.148,-4.387,-0.938,0.290,-0.231,-2.198,-1.142,-1.598
249.017,9.843,22.022,23.898,-21.834,-4.232,-0.728,0.476,0.004,-1.969,-1.012,-1.410
249.027,1.420,16.618,22.229,-0.441,-4.021,-0.607,0.576,0.201,-1.839,-0.964,-1.258
249.038,20.098,13.589,18.597,15.212,-3.500,-0.590,0.558,0.317,-1.759,-1.026,-1.182
249.049,8.256,14.172,16.945,9.091,-2.992,-0.422,0.700,0.451,-1.556,-0.917,-1.079
249.060,-7.979,10.288,15.320,-7.487,-3.047,-0.366,0.763,0.574,-1.555,-0.886,-0.985
249.071,21.684,8.789,12.795,-12.997,-3.016,-0.304,0.818,0.652,-1.514,-0.864,-0.937
249.082,12.163,7.188,10.593,13.994,-2.704,-0.284,0.805,0.709,-1.430,-0.905,-0.908
249.093,9.111,5.316,8.675,30.841,-2.343,-0.245,0.796,0.753,-1.273,-0.935,-0.885
249.104,-4.560,5.934,7.351,33.005,-1.867,-0.193,0.801,0.788,-1.112,-0.941,-0.864
249.115,-10.420,7.010,7.443,15.664,-2.000,-0.088,0.900,0.852,-1.015,-0.855,-0.813
249.126,-3.340,4.928,7.095,-34.048,-3.320,-0.111,0.964,0.908,-1.334,-0.818,-0.783
249.137,13.872,3.118,5.741,-40.812,-3.852,-0.131,0.983,0.927,-1.522,-0.843,-0.809
249.148,8.623,2.270,4.328,-31.478,-4.203,-0.181,0.948,0.921,-1.668,-0.928,-0.865
249.159,7.890,2.059,3.516,-7.963,-3.700,-0.149,0.948,0.917,-1.593,-0.973,-0.916
249.170,-7.246,1.173,2.732,16.425,-3.103,-0.167,0.896,0.905,-1.548,-1.058,-0.961
249.181,-16.890,-3.327,1.342,17.210,-2.685,-0.238,0.794,0.879,-1.556,-1.181,-1.010
249.192,3.251,-4.632,-1.116,3.234,-2.775,-0.363,0.673,0.804,-1.720,-1.318,-1.105
249.203,-8.467,-2.648,-1.737,-30.384,-3.740,-0.422,0.686,0.747,-2.024,-1.331,-1.190
249.214,-8.589,-5.891,-2.685,-39.455,-4.815,-0.600,0.577,0.676,-2.457,-1.484,-1.308
249.225,-15.547,-7.037,-4.075,-32.234,-4.922,-0.712,0.461,0.574,-2.601,-1.650,-1.462
249.236,-11.885,-12.323,-6.275,-4.221,-4.322,-0.872,0.256,0.445,-2.670,-1.895,-1.635
249.247,-1.875,-13.346,-9.314,17.717,-3.617,-1.064,0.018,0.263,-2.749,-2.155,-1.845
249.258,-22.139,-11.958,-10.489,22.370,-3.000,-1.203,-0.157,0.098,-2.791,-2.336,-2.021
249.269,-29.952,-16.715,-12.033,14.647,-2.597,-1.436,-0.418,-0.071,-2.944,-2.589,-2.189
249.280,-18.477,-14.497,-13.208,-3.051,-2.588,-1.554,-0.541,-0.258,-3.043,-2.696,-2.366
249.291,-26.045,-17.869,-14.254,-18.346,-2.911,-1.780,-0.748,-0.439,-3.321,-2.891,-2.539
249.302,-3.096,-18.737,-16.149,-24.082,-3.418,-2.042,-0.985,-0.663,-3.657,-3.118,-2.760
249.313,-13.106,-16.765,-16.803,-16.727,-3.503,-2.239,-1.193,-0.883,-3.822,-3.317,-2.977
249.324,-16.280,-14.777,-16.025,20.924,-2.758,-2.310,-1.329,-1.063,-3.689,-3.436,-3.145
249.335,-26.045,-16.825,-15.979,27.202,-1.997,-2.492,-1.564,-1.245,-3.697,-3.636,-3.297
249.346,-15.669,-17.191,-16.420,24.206,-1.559,-2.664,-1.773,-1.440,-3.729,-3.795,-3.448
249.357,-24.214,-15.835,-16.107,3.723,-1.474,-2.777,-1.893,-1.611,-3.781,-3.858,-3.566
249.368,-8.833,-15.124,-16.035,-11.271,-1.962,-2.977,-2.060,-1.786,-4.046,-3.971,-3.693
249.379,-8.711,-13.078,-15.362,-18.303,-2.358,-3.123,-2.180,-1.947,-4.237,-4.047,-3.813
249.390,-2.363,-10.147,-13.833,-19.989,-2.634,-3.209,-2.251,-2.079,-4.346,-4.078,-3.908
249.401,-12.007,-8.148,-11.685,-7.094,-2.519,-3.233,-2.293,-2.176,-4.293,-4.081,-3.967
249.413,4.228,-3.963,-9.192,-2.710,-2.190,-3.161,-2.255,-2.243,-4.090,-4.000,-3.990
249.424,4.960,-3.018,-7.088,16.708,-1.789,-3.162,-2.293,-2.285,-3.953,-3.990,-3.984
249.434,-11.763,-3.809,-5.949,9.939,-1.617,-3.208,-2.359,-2.317,-3.909,-4.012,-3.971
249.445,2.641,1.578,-4.001,-10.478,-1.633,-3.057,-2.208,-2.319,-3.734,-3.818,-3.928
249.455,9.355,1.460,-2.455,-35.465,-2.202,-3.094,-2.204,-2.307,-3.869,-3.780,-3.878
249.466,25.957,8.174,0.163,-28.265,-2.698,-2.902,-1.978,-2.255,-3.767,-3.532,-3.801
249.477,14.726,5.775,1.865,-7.862,-2.849,-2.945,-2.015,-2.195,-3.821,-3.550,-3.719
249.488,19.731,9.370,3.832,15.803,-2.412,-2.729,-1.836,-2.115,-3.488,-3.351,-3.615
249.498,-5.049,6.785,5.064,-6.673,-2.410,-2.702,-1.815,-2.034,-3.431,-3.308,-3.508
249.510,14.848,9.932,6.380,-11.459,-2.675,-2.557,-1.661,-1.943,-3.306,-3.134,-3.391
249.520,30.596,17.533,9.252,-14.011,-2.832,-2.202,-1.302,-1.801,-2.965,-2.768,-3.235
249.530,36.455,22.116,12.763,1.110,-2.787,-1.890,-0.999,-1.602,-2.633,-2.461,-3.024
249.542,45.489,29.309,17.129,-5.353,-2.753,-1.400,-0.518,-1.310,-2.133,-1.982,-2.722
249.554,47.564,36.282,22.472,-11.493,-2.843,-0.832,0.047,-0.937,-1.582,-1.427,-2.346
249.565,68.439,45.417,28.667,-17.481,-3.265,-0.144,0.755,-0.479,-0.988,-0.745,-1.898
249.576,65.509,53.344,35.635,-30.002,-3.925,0.590,1.522,0.072,-0.400,-0.021,-1.369
249.588,77.350,61.009,42.863,-32.550,-4.221,1.443,2.386,0.711,0.355,0.780,-0.769
249.599,90.534,71.193,50.912,-22.030,-4.461,2.511,3.456,1.456,1.327,1.770,-0.078
249.611,101.033,79.877,59.156,-11.313,-4.789,3.596,4.556,2.306,2.268,2.769,0.702
249.623,117.391,90.412,67.857,-9.691,-5.012,4.826,5.797,3.248,3.342,3.893,1.560
249.634,123.494,100.387,77.012,7.593,-5.049,6.151,7.117,4.302,4.543,5.076,2.514
249.646,128.133,110.860,86.700,22.120,-4.834,7.630,8.582,5.476,5.904,6.388,3.574
249.657,133.748,120.617,96.429,35.495,-4.495,9.195,10.118,6.755,7.379,7.755,4.728
249.669,129.476,126.966,105.494,39.829,-3.716,10.773,11.641,8.125,8.929,9.099,5.966
249.680,148.641,133.014,113.578,42.902,-2.826,12.473,13.275,9.586,10.617,10.549,7.288
249.692,150.473,137.771,120.492,28.425,-2.181,14.083,14.831,11.077,12.177,11.914,8.635
249.704,145.834,143.252,127.296,24.323,-1.479,15.846,16.542,12.642,13.865,13.424,10.046
249.715,155.844,148.420,133.533,19.580,-1.188,17.628,18.295,14.257,15.492,14.959,11.492
249.726,167.319,150.554,138.382,11.557,-1.018,19.197,19.846,15.810,16.850,16.277,12.861
249.737,137.777,147.312,141.545,13.626,-0.640,20.652,21.279,17.361,18.100,17.465,14.212
249.748,118.123,141.145,142.235,4.851,-0.481,21.959,22.576,18.835,19.156,18.507,15.474
249.759,117.757,135.714,140.919,-18.440,-0.660,23.209,23.830,20.216,20.099,19.492,16.626
249.770,98.591,124.141,136.919,-24.645,-1.001,24.167,24.814,21.504,20.679,20.191,17.664
249.781,68.561,110.474,130.270,3.878,-1.073,24.960,25.610,22.651,21.146,20.694,18.548
249.792,57.940,96.030,120.857,26.261,-0.598,25.530,26.147,23.625,21.498,20.940,19.253
249.802,27.666,77.765,109.143,18.346,-0.310,25.826,26.410,24.413,21.575,20.920,19.773
249.813,13.872,62.538,96.116,6.000,-0.181,26.027,26.605,25.041,21.492,20.837,20.131
249.824,-0.288,43.564,81.407,-44.727,-1.298,25.829,26.499,25.456,20.728,20.450,20.264
249.835,-0.166,26.707,65.729,-34.733,-1.801,25.521,26.257,25.672,19.937,19.923,20.188
249.846,-19.087,13.516,50.660,14.974,-1.463,25.244,25.961,25.735,19.424,19.352,19.964
249.856,-18.721,2.353,36.233,23.448,-0.850,24.840,25.534,25.655,18.819,18.672,19.614
249.867,-31.173,-7.907,23.276,9.873,-0.959,24.354,25.059,25.470,18.046,17.958,19.168
249.878,-41.671,-15.812,11.742,-13.041,-0.977,23.845,24.567,25.197,17.248,17.240,18.645
249.889,-48.019,-23.693,-0.500,5.099,-1.103,23.247,23.984,24.790,16.321,16.386,17.934
249.900,-52.047,-30.906,-10.969,-8.527,-1.536,22.559,23.340,24.304,15.240,15.486,17.156
249.911,-59.616,-40.768,-20.781,-27.312,-2.122,21.757,22.587,23.736,14.047,14.486,16.304
249.923,-45.333,-45.714,-29.617,-30.285,-2.359,21.011,21.854,23.076,13.022,13.520,15.373
249.934,-53.146,-51.024,-37.123,-38.322,-2.133,20.180,21.010,22.339,12.009,12.464,14.385
249.945,-56.686,-56.515,-43.521,-43.446,-2.551,19.338,20.201,21.575,10.876,11.460,13.387
249.956,-52.291,-59.409,-49.611,-19.669,-2.064,18.433,19.279,20.755,9.843,10.370,12.358
249.967,-74.265,-65.509,-54.552,6.815,-1.031,17.564,18.343,19.920,9.023,9.302,11.351
249.978,-90.867,-71.902,-60.295,22.457,0.094,16.585,17.294,19.021,8.136,8.163,10.320
249.989,-78.659,-77.112,-66.039,9.078,0.258,15.554,16.248,18.068,7.070,7.057,9.263
250.000,-86.228,-78.185,-70.664,-9.016,0.143,14.540,15.230,17.086,6.013,5.999,8.198
250.011,-100.511,-83.989,-74.375,-15.047,0.060,13.512,14.197,16.088,4.958,4.944,7.136
250.022,-80.735,-87.700,-79.398,-10.284,0.111,12.373,13.043,15.018,3.843,3.790,6.022
250.033,-107.835,-91.645,-83.337,-9.707,0.087,11.207,11.877,13.929,2.679,2.645,4.912
250.044,-103.562,-95.467,-87.422,-11.210,0.039,10.012,10.684,12.804,1.505,1.495,3.786
250.055,-107.225,-99.850,-91.447,-19.908,-0.422,8.755,9.453,11.639,0.214,0.322,2.635
250.066,-85.251,-99.911,-94.788,-24.795,-0.759,7.589,8.307,10.453,-0.947,-0.754,1.476
250.077,-85.007,-100.883,-97.300,-32.104,-1.021,6.337,7.070,9.240,-2.167,-1.905,0.308
250.088,-92.210,-99.053,-98.406,17.059,-0.036,5.232,5.907,8.062,-3.009,-2.955,-0.798
250.099,-108.690,-100.021,-98.344,32.876,0.976,4.195,4.799,6.932,-3.713,-3.913,-1.815
250.110,-93.674,-100.867,-99.151,37.229,1.730,3.100,3.646,5.781,-4.484,-4.882,-2.820
250.121,-79.270,-96.721,-99.151,27.623,2.236,2.073,2.585,4.646,-5.229,-5.733,-3.780
250.132,-95.994,-93.200,-97.484,27.634,2.880,1.076,1.551,3.575,-5.918,-6.533,-4.653
250.143,-97.703,-89.725,-94.678,36.232,3.396,0.144,0.609,2.547,-6.593,-7.220,-5.457
250.154,-101.976,-87.824,-91.995,43.963,4.164,-0.735,-0.297,1.581,-7.150,-7.848,-6.173
250.165,-89.158,-86.151,-89.822,34.731,4.405,-1.592,-1.167,0.642,-7.706,-8.422,-6.843
250.176,-69.260,-82.045,-87.572,-7.254,3.619,-2.435,-1.965,-0.272,-8.405,-8.921,-7.485
250.187,-58.883,-77.094,-84.654,-7.699,2.780,-3.260,-2.736,-1.146,-9.118,-9.402,-8.092
250.198,-47.164,-67.612,-79.663,-13.065,2.121,-3.901,-3.322,-1.933,-9.651,-9.707,-8.617
250.209,-54.855,-58.958,-72.765,-29.984,0.929,-4.454,-3.789,-2.619,-10.194,-9.908,-9.051
250.220,-27.266,-48.730,-64.900,-27.015,0.359,-4.784,-4.090,-3.193,-10.366,-9.960,-9.384
250.231,-29.341,-41.800,-57.107,-16.940,0.124,-5.109,-4.413,-3.678,-10.461,-10.042,-9.634
250.242,-17.622,-32.517,-49.077,-21.945,-0.069,-5.327,-4.596,-4.073,-10.546,-9.988,-9.794
250.253,-8.833,-24.869,-40.839,-33.530,-0.721,-5.480,-4.693,-4.372,-10.634,-9.863,-9.867
250.264,-8.833,-18.210,-32.849,-25.793,-0.926,-5.523,-4.728,-4.587,-10.486,-9.687,-9.867
250.275,-14.326,-14.636,-26.055,-16.560,-0.799,-5.526,-4.743,-4.745,-10.245,-9.496,-9.808
250.286,23.271,-9.134,-20.809,-21.601,-0.529,-5.534,-4.748,-4.870,-10.055,-9.292,-9.715
250.297,20.342,0.226,-14.471,-10.715,0.103,-5.420,-4.646,-4.916,-9.696,-8.980,-9.539
250.308,2.641,6.564,-6.829,13.281,0.683,-5.177,-4.424,-4.844,-9.183,-8.548,-9.242
250.319,3.251,6.384,-1.699,22.078,1.434,-5.067,-4.356,-4.749,-8.741,-8.262,-8.914
250.330,28.032,11.441,2.144,22.181,2.304,-4.845,-4.175,-4.636,-8.181,-7.855,-8.560
250.341,26.690,18.696,7.401,21.982,2.787,-4.497,-3.850,-4.440,-7.553,-7.306,-8.123
250.352,5.937,19.744,12.357,30.413,3.550,-4.173,-3.550,-4.183,-6.947,-6.781,-7.624
250.363,24.492,20.652,15.286,14.415,3.687,-3.900,-3.268,-3.925,-6.489,-6.276,-7.124
250.374,29.009,25.142,18.243,-11.033,2.877,-3.610,-2.906,-3.647,-6.209,-5.711,-6.625
250.385,23.882,26.725,21.478,-19.023,2.326,-3.268,-2.522,-3.327,-5.809,-5.151,-6.109
250.396,51.348,29.213,23.571,-16.626,2.077,-2.931,-2.170,-3.012,-5.359,-4.640,-5.615
250.407,24.736,34.108,26.943,-19.114,1.660,-2.533,-1.738,-2.645,-4.913,-4.065,-5.085
250.418,23.149,35.054,30.444,-27.184,1.357,-2.079,-1.253,-2.234,-4.420,-3.456,-4.529
250.429,46.710,35.175,31.997,-29.329,1.218,-1.705,-0.864,-1.844,-3.973,-2.959,-4.010
250.440,41.216,36.293,33.600,-18.780,1.410,-1.248,-0.434,-1.442,-3.333,-2.431,-3.488
250.451,57.452,36.593,34.228,-4.765,1.508,-0.854,-0.063,-1.051,-2.778,-1.966,-2.984
250.462,23.882,37.326,35.589,-4.515,1.896,-0.410,0.349,-0.637,-2.156,-1.465,-2.462
250.473,39.385,37.342,36.244,-1.371,2.049,-0.009,0.749,-0.220,-1.671,-0.982,-1.943
250.484,25.957,36.177,36.659,20.278,2.901,0.424,1.130,0.192,-1.005,-0.518,-1.428
250.495,41.949,33.039,35.564,40.953,4.123,0.807,1.446,0.576,-0.342,-0.106,-0.933
250.506,28.399,33.834,34.307,31.961,4.271,1.094,1.736,0.931,0.022,0.280,-0.467
250.517,17.290,33.894,34.561,2.644,3.666,1.477,2.156,1.320,0.373,0.782,0.018
250.528,11.797,31.365,33.941,-15.580,3.197,1.783,2.484,1.683,0.675,1.174,0.459
250.539,33.770,28.609,32.239,-12.984,2.920,2.065,2.775,2.013,0.978,1.515,0.852
250.550,24.736,26.885,30.171,-4.228,2.792,2.257,2.974,2.297,1.188,1.756,1.189
250.561,12.407,23.965,28.470,-5.167,2.608,2.477,3.207,2.572,1.401,2.022,1.507
250.572,19.121,21.951,26.058,-18.558,2.240,2.621,3.379,2.801,1.487,2.218,1.768
250.583,22.417,18.180,23.612,-5.591,2.592,2.787,3.526,3.009,1.728,2.386,2.004
250.594,4.960,15.172,20.814,21.199,3.287,2.902,3.595,3.175,2.002,2.484,2.204
250.605,1.664,7.604,16.859,41.819,4.050,2.908,3.546,3.290,2.202,2.478,2.365
250.616,-13.594,4.773,12.499,38.947,4.616,2.857,3.454,3.340,2.317,2.442,2.471
250.627,-12.373,-0.336,8.466,19.675,4.711,2.797,3.391,3.365,2.314,2.439,2.554
250.638,-17.867,-6.015,3.647,1.154,4.011,2.585,3.226,3.321,2.008,2.326,2.558
250.649,-1.631,-9.527,-1.159,-32.634,2.861,2.312,3.053,3.218,1.481,2.192,2.487
250.660,-18.843,-9.980,-4.068,-39.373,2.158,2.146,2.962,3.106,1.127,2.125,2.395
250.671,-17.378,-15.541,-7.729,-37.508,2.120,1.846,2.699,2.948,0.749,1.883,2.251
250.682,-17.744,-16.494,-11.026,-19.033,2.320,1.602,2.464,2.749,0.520,1.676,2.072
250.693,-26.168,-20.127,-13.693,12.646,3.038,1.359,2.197,2.544,0.394,1.449,1.899
250.704,-20.430,-21.949,-16.654,27.043,3.666,1.103,1.906,2.303,0.301,1.214,1.706
250.715,-39.107,-24.378,-19.110,28.495,3.862,0.796,1.591,2.048,0.087,0.968,1.510
250.726,-37.643,-26.894,-21.522,5.254,3.913,0.481,1.275,1.773,-0.144,0.724,1.298
250.737,-31.783,-29.062,-23.977,0.851,3.670,0.147,0.960,1.474,-0.454,0.484,1.062
250.748,-19.576,-28.849,-26.288,3.895,3.570,-0.228,0.596,1.140,-0.783,0.198,0.795
250.759,-48.751,-30.916,-27.372,-20.632,3.240,-0.615,0.250,0.829,-1.203,-0.069,0.550
250.769,-19.453,-30.171,-28.887,-14.259,3.189,-0.951,-0.065,0.492,-1.508,-0.308,0.280
250.780,-44.112,-30.775,-28.872,8.050,3.295,-1.231,-0.341,0.188,-1.708,-0.503,0.047
250.791,-26.778,-33.490,-30.812,24.426,3.799,-1.642,-0.791,-0.167,-1.900,-0.858,-0.223
250.802,-40.206,-34.283,-31.625,5.791,3.905,-1.943,-1.103,-0.507,-2.062,-1.067,-0.470
250.813,-27.755,-32.540,-32.460,1.097,3.711,-2.292,-1.436,-0.863,-2.346,-1.295,-0.733
250.824,-32.271,-30.517,-31.758,-3.392,3.530,-2.567,-1.694,-1.188,-2.558,-1.449,-0.962
250.835,-19.698,-28.863,-31.012,-25.913,3.180,-2.872,-1.959,-1.495,-2.864,-1.613,-1.175
250.846,-19.209,-26.636,-29.582,-22.791,2.894,-3.121,-2.172,-1.779,-3.112,-1.730,-1.369
250.857,-20.064,-25.425,-28.010,23.385,3.285,-3.333,-2.396,-2.039,-3.175,-1.856,-1.536
250.868,-34.835,-23.865,-26.648,43.053,4.195,-3.514,-2.642,-2.285,-3.042,-1.984,-1.670
250.879,1.664,-21.177,-25.268,1.230,3.813,-3.670,-2.782,-2.510,-3.118,-2.005,-1.780
250.890,-18.111,-17.285,-22.364,-24.749,2.949,-3.782,-2.843,-2.683,-3.267,-1.965,-1.853
250.901,-12.251,-14.356,-19.889,-17.970,2.787,-3.920,-2.963,-2.840,-3.346,-1.992,-1.918
250.912,-0.654,-12.314,-17.481,28.301,3.802,-3.952,-3.048,-2.962,-3.113,-1.973,-1.937
250.923,-13.228,-9.804,-14.807,13.217,3.749,-4.003,-3.069,-3.047,-3.130,-1.883,-1.909
250.934,7.036,-5.664,-11.995,-42.385,3.091,-4.034,-3.031,-3.102,-3.246,-1.746,-1.862
250.946,10.210,-1.019,-8.362,-30.134,2.785,-3.916,-2.913,-3.109,-3.022,-1.541,-1.777
250.956,2.031,0.926,-5.504,47.688,3.095,-3.766,-2.830,-3.084,-2.605,-1.392,-1.682
250.966,2.763,0.856,-3.507,2.493,3.273,-3.714,-2.795,-3.052,-2.421,-1.287,-1.573
250.977,-0.288,0.909,-2.118,-46.948,2.983,-3.750,-2.774,-3.022,-2.549,-1.199,-1.472
250.987,14.238,4.005,-0.636,17.676,3.208,-3.676,-2.668,-2.979,-2.494,-1.030,-1.361
250.999,5.205,7.347,2.017,18.863,3.464,-3.524,-2.500,-2.881,-2.290,-0.784,-1.177
251.011,18.022,10.820,4.787,22.920,3.579,-3.304,-2.288,-2.746,-1.959,-0.496,-0.957
251.021,23.027,15.594,7.714,-8.653,3.317,-3.028,-2.000,-2.581,-1.646,-0.154,-0.729
251.032,34.380,19.946,10.989,-6.089,3.091,-2.744,-1.701,-2.375,-1.346,0.189,-0.468
251.043,31.939,22.374,14.277,15.397,3.322,-2.421,-1.390,-2.129,-0.937,0.539,-0.172
251.054,26.201,23.452,17.026,15.718,3.550,-2.137,-1.117,-1.867,-0.567,0.852,0.140
251.064,20.342,23.095,18.975,-26.793,3.158,-1.915,-0.858,-1.600,-0.408,1.144,0.450
251.075,14.726,21.779,20.228,6.112,2.980,-1.671,-0.604,-1.338,-0.155,1.418,0.745
251.086,11.674,19.520,20.188,28.045,3.190,-1.503,-0.459,-1.105,0.115,1.586,1.009
251.097,15.947,17.248,19.495,-27.823,2.643,-1.391,-0.303,-0.895,0.131,1.759,1.243
251.108,10.576,15.590,18.556,17.433,3.044,-1.200,-0.147,-0.706,0.448,1.925,1.450
251.118,-5.659,11.175,16.793,28.611,3.745,-1.108,-0.108,-0.549,0.722,1.985,1.635
251.129,-3.096,6.992,14.191,-25.351,3.295,-1.124,-0.091,-0.438,0.643,2.022,1.770
251.140,-1.509,2.877,10.984,0.413,3.119,-1.197,-0.143,-0.379,0.534,1.983,1.845
251.151,-4.194,-1.406,7.332,16.085,3.474,-1.318,-0.273,-0.369,0.472,1.873,1.875
251.161,-9.077,-3.821,4.076,-15.593,3.195,-1.432,-0.346,-0.386,0.275,1.820,1.878
251.172,-10.298,-6.506,1.035,-15.741,3.279,-1.563,-0.451,-0.430,0.099,1.733,1.850
251.182,-25.557,-10.493,-2.121,22.230,3.666,-1.772,-0.637,-0.505,-0.130,1.571,1.796
251.192,-14.815,-13.322,-5.430,-53.320,3.329,-2.028,-0.813,-0.615,-0.570,1.423,1.710
251.203,-27.388,-16.484,-8.513,23.815,3.561,-2.271,-1.034,-0.756,-0.825,1.226,1.588
251.213,-28.853,-19.847,-11.867,9.207,3.765,-2.569,-1.321,-0.931,-1.091,0.977,1.446
251.223,-21.285,-21.166,-14.623,-31.595,2.943,-2.862,-1.537,-1.131,-1.551,0.791,1.268
251.234,-30.318,-24.185,-17.347,23.849,3.133,-3.183,-1.857,-1.363,-1.813,0.501,1.059
251.245,-41.549,-29.460,-20.601,4.499,3.368,-3.572,-2.261,-1.634,-2.091,0.140,0.821
251.256,-39.962,-31.404,-23.697,-16.967,3.171,-3.910,-2.588,-1.936,-2.390,-0.142,0.553
251.266,-36.422,-34.047,-26.744,5.617,3.321,-4.308,-2.991,-2.270,-2.704,-0.497,0.257
251.277,-36.422,-34.329,-29.052,17.237,3.710,-4.647,-3.340,-2.617,-2.930,-0.788,-0.043
251.288,-44.723,-35.507,-30.910,-6.669,3.518,-5.048,-3.711,-2.963,-3.330,-1.095,-0.336
251.299,-26.534,-35.499,-32.446,-35.781,2.972,-5.451,-4.055,-3.321,-3.810,-1.381,-0.646
251.310,-43.624,-38.289,-33.945,32.918,3.603,-5.857,-4.490,-3.690,-4.041,-1.751,-0.960
251.320,-39.962,-39.097,-35.554,17.686,4.025,-6.213,-4.894,-4.073,-4.160,-2.073,-1.272
251.331,-36.300,-38.925,-36.540,-34.711,2.929,-6.603,-5.235,-4.451,-4.585,-2.340,-1.586
251.342,-58.639,-41.975,-37.789,25.148,3.271,-7.059,-5.729,-4.859,-4.840,-2.760,-1.931
251.353,-34.957,-40.146,-38.887,18.935,3.585,-7.442,-6.115,-5.269,-5.103,-3.058,-2.265
251.363,-32.027,-37.479,-38.743,-21.411,2.992,-7.796,-6.412,-5.648,-5.509,-3.268,-2.566
251.374,-23.116,-35.705,-38.099,-22.598,2.642,-8.165,-6.722,-6.005,-5.937,-3.500,-2.855
251.385,-42.525,-38.631,-37.944,30.860,3.477,-8.584,-7.173,-6.365,-6.147,-3.861,-3.134
251.395,-53.512,-41.958,-38.908,6.367,3.690,-9.046,-7.649,-6.740,-6.441,-4.230,-3.412
251.406,-24.092,-40.289,-39.636,-29.954,3.168,-9.387,-7.967,-7.115,-6.717,-4.447,-3.695
251.416,-37.520,-37.992,-39.301,38.867,3.557,-9.632,-8.254,-7.458,-6.721,-4.630,-3.944
251.426,-33.614,-35.092,-38.212,-7.972,3.321,-9.854,-8.481,-7.768,-6.802,-4.748,-4.153
251.436,-38.985,-32.563,-36.329,-12.552,3.127,-10.025,-8.641,-8.039,-6.881,-4.806,-4.328
251.446,-27.632,-30.262,-34.466,10.419,3.273,-10.158,-8.784,-8.290,-6.859,-4.848,-4.481
251.458,-26.534,-27.905,-31.969,13.289,3.528,-10.284,-8.929,-8.546,-6.781,-4.861,-4.608
251.468,-15.181,-22.194,-29.263,12.725,3.664,-10.252,-8.915,-8.728,-6.573,-4.740,-4.683
251.478,7.158,-11.575,-24.528,-0.765,3.500,-10.035,-8.692,-8.821,-6.260,-4.416,-4.671
251.488,19.609,-0.960,-18.036,-14.236,3.209,-9.769,-8.403,-8.814,-5.947,-4.036,-4.564
251.498,30.596,6.232,-11.046,11.057,3.324,-9.463,-8.106,-8.722,-5.516,-3.657,-4.379
251.510,24.980,13.326,-2.783,26.186,4.023,-9.083,-7.774,-8.532,-4.880,-3.220,-4.068
251.521,27.910,18.811,4.800,35.006,4.624,-8.615,-7.366,-8.256,-4.129,-2.705,-3.666
251.532,37.188,24.423,10.351,9.659,4.812,-8.183,-6.955,-7.972,-3.545,-2.208,-3.280
251.543,40.606,31.885,17.723,2.496,4.453,-7.584,-6.348,-7.557,-2.874,-1.514,-2.754
251.555,30.596,32.908,23.515,5.566,4.237,-7.098,-5.854,-7.095,-2.329,-0.950,-2.198
251.566,22.173,32.754,27.386,2.636,3.954,-6.646,-5.383,-6.642,-1.863,-0.423,-1.666
251.578,42.193,34.187,29.527,-1.365,3.534,-6.229,-4.929,-6.204,-1.497,0.069,-1.165
251.589,47.198,37.779,31.959,-21.578,3.130,-5.752,-4.417,-5.750,-1.079,0.602,-0.666
251.600,44.634,39.404,34.824,-23.646,3.006,-5.189,-3.847,-5.256,-0.512,1.178,-0.141
251.611,40.606,40.648,36.741,2.194,3.255,-4.684,-3.372,-4.772,0.087,1.652,0.364
251.622,34.991,38.623,38.048,20.368,3.472,-4.176,-2.896,-4.279,0.691,2.123,0.876
251.633,37.798,41.018,38.684,15.957,3.603,-3.675,-2.417,-3.819,1.249,2.593,1.349
251.643,39.263,41.386,39.330,1.562,3.463,-3.257,-1.992,-3.370,1.635,2.999,1.801
251.653,43.658,42.414,40.205,-34.567,2.964,-2.852,-1.517,-2.913,1.824,3.439,2.245
251.664,41.949,43.334,41.497,-41.451,2.358,-2.387,-0.972,-2.396,2.031,3.931,2.729
251.675,38.897,43.891,42.557,19.923,3.029,-1.865,-0.470,-1.888,2.565,4.371,3.196
251.685,51.471,41.342,42.191,34.538,3.623,-1.422,-0.042,-1.396,3.014,4.744,3.653
251.696,4.594,38.405,41.700,26.077,3.597,-1.044,0.354,-0.918,3.297,5.087,4.094
251.707,54.034,35.357,39.166,-6.449,3.311,-0.702,0.722,-0.496,3.521,5.392,4.469
251.718,27.056,34.739,37.699,-15.051,2.815,-0.347,1.109,-0.090,3.729,5.700,4.811
251.729,7.280,30.120,35.687,-7.217,2.567,-0.101,1.376,0.284,3.851,5.878,5.110
251.740,39.019,25.174,31.817,-1.711,2.468,0.086,1.570,0.590,3.952,5.980,5.336
251.751,3.862,22.067,28.843,-15.207,2.261,0.274,1.778,0.864,4.010,6.091,5.521
251.762,8.012,18.210,25.538,3.981,2.598,0.454,1.942,1.097,4.161,6.158,5.666
251.773,18.877,15.501,21.639,27.127,3.110,0.550,2.009,1.275,4.268,6.139,5.762
251.784,-22.872,11.871,19.359,30.226,3.759,0.731,2.161,1.464,4.474,6.216,5.880
251.795,10.820,10.881,15.944,-17.787,2.717,0.707,2.206,1.584,4.193,6.181,5.924
251.806,15.215,8.571,13.148,-24.101,1.888,0.686,2.254,1.688,3.909,6.131,5.931
251.817,-20.430,3.235,10.853,-13.766,1.901,0.715,2.273,1.775,3.883,6.048,5.917
251.828,-13.838,-0.362,7.155,4.588,2.123,0.645,2.188,1.790,3.785,5.866,5.835
251.839,-4.805,-1.474,3.891,6.127,2.211,0.608,2.144,1.777,3.698,5.733,5.730
251.850,-3.950,-6.062,0.675,7.630,2.399,0.494,2.015,1.738,3.565,5.520,5.604
251.861,-19.698,-9.261,-2.415,13.554,2.535,0.394,1.906,1.668,3.429,5.335,5.454
251.871,-36.666,-12.938,-5.961,1.786,2.540,0.170,1.682,1.548,3.157,5.041,5.259
251.882,-25.069,-17.020,-9.290,-16.533,2.279,-0.039,1.482,1.399,2.868,4.774,5.037
251.893,-12.129,-18.236,-12.661,0.875,2.288,-0.257,1.250,1.208,2.642,4.477,4.773
251.904,-34.224,-20.824,-15.430,27.136,2.654,-0.501,0.954,0.999,2.507,4.129,4.503
251.915,-20.918,-22.368,-17.882,16.273,2.691,-0.711,0.720,0.776,2.331,3.852,4.228
251.926,-30.074,-23.328,-19.823,-2.398,2.583,-0.980,0.439,0.535,2.067,3.533,3.940
251.937,-19.331,-23.431,-21.283,-7.774,2.229,-1.246,0.192,0.289,1.719,3.248,3.646
251.948,-12.861,-22.080,-21.888,-7.574,2.071,-1.477,-0.033,0.044,1.447,2.985,3.355
251.959,-20.186,-21.988,-21.862,11.483,2.486,-1.660,-0.239,-0.178,1.309,2.750,3.095
251.970,-37.643,-21.319,-21.553,11.642,2.801,-1.865,-0.466,-0.395,1.152,2.505,2.852
251.981,-13.838,-22.340,-21.922,-3.446,2.609,-2.132,-0.711,-0.618,0.818,2.250,2.610
251.992,-27.510,-22.148,-21.681,-23.971,2.344,-2.346,-0.890,-0.829,0.505,2.057,2.378
252.003,-14.326,-21.780,-21.923,8.407,2.467,-2.579,-1.111,-1.051,0.237,1.826,2.138
252.014,-25.191,-19.816,-21.268,18.607,2.824,-2.749,-1.288,-1.256,0.098,1.649,1.927
252.025,-6.269,-18.219,-20.511,-19.173,2.315,-2.960,-1.440,-1.440,-0.266,1.499,1.739
252.036,-0.410,-15.001,-19.104,-33.050,2.084,-3.099,-1.538,-1.603,-0.513,1.396,1.566
252.047,-25.435,-15.698,-17.261,8.740,2.214,-3.209,-1.649,-1.732,-0.607,1.279,1.427
252.058,6.547,-13.190,-16.660,24.351,2.629,-3.324,-1.788,-1.881,-0.629,1.146,1.280
252.069,-18.355,-10.633,-14.427,-5.005,2.395,-3.366,-1.817,-1.974,-0.688,1.125,1.191
252.080,7.524,-11.255,-13.158,-24.224,1.955,-3.452,-1.874,-2.063,-0.845,1.066,1.099
252.091,-6.758,-7.457,-11.591,23.803,2.663,-3.453,-1.911,-2.143,-0.724,1.031,1.019
252.102,-15.913,-6.678,-9.521,31.645,3.166,-3.441,-1.921,-2.179,-0.621,1.038,0.999
252.112,9.721,-4.050,-8.098,-13.221,2.510,-3.485,-1.900,-2.211,-0.821,1.073,0.981
252.123,-1.509,-0.783,-5.243,-42.223,1.781,-3.412,-1.760,-2.191,-0.920,1.207,0.998
252.134,2.885,0.541,-3.104,-6.625,1.923,-3.368,-1.717,-2.164,-0.867,1.241,1.018
252.145,7.890,3.170,-1.324,26.870,2.731,-3.243,-1.652,-2.122,-0.548,1.309,1.067
252.156,-1.387,3.883,0.880,-2.981,2.461,-3.130,-1.531,-2.041,-0.440,1.433,1.155
252.167,-3.340,5.415,2.503,-13.096,2.334,-3.038,-1.451,-1.963,-0.301,1.509,1.233
252.178,21.807,6.049,3.554,3.378,2.346,-2.910,-1.345,-1.875,-0.103,1.609,1.318
252.189,0.077,8.748,5.317,10.725,2.651,-2.719,-1.192,-1.763,0.200,1.759,1.431
252.200,7.402,9.582,6.989,4.352,2.482,-2.569,-1.036,-1.629,0.334,1.907,1.562
252.211,24.370,12.341,8.267,4.308,2.244,-2.416,-0.872,-1.494,0.451,2.058,1.689
252.222,7.402,13.845,10.611,-16.002,1.809,-2.212,-0.638,-1.314,0.558,2.267,1.851
252.233,18.511,12.440,11.290,-28.848,1.276,-2.124,-0.517,-1.156,0.527,2.353,1.979
252.244,27.910,15.019,12.109,-10.635,1.372,-1.929,-0.319,-0.996,0.687,2.510,2.103
252.255,16.924,14.065,13.028,37.177,2.590,-1.676,-0.146,-0.814,1.148,2.652,2.260
252.265,-9.199,12.066,13.296,24.829,2.628,-1.554,-0.021,-0.640,1.248,2.757,2.419
252.276,18.633,10.326,11.877,-4.286,2.067,-1.524,0.049,-0.511,1.143,2.800,2.524
252.288,1.909,11.573,11.978,-26.952,1.567,-1.372,0.244,-0.362,1.144,2.955,2.636
252.299,5.327,9.449,11.319,-33.200,1.364,-1.329,0.323,-0.234,1.053,2.986,2.720
252.309,-4.072,10.999,11.281,-11.640,1.267,-1.228,0.456,-0.108,1.025,3.068,2.798
252.320,19.365,8.447,10.399,10.909,1.824,-1.131,0.538,0.009,1.137,3.104,2.872
252.331,1.054,9.454,9.655,31.505,2.653,-1.016,0.594,0.110,1.405,3.128,2.943
252.342,-0.776,8.080,9.721,15.130,2.542,-0.863,0.751,0.241,1.527,3.255,3.046
252.353,31.695,10.668,9.036,-1.443,2.336,-0.756,0.870,0.340,1.577,3.340,3.112
252.364,-7.246,11.968,10.581,-26.680,1.876,-0.602,1.073,0.495,1.562,3.500,3.227
252.375,12.895,7.461,9.968,-45.421,1.342,-0.627,1.119,0.611,1.298,3.493,3.293
252.386,14.726,8.996,9.091,-24.427,1.065,-0.605,1.188,0.695,1.149,3.501,3.317
252.397,-16.646,3.401,8.290,12.451,1.704,-0.573,1.181,0.784,1.258,3.439,3.351
252.408,4.228,-0.029,4.976,27.532,2.150,-0.669,1.041,0.790,1.269,3.258,3.313
252.419,-20.430,0.986,3.602,26.037,2.384,-0.629,1.062,0.810,1.341,3.245,3.296
252.430,-18.721,0.350,3.120,13.860,2.367,-0.577,1.135,0.850,1.316,3.285,3.301
252.441,19.731,-0.026,1.424,9.269,2.377,-0.639,1.102,0.849,1.158,3.220,3.266
252.452,-1.997,1.929,1.149,-20.608,1.690,-0.698,1.122,0.861,0.857,3.203,3.237
252.463,-11.519,-1.737,0.959,-29.877,1.249,-0.723,1.125,0.883,0.728,3.158,3.210
252.474,8.745,-5.043,-1.002,-29.557,0.786,-0.826,1.050,0.850,0.517,3.030,3.118
252.485,12.529,-1.027,-1.750,-12.396,0.713,-0.802,1.078,0.811,0.497,3.001,3.020
252.495,-15.913,-1.046,-0.752,14.084,1.349,-0.698,1.136,0.825,0.707,3.007,2.982
252.506,-11.885,-5.286,-1.984,13.752,1.807,-0.831,0.984,0.792,0.614,2.817,2.908
252.517,-10.908,-5.829,-3.497,23.968,2.119,-0.924,0.870,0.734,0.571,2.676,2.817
252.528,-24.825,-7.579,-4.502,25.059,2.490,-0.965,0.797,0.682,0.621,2.584,2.742
252.539,2.031,-6.351,-5.758,-10.705,1.910,-1.051,0.736,0.609,0.458,2.505,2.646
252.550,-9.321,-6.627,-5.942,-18.625,1.594,-1.124,0.683,0.551,0.321,2.424,2.555
252.561,-4.316,-7.100,-6.350,-10.043,1.471,-1.199,0.606,0.485,0.241,2.318,2.456
252.572,-12.007,-8.163,-7.021,-5.742,1.420,-1.323,0.483,0.404,0.103,2.168,2.344
252.583,-16.280,-12.338,-8.164,5.173,1.631,-1.440,0.345,0.314,0.037,2.007,2.225
252.593,-5.659,-12.879,-10.401,23.790,1.866,-1.625,0.132,0.171,-0.066,1.780,2.060
252.604,-24.459,-12.296,-10.738,23.959,2.171,-1.634,0.081,0.064,0.046,1.722,1.940
252.615,6.425,-14.224,-12.369,-12.940,1.519,-1.831,-0.099,-0.077,-0.195,1.534,1.784
252.626,-1.020,-11.082,-12.536,-20.571,1.163,-1.920,-0.186,-0.211,-0.296,1.432,1.629
252.637,-28.731,-11.153,-11.595,-24.863,0.902,-2.021,-0.273,-0.312,-0.445,1.325,1.505
252.648,1.054,-12.427,-12.079,-13.682,1.152,-2.157,-0.422,-0.437,-0.547,1.161,1.359
252.659,-3.828,-10.910,-11.827,14.243,1.683,-2.227,-0.522,-0.551,-0.532,1.056,1.234
252.670,-20.430,-11.249,-11.337,33.355,2.227,-2.300,-0.635,-0.649,-0.478,0.949,1.138
252.681,-8.345,-9.722,-11.155,27.812,2.609,-2.354,-0.727,-0.748,-0.403,0.875,1.051
252.692,-10.054,-8.860,-10.091,-14.047,1.822,-2.399,-0.729,-0.816,-0.559,0.884,0.992
252.703,-0.776,-5.366,-9.099,-16.270,1.424,-2.449,-0.770,-0.888,-0.636,0.844,0.917
252.714,-6.880,-4.714,-7.126,-13.309,1.204,-2.400,-0.714,-0.910,-0.606,0.895,0.888
252.725,1.298,-4.247,-6.334,-18.085,0.865,-2.453,-0.750,-0.950,-0.712,0.849,0.837
252.736,0.810,-0.747,-4.261,-10.699,0.822,-2.375,-0.663,-0.951,-0.672,0.920,0.821
252.747,17.046,-0.344,-3.230,22.025,1.677,-2.342,-0.681,-0.951,-0.488,0.899,0.817
252.758,-11.030,1.458,-1.388,31.323,2.143,-2.249,-0.602,-0.916,-0.349,0.983,0.858
252.769,-0.654,2.732,-0.153,-9.430,1.413,-2.266,-0.558,-0.879,-0.541,1.029,0.897
252.780,18.511,3.641,1.214,-44.615,0.689,-2.194,-0.429,-0.822,-0.644,1.142,0.942
252.790,18.511,8.013,2.905,-34.093,0.271,-2.120,-0.318,-0.759,-0.692,1.225,0.978
252.801,7.768,6.678,4.813,15.940,0.969,-1.957,-0.207,-0.656,-0.391,1.312,1.062
252.812,1.542,5.517,5.161,20.135,1.288,-1.911,-0.187,-0.580,-0.277,1.319,1.126
252.823,21.440,7.338,5.474,-5.411,0.928,-1.815,-0.078,-0.502,-0.230,1.410,1.189
252.834,-1.997,4.887,5.864,-19.479,0.530,-1.768,-0.021,-0.417,-0.233,1.440,1.249
252.845,9.477,3.115,4.659,-3.340,0.578,-1.779,-0.062,-0.377,-0.179,1.371,1.261
252.856,-17.867,0.745,3.884,31.618,1.288,-1.712,-0.065,-0.336,0.074,1.348,1.283
252.867,-5.171,-0.641,2.423,14.286,1.263,-1.716,-0.074,-0.320,0.068,1.326,1.285
252.878,4.838,-0.570,1.158,-3.680,1.116,-1.720,-0.069,-0.316,0.021,1.317,1.274
252.889,0.444,0.684,0.961,-36.244,0.557,-1.719,-0.011,-0.299,-0.164,1.354,1.269
252.900,12.773,0.933,0.701,-27.680,-0.072,-1.759,0.003,-0.290,-0.391,1.332,1.242
252.911,13.506,3.012,1.382,13.849,0.665,-1.661,0.070,-0.259,-0.228,1.369,1.243
252.922,9.477,4.019,2.075,36.072,1.413,-1.579,0.121,-0.214,-0.067,1.404,1.273
252.933,-10.420,3.133,2.913,26.285,1.411,-1.531,0.177,-0.152,-0.050,1.450,1.325
252.944,6.669,4.227,2.962,-6.633,1.126,-1.498,0.230,-0.108,-0.086,1.488,1.356
252.954,7.524,6.352,4.115,-9.373,0.552,-1.395,0.363,-0.037,-0.092,1.592,1.400
252.965,14.116,6.815,5.235,-0.488,0.478,-1.267,0.488,0.048,0.017,1.684,1.454
252.976,1.298,5.991,5.540,-2.235,0.459,-1.228,0.522,0.119,0.045,1.684,1.495
252.987,12.285,7.229,5.960,-6.240,0.475,-1.131,0.611,0.195,0.134,1.740,1.538
252.998,-3.584,5.910,6.215,8.782,0.629,-1.076,0.655,0.273,0.194,1.750,1.585
253.009,1.054,2.808,5.461,7.705,0.704,-1.059,0.662,0.331,0.214,1.729,1.615
253.020,4.716,3.872,4.640,-23.844,0.077,-1.036,0.726,0.370,0.085,1.758,1.620
253.031,14.604,4.535,4.487,-17.642,0.225,-0.956,0.791,0.418,0.178,1.782,1.627
253.042,5.571,4.775,4.673,22.442,0.632,-0.875,0.833,0.472,0.342,1.789,1.648
253.053,-6.025,1.850,4.032,36.960,1.655,-0.841,0.799,0.517,0.552,1.739,1.675
253.064,2.397,3.799,3.578,13.059,1.732,-0.760,0.873,0.556,0.641,1.803,1.706
253.075,16.679,5.122,3.882,-21.404,0.796,-0.725,0.968,0.611,0.478,1.877,1.740
253.086,-5.781,4.467,4.458,-20.089,0.644,-0.692,1.013,0.673,0.447,1.889,1.770
253.097,-8.711,2.512,4.103,5.525,0.693,-0.677,1.021,0.718,0.452,1.867,1.784
253.108,4.106,1.627,3.154,3.710,0.723,-0.668,1.020,0.740,0.459,1.837,1.777
253.118,3.007,1.239,2.588,-5.430,0.563,-0.632,1.055,0.763,0.466,1.841,1.769
253.129,9.111,-1.503,1.235,-3.532,0.449,-0.681,1.005,0.761,0.386,1.759,1.733
253.140,-13.350,-2.455,-0.034,-8.481,0.340,-0.762,0.924,0.737,0.274,1.646,1.675
253.151,0.688,-4.274,-1.509,3.069,0.454,-0.834,0.839,0.698,0.211,1.532,1.604
253.162,3.495,-5.106,-3.044,17.276,0.748,-0.906,0.744,0.642,0.180,1.414,1.520
253.173,-9.810,-4.113,-3.626,15.569,0.620,-0.950,0.704,0.593,0.102,1.355,1.449
253.184,4.472,-3.318,-3.634,-18.150,0.261,-0.953,0.723,0.559,0.009,1.349,1.388
253.195,-7.979,-3.496,-3.493,-29.507,-0.497,-1.043,0.681,0.521,-0.257,1.270,1.310
253.206,-3.950,-5.404,-3.907,20.335,0.114,-1.091,0.590,0.471,-0.212,1.143,1.221
253.217,-16.524,-7.742,-4.995,30.014,0.962,-1.165,0.454,0.403,-0.123,0.993,1.134
253.228,-0.532,-7.803,-6.528,1.523,0.636,-1.314,0.327,0.311,-0.347,0.860,1.030
253.238,-12.007,-10.698,-7.681,-19.027,0.207,-1.466,0.196,0.218,-0.577,0.715,0.919
253.249,-8.955,-9.892,-8.802,0.075,0.234,-1.589,0.065,0.101,-0.693,0.568,0.780
253.260,4.838,-11.086,-9.716,7.028,0.516,-1.686,-0.062,-0.009,-0.711,0.434,0.657
253.271,-15.791,-10.426,-10.065,0.308,0.526,-1.797,-0.181,-0.123,-0.807,0.314,0.536
253.282,-14.448,-11.406,-10.555,7.023,0.595,-1.947,-0.341,-0.239,-0.934,0.153,0.414
253.293,-23.360,-12.010,-10.798,0.931,0.609,-2.070,-0.457,-0.351,-1.077,0.043,0.301
253.304,-0.410,-11.352,-11.074,-24.346,0.273,-2.207,-0.536,-0.467,-1.388,-0.036,0.179
253.315,-17.256,-12.022,-11.350,18.251,0.624,-2.334,-0.671,-0.585,-1.489,-0.165,0.060
253.326,-8.345,-11.020,-11.551,-0.556,0.652,-2.451,-0.777,-0.704,-1.628,-0.259,-0.050
253.337,4.472,-9.324,-10.960,-24.651,0.397,-2.535,-0.831,-0.804,-1.791,-0.305,-0.147
253.348,-13.960,-8.748,-9.988,11.453,0.461,-2.594,-0.894,-0.886,-1.829,-0.360,-0.225
253.359,-3.828,-8.333,-9.524,-7.039,0.438,-2.668,-0.969,-0.968,-1.884,-0.424,-0.299
253.370,4.228,-6.461,-8.829,-10.190,0.457,-2.719,-1.024,-1.043,-1.914,-0.469,-0.368
253.381,-4.805,-5.495,-7.666,12.891,0.540,-2.760,-1.062,-1.094,-1.952,-0.494,-0.410
253.391,0.932,-4.909,-6.779,-37.706,0.359,-2.833,-1.093,-1.139,-2.135,-0.514,-0.446
253.403,1.054,-3.903,-5.880,18.474,0.480,-2.906,-1.114,-1.176,-2.340,-0.525,-0.475
253.413,2.641,-2.245,-4.719,-53.362,0.203,-2.970,-1.102,-1.196,-2.611,-0.505,-0.489
253.424,-0.654,-0.963,-3.506,11.808,0.291,-2.995,-1.103,-1.204,-2.682,-0.497,-0.490
253.435,5.205,1.747,-1.792,-4.884,0.224,-2.918,-1.020,-1.184,-2.603,-0.410,-0.466
253.446,4.106,2.586,-0.378,2.330,0.273,-2.869,-0.986,-1.153,-2.489,-0.373,-0.432
253.457,-4.072,3.095,0.966,-16.036,0.182,-2.826,-0.930,-1.107,-2.461,-0.312,-0.380
253.468,2.641,4.031,2.121,5.071,0.123,-2.765,-0.852,-1.053,-2.435,-0.234,-0.327
253.479,0.322,4.570,3.109,-6.710,0.144,-2.677,-0.768,-0.991,-2.320,-0.152,-0.265
253.489,-1.753,3.384,3.355,-3.206,0.215,-2.632,-0.738,-0.937,-2.216,-0.123,-0.212
253.500,2.641,3.234,3.304,-10.865,0.162,-2.578,-0.688,-0.890,-2.138,-0.074,-0.164
253.511,19.609,5.391,3.596,-0.599,0.113,-2.486,-0.607,-0.838,-2.005,0.005,-0.114
253.522,-1.142,4.216,4.067,25.103,0.118,-2.428,-0.572,-0.775,-1.874,0.031,-0.059
253.533,0.199,3.089,3.904,13.012,0.193,-2.344,-0.537,-0.725,-1.646,0.057,-0.018
253.544,13.750,21.097,9.139,25.068,8.052,-1.647,0.056,-0.533,-0.595,0.701,0.229
253.555,-12.984,1.264,8.382,-16.903,12.187,-1.858,-0.156,-0.339,-0.609,0.681,0.619
253.566,-23.238,-10.499,2.271,-18.806,10.458,-2.365,-0.455,-0.329,-1.530,0.581,0.823
253.576,-31.905,-19.119,-4.972,-21.796,9.395,-2.825,-0.746,-0.416,-2.298,0.466,0.903
253.587,-22.383,-21.790,-11.197,17.344,8.918,-3.159,-0.985,-0.577,-2.721,0.385,0.890
253.598,-23.604,-21.833,-15.039,-31.960,8.216,-3.491,-1.142,-0.746,-3.387,0.367,0.850
253.609,64.288,-0.091,-13.058,-14.854,6.671,-3.283,-0.800,-0.832,-3.411,0.819,0.868
253.620,61.359,22.949,-2.296,31.672,6.340,-2.735,-0.090,-0.648,-3.192,1.607,1.136
253.631,-34.591,27.192,9.965,29.860,6.343,-2.348,0.422,-0.284,-3.040,2.178,1.568
253.642,-1.631,17.775,14.679,-29.600,4.385,-2.223,0.588,0.013,-2.935,2.364,1.896
253.653,-4.805,12.855,14.956,-9.777,4.469,-2.123,0.697,0.221,-2.762,2.490,2.127
253.664,6.303,9.854,13.620,-56.177,4.405,-2.018,0.825,0.385,-2.624,2.636,2.315
253.675,-38.497,-1.848,9.717,7.684,4.221,-2.158,0.675,0.471,-2.639,2.504,2.421
253.686,0.444,-0.201,5.923,-2.733,4.332,-2.059,0.739,0.495,-2.344,2.583,2.461
253.697,-2.607,-1.407,3.226,-2.041,4.003,-2.054,0.752,0.515,-2.282,2.608,2.494
253.708,2.031,-0.334,1.767,-33.779,3.810,-2.116,0.794,0.536,-2.568,2.660,2.525
253.719,12.773,-0.535,-0.243,2.218,3.052,-2.166,0.771,0.544,-2.594,2.640,2.537
253.730,-11.397,-3.198,-0.812,25.568,2.480,-2.174,0.753,0.555,-2.498,2.592,2.519
253.741,1.909,-0.595,-0.778,-8.039,1.851,-2.144,0.811,0.563,-2.486,2.617,2.496
253.752,-2.119,-1.113,-0.705,3.826,1.853,-2.121,0.815,0.575,-2.354,2.581,2.469
253.763,-3.462,-0.682,-0.713,-1.970,1.388,-2.131,0.821,0.581,-2.367,2.542,2.431
253.774,2.275,0.086,-0.499,1.929,1.498,-2.069,0.853,0.592,-2.177,2.525,2.394
253.785,4.960,0.050,-0.324,-1.760,1.095,-2.067,0.868,0.604,-2.182,2.486,2.355
253.796,4.228,1.210,0.275,-0.967,1.135,-1.991,0.920,0.625,-2.012,2.483,2.322
253.807,4.838,1.517,0.866,-1.852,0.856,-1.964,0.950,0.650,-1.976,2.454,2.291
253.818,2.885,0.921,0.998,-0.437,0.836,-1.926,0.970,0.673,-1.871,2.414,2.257
253.829,-0.410,-0.419,0.536,0.445,0.683,-1.940,0.949,0.682,-1.855,2.331,2.206
253.840,-2.119,0.474,0.653,-0.257,0.650,-1.877,0.994,0.696,-1.738,2.315,2.161
253.851,-1.020,0.548,0.603,0.776,0.580,-1.865,0.992,0.706,-1.683,2.252,2.112
253.862,-5.781,0.651,0.679,-0.210,0.518,-1.842,1.000,0.718,-1.620,2.199,2.065
253.873,-0.898,-0.145,0.500,0.167,0.464,-1.825,1.002,0.728,-1.564,2.141,2.016
253.883,-7.368,-0.319,0.321,-0.337,0.403,-1.811,1.002,0.733,-1.516,2.081,1.962
253.895,-2.363,1.442,0.664,-0.038,0.356,-1.751,1.047,0.745,-1.422,2.066,1.915
253.906,-4.805,0.990,1.150,-0.166,0.307,-1.710,1.072,0.766,-1.352,2.030,1.879
253.917,-2.729,0.867,1.291,0.085,0.267,-1.674,1.092,0.784,-1.288,1.991,1.839
253.927,-7.734,-0.560,0.774,-0.039,0.233,-1.688,1.062,0.789,-1.274,1.903,1.788
253.938,9.843,1.744,0.788,0.085,0.210,-1.624,1.109,0.797,-1.182,1.892,1.740
253.949,0.932,0.278,0.757,-0.081,0.183,-1.630,1.086,0.808,-1.163,1.814,1.696
253.960,-1.997,0.129,0.646,0.044,0.163,-1.594,1.105,0.816,-1.103,1.778,1.650
253.971,1.298,-0.351,0.067,-0.039,0.146,-1.602,1.081,0.811,-1.086,1.700,1.593
253.982,-3.828,0.515,0.334,-0.164,0.107,-1.568,1.099,0.816,-1.036,1.666,1.547
253.993,-1.997,-0.072,0.372,-0.122,0.085,-1.555,1.096,0.821,-1.004,1.612,1.502
254.004,-3.584,-1.416,-0.092,-0.122,0.063,-1.558,1.076,0.818,-0.991,1.542,1.449
254.015,-2.363,0.188,-0.086,-0.121,0.055,-1.530,1.087,0.812,-0.943,1.505,1.396
254.026,-2.729,-0.995,-0.320,0.044,0.051,-1.546,1.054,0.807,-0.940,1.426,1.345
254.037,1.909,0.002,-0.341,-0.164,0.056,-1.511,1.071,0.802,-0.884,1.398,1.296
254.048,-0.410,-0.976,-0.604,0.127,0.052,-1.539,1.026,0.793,-0.894,1.311,1.244
254.059,-7.490,-1.627,-0.750,-0.164,0.037,-1.535,1.013,0.784,-0.876,1.257,1.194
254.070,-4.316,-2.102,-1.237,-0.163,0.026,-1.539,0.993,0.766,-0.866,1.197,1.136
254.081,-1.142,-0.042,-0.983,-0.247,0.012,-1.497,1.019,0.755,-0.811,1.185,1.087
254.092,2.641,0.758,-0.351,0.002,0.013,-1.470,1.029,0.757,-0.770,1.157,1.052
254.103,7.036,0.211,-0.077,0.002,-0.003,-1.465,1.018,0.761,-0.756,1.110,1.020
254.114,8.256,0.286,-0.124,-0.039,-0.006,-1.451,1.015,0.760,-0.730,1.072,0.984
254.125,-0.410,-0.642,-0.245,0.002,-0.011,-1.453,0.997,0.757,-0.722,1.020,0.947
254.136,8.989,0.870,-0.057,0.002,-0.011,-1.417,1.016,0.756,-0.675,1.007,0.914
254.147,-0.410,1.403,0.483,0.002,-0.020,-1.391,1.027,0.766,-0.641,0.985,0.892
254.157,-1.020,1.459,0.824,-0.164,-0.023,-1.383,1.018,0.777,-0.626,0.946,0.871
254.168,-3.950,1.067,0.948,-0.039,-0.023,-1.372,1.013,0.787,-0.607,0.911,0.851
254.179,-2.607,0.317,0.831,0.002,-0.031,-1.369,1.001,0.795,-0.598,0.870,0.829
254.190,6.425,0.621,0.602,0.169,-0.022,-1.353,0.999,0.797,-0.573,0.841,0.802
254.201,-5.049,-0.986,0.093,0.127,-0.024,-1.373,0.964,0.794,-0.586,0.780,0.771
254.212,0.444,-0.352,-0.203,-0.246,-0.030,-1.356,0.965,0.786,-0.565,0.756,0.737
254.222,-4.805,-1.031,-0.386,0.212,-0.018,-1.356,0.949,0.780,-0.555,0.716,0.706
254.233,8.501,1.165,-0.226,-0.039,-0.029,-1.313,0.977,0.776,-0.510,0.721,0.678
254.244,-2.607,0.163,0.199,-0.039,-0.022,-1.304,0.970,0.784,-0.494,0.692,0.662
254.255,-0.898,0.650,0.375,-0.039,-0.020,-1.269,0.989,0.789,-0.456,0.689,0.644
254.266,-2.119,0.601,0.478,-0.039,-0.016,-1.245,0.998,0.796,-0.428,0.676,0.628
254.277,-0.410,0.694,0.570,0.294,-0.008,-1.219,1.008,0.802,-0.398,0.665,0.613
254.287,0.566,-0.018,0.396,0.044,-0.026,-1.218,0.995,0.805,-0.400,0.632,0.595
254.298,-5.659,0.105,0.474,0.002,-0.037,-1.188,1.010,0.809,-0.372,0.628,0.579
254.309,-5.659,0.334,0.478,-0.081,-0.039,-1.171,1.012,0.812,-0.356,0.610,0.561
254.320,0.444,-0.359,0.209,0.086,-0.044,-1.164,1.005,0.812,-0.350,0.584,0.541
254.331,-1.142,-0.803,-0.185,-0.122,-0.044,-1.161,0.993,0.805,-0.348,0.554,0.516
254.341,-2.363,-0.960,-0.636,-0.039,-0.041,-1.163,0.976,0.793,-0.349,0.521,0.486
254.352,1.786,0.972,-0.339,-0.039,-0.040,-1.135,0.989,0.788,-0.322,0.518,0.463
254.363,-4.683,-0.175,0.028,-0.039,-0.035,-1.138,0.971,0.792,-0.325,0.484,0.452
254.374,0.566,0.138,0.042,-0.080,-0.039,-1.116,0.980,0.792,-0.304,0.478,0.436
254.385,-0.532,0.135,0.023,-0.497,-0.056,-1.106,0.976,0.791,-0.300,0.460,0.419
254.396,11.186,1.474,0.299,0.002,-0.057,-1.068,1.000,0.795,-0.265,0.470,0.408
254.407,2.397,-0.198,0.220,0.002,-0.045,-1.085,0.968,0.798,-0.282,0.424,0.396
254.417,2.763,-0.272,-0.027,0.169,-0.046,-1.075,0.964,0.795,-0.275,0.407,0.379
254.428,-3.340,-0.069,-0.125,0.169,-0.024,-1.072,0.951,0.790,-0.268,0.383,0.361
254.439,-6.147,-0.902,-0.197,-0.122,-0.042,-1.068,0.943,0.787,-0.271,0.363,0.346
254.450,2.885,-0.467,-0.528,-0.248,-