R
Px,Ix,Dx,Py,Iy,Dy,Pz,Iz,FFrx,FFry,FFdrx,FFdry,satI,satPID,DTermC,GparamC,AparamC,KFQAng,KFQbias,KFRmeas,CPx,CIx,CPy,CIy,CsatI,CsatPID,CFFdrx,CFFdry,CFalpha
175,25,1900,200,25,2100,500,150,0,0,0,0,7,75,10,10.0,64.0,0.000100,0.003000,20,30,0,0,0,75,300,0,0,0.995
sysTime,PIDRefX,PIDSensX,PIDPoutX,PIDIoutX,PIDDoutX,PIDUX
205.659,0.000,16.516,-0.289,-0.012,0.136,0.000
205.670,0.000,16.516,-0.289,-0.012,0.136,0.000
205.681,0.000,16.516,-0.289,-0.012,0.136,0.000
205.693,0.000,16.516,-0.289,-0.012,0.136,0.000
205.704,0.000,16.516,-0.289,-0.012,0.136,0.000
205.714,0.000,16.516,-0.289,-0.012,0.136,0.000
205.725,0.000,16.516,-0.289,-0.012,0.136,0.000
205.736,0.000,16.516,-0.289,-0.012,0.136,0.000
205.747,0.000,16.516,-0.289,-0.012,0.136,0.000
205.758,0.000,16.516,-0.289,-0.012,0.136,0.000
205.769,0.000,16.516,-0.289,-0.012,0.136,0.000
205.780,0.000,16.516,-0.289,-0.012,0.136,0.000
205.791,0.000,16.516,-0.289,-0.012,0.136,0.000
205.802,0.000,16.516,-0.289,-0.012,0.136,0.000
205.814,0.000,16.516,-0.289,-0.012,0.136,0.000
205.824,0.000,16.516,-0.289,-0.012,0.136,0.000
205.835,0.000,16.516,-0.289,-0.012,0.136,0.000
205.846,0.000,16.516,-0.289,-0.012,0.136,0.000
205.857,0.000,16.516,-0.289,-0.012,0.136,0.000
205.868,0.000,16.516,-0.289,-0.012,0.136,0.000
205.879,0.000,16.516,-0.289,-0.012,0.136,0.000
205.890,0.000,16.516,-0.289,-0.012,0.136,0.000
205.901,0.000,16.516,-0.289,-0.012,0.136,0.000
205.912,0.000,16.516,-0.289,-0.012,0.136,0.000
205.923,0.000,16.516,-0.289,-0.012,0.136,0.000
205.934,0.000,16.516,-0.289,-0.012,0.136,0.000
205.944,0.000,16.516,-0.289,-0.012,0.136,0.000
205.956,0.000,16.516,-0.289,-0.012,0.136,0.000
205.967,0.000,16.516,-0.289,-0.012,0.136,0.000
205.978,0.000,16.516,-0.289,-0.012,0.136,0.000
205.989,0.000,16.516,-0.289,-0.012,0.136,0.000
206.000,0.000,16.516,-0.289,-0.012,0.136,0.000
206.011,0.000,16.516,-0.289,-0.012,0.136,0.000
206.022,0.000,16.516,-0.289,-0.012,0.136,0.000
206.033,0.000,16.516,-0.289,-0.012,0.136,0.000
206.044,0.000,16.516,-0.289,-0.012,0.136,0.000
206.055,0.000,16.516,-0.289,-0.012,0.136,0.000
206.065,0.000,16.516,-0.289,-0.012,0.136,0.000
206.077,0.000,16.516,-0.289,-0.012,0.136,0.000
206.088,0.000,16.516,-0.289,-0.012,0.136,0.000
206.099,0.000,16.516,-0.289,-0.012,0.136,0.000
206.110,0.000,16.516,-0.289,-0.012,0.136,0.000
206.121,0.000,16.516,-0.289,-0.012,0.136,0.000
206.132,0.000,16.516,-0.289,-0.012,0.136,0.000
206.143,0.000,16.516,-0.289,-0.012,0.136,0.000
206.154,0.000,16.516,-0.289,-0.012,0.136,0.000
206.165,0.000,16.516,-0.289,-0.012,0.136,0.000
206.176,0.000,16.516,-0.289,-0.012,0.136,0.000
206.186,0.000,16.516,-0.289,-0.012,0.136,0.000
206.198,0.000,16.516,-0.289,-0.012,0.136,0.000
206.209,0.000,16.516,-0.289,-0.012,0.136,0.000
206.220,0.000,16.516,-0.289,-0.012,0.136,0.000
206.231,0.000,16.516,-0.289,-0.012,0.136,0.000
206.242,0.000,16.516,-0.289,-0.012,0.136,0.000
206.253,0.000,16.516,-0.289,-0.012,0.136,0.000
206.264,0.000,16.516,-0.289,-0.012,0.136,0.000
206.275,0.000,16.516,-0.289,-0.012,0.136,0.000
206.286,0.000,16.516,-0.289,-0.012,0.136,0.000
206.297,0.000,16.516,-0.289,-0.012,0.136,0.000
206.308,0.000,2.423,-0.042,-0.001,0.317,0.000
206.318,0.000,1.302,-0.022,-0.006,0.096,0.000
206.329,0.000,0.365,-0.006,-0.008,-0.022,0.000
206.340,0.000,0.882,-0.015,-0.010,0.021,0.000
206.351,0.000,0.045,-0.000,-0.010,-0.035,0.000
206.362,0.000,0.594,-0.010,-0.011,0.032,0.000
206.372,0.000,-0.534,0.009,-0.011,-0.078,0.000
206.383,0.000,0.084,-0.001,-0.011,-0.005,0.000
206.394,0.000,0.568,-0.009,-0.012,0.068,0.000
206.404,0.000,0.170,-0.002,-0.013,-0.002,0.000
206.415,0.000,2.570,-0.044,-0.017,0.172,0.000
206.426,0.000,0.677,-0.011,-0.021,-0.059,0.000
206.437,0.000,0.616,-0.010,-0.025,-0.103,0.000
206.448,0.000,0.053,-0.000,-0.025,-0.100,0.000
206.460,0.000,1.737,-0.030,-0.029,0.067,0.000
206.471,0.000,1.737,-0.030,-0.034,0.020,0.000
206.482,0.000,-0.252,0.004,-0.035,-0.132,0.000
206.493,0.000,-1.228,0.021,-0.032,-0.122,0.000
206.504,0.000,-1.602,0.028,-0.028,-0.092,0.000
206.515,0.000,-1.061,0.018,-0.024,0.027,0.000
206.526,0.000,-0.923,0.016,-0.022,-0.013,0.000
206.537,0.000,-0.906,0.015,-0.019,0.008,0.000
206.548,0.000,-0.436,0.007,-0.017,0.048,0.000
206.559,0.000,-1.366,0.023,-0.015,-0.057,0.000
206.570,0.000,-1.325,0.023,-0.012,-0.043,0.000
206.580,0.000,0.599,-0.010,-0.013,0.069,0.000
206.591,0.000,0.653,-0.011,-0.014,0.068,0.000
206.602,0.000,0.572,-0.010,-0.015,0.045,0.000
206.613,0.000,-0.028,0.000,-0.017,-0.064,0.000
206.624,0.000,0.759,-0.013,-0.018,0.013,0.000
206.634,0.000,-0.508,0.008,-0.018,-0.083,0.000
206.645,0.000,1.162,-0.020,-0.018,0.129,0.000
206.656,0.000,-0.717,0.012,-0.020,-0.137,0.000
206.667,0.000,0.120,-0.002,-0.019,-0.009,0.000
206.678,0.000,1.303,-0.022,-0.021,0.112,0.000
206.689,0.000,0.996,-0.017,-0.025,0.023,0.000
206.699,0.000,0.878,-0.015,-0.028,-0.035,0.000
206.710,0.000,-0.140,0.002,-0.029,-0.079,0.000
206.721,0.000,0.359,-0.006,-0.030,-0.033,0.000
206.732,0.000,-0.828,0.014,-0.030,-0.144,0.000
206.743,0.000,0.010,-0.000,-0.029,-0.024,0.000
206.753,0.000,0.702,-0.012,-0.030,0.046,0.000
206.764,0.000,0.578,-0.010,-0.030,0.070,0.000
206.775,0.000,-0.342,0.006,-0.031,-0.042,0.000
206.786,0.000,0.854,-0.014,-0.032,0.068,0.000
206.797,0.000,0.718,-0.012,-0.034,0.014,0.000
206.807,0.000,-0.218,0.003,-0.035,-0.066,0.000
206.818,0.000,0.231,-0.004,-0.035,0.019,0.000
206.829,0.000,-0.660,0.011,-0.036,-0.112,0.000
206.840,0.000,0.613,-0.010,-0.036,0.012,0.000
206.851,0.000,1.348,-0.023,-0.039,0.075,0.000
206.861,0.000,0.547,-0.009,-0.041,0.002,0.000
206.872,0.000,-0.359,0.006,-0.041,-0.064,0.000
206.883,0.000,-1.467,0.025,-0.040,-0.180,0.000
206.894,0.000,0.069,-0.001,-0.038,0.024,0.000
206.905,0.000,-0.659,0.011,-0.037,-0.022,0.000
206.916,0.000,-0.878,0.015,-0.034,-0.028,0.000
206.926,0.000,-0.698,0.012,-0.033,-0.027,0.000
206.937,0.000,-1.434,0.025,-0.030,-0.064,0.000
206.948,0.000,-1.027,0.017,-0.026,0.014,0.000
206.959,0.000,-1.164,0.020,-0.022,0.026,0.000
206.970,0.000,0.027,-0.000,-0.020,0.112,0.000
206.980,0.000,1.064,-0.018,-0.022,0.138,0.000
206.991,0.000,1.294,-0.022,-0.023,0.150,0.000
207.002,0.000,1.460,-0.025,-0.026,0.129,0.000
207.013,0.000,0.504,-0.008,-0.029,-0.010,0.000
207.024,0.000,0.635,-0.011,-0.032,-0.043,0.000
207.034,0.000,-0.134,0.002,-0.033,-0.088,0.000
207.045,0.000,0.196,-0.003,-0.031,0.026,0.000
207.056,0.000,1.390,-0.024,-0.033,0.128,0.000
207.067,0.000,0.735,-0.012,-0.037,-0.012,0.000
207.078,0.000,1.585,-0.027,-0.041,0.027,0.000
207.088,0.000,0.335,-0.005,-0.042,-0.035,0.000
207.099,0.000,0.777,-0.013,-0.043,0.047,0.000
207.110,0.000,-0.913,0.015,-0.042,-0.093,0.000
207.121,0.000,0.749,-0.013,-0.043,0.090,0.000
207.132,0.000,0.341,-0.005,-0.044,0.012,0.000
207.143,0.000,-1.588,0.027,-0.043,-0.168,0.000
207.154,0.000,-0.218,0.003,-0.041,-0.018,0.000
207.165,0.000,3.865,-0.067,-0.047,0.297,0.000
207.175,0.000,3.410,-0.059,-0.057,0.149,0.000
207.186,0.000,3.629,-0.063,-0.067,0.122,0.000
207.197,0.000,2.843,-0.049,-0.076,-0.011,0.000
207.208,0.000,0.903,-0.015,-0.082,-0.200,0.000
207.219,0.000,0.938,-0.016,-0.085,-0.119,0.000
207.230,0.000,-1.881,0.032,-0.084,-0.322,0.000
207.240,0.000,-2.160,0.037,-0.078,-0.211,0.000
207.251,0.000,-2.121,0.037,-0.074,-0.168,0.000
207.262,0.000,0.541,-0.009,-0.072,0.120,0.000
207.273,0.000,0.221,-0.003,-0.075,-0.007,0.000
207.284,0.000,0.566,-0.009,-0.076,-0.018,0.000
207.295,0.000,0.526,-0.009,-0.081,-0.105,0.000
207.306,0.000,4.342,-0.075,-0.090,0.173,0.000
207.317,0.000,7.543,-0.132,-0.108,0.314,0.000
207.327,0.000,11.622,-0.203,-0.133,0.519,0.000
207.338,0.000,12.800,-0.224,-0.165,0.489,0.000
207.349,0.000,11.570,-0.202,-0.196,0.234,0.000
207.360,0.000,12.784,-0.223,-0.230,0.205,0.000
207.371,0.000,9.859,-0.172,-0.262,-0.157,0.000
207.382,0.000,10.726,-0.187,-0.292,-0.064,0.000
207.393,0.000,11.679,-0.204,-0.322,0.070,0.000
207.403,0.000,12.896,-0.225,-0.356,0.129,0.000
207.414,0.000,16.142,-0.282,-0.397,0.283,0.000
207.425,0.000,14.376,-0.251,-0.438,0.034,0.000
207.436,0.000,14.678,-0.256,-0.478,0.023,0.000
207.447,0.000,14.922,-0.261,-0.518,0.025,0.000
207.458,0.000,12.892,-0.225,-0.555,-0.131,0.000
207.469,0.000,9.913,-0.173,-0.587,-0.335,0.000
207.479,0.000,9.359,-0.163,-0.615,-0.299,0.000
207.490,0.000,8.741,-0.152,-0.639,-0.216,0.000
207.501,0.000,7.389,-0.129,-0.661,-0.219,0.000
207.512,0.000,3.722,-0.065,-0.676,-0.410,0.000
207.523,0.000,2.849,-0.049,-0.684,-0.318,0.000
207.534,0.000,3.230,-0.056,-0.693,-0.147,0.000
207.545,0.000,1.668,-0.029,-0.701,-0.259,0.000
207.556,0.000,0.662,-0.011,-0.706,-0.281,0.000
207.567,0.000,-0.380,0.006,-0.706,-0.233,0.000
207.578,0.000,-1.124,0.019,-0.704,-0.209,0.000
207.589,0.000,-3.454,0.060,-0.698,-0.303,0.000
207.599,0.000,-4.950,0.086,-0.686,-0.309,0.000
207.610,0.000,-4.425,0.077,-0.674,-0.150,0.000
207.621,0.000,-3.856,0.067,-0.665,-0.101,0.000
207.632,0.000,-5.796,0.101,-0.652,-0.251,0.000
207.643,0.000,-11.479,0.200,-0.628,-0.572,0.000
207.654,0.000,-11.254,0.196,-0.598,-0.354,0.000
207.665,0.000,-9.068,0.158,-0.566,0.010,0.000
207.677,0.000,-13.402,0.234,-0.531,-0.242,0.000
207.689,0.000,-13.145,0.230,-0.491,-0.097,0.000
207.700,0.000,-14.416,0.252,-0.448,-0.075,0.000
207.712,0.000,-14.059,0.246,-0.406,0.001,0.000
207.723,0.000,-12.665,0.221,-0.366,0.142,0.000
207.735,0.000,-10.962,0.191,-0.331,0.263,0.000
207.745,0.000,-9.845,0.172,-0.303,0.291,0.000
207.756,0.000,-8.786,0.153,-0.275,0.295,0.000
207.768,0.000,-8.241,0.144,-0.249,0.244,0.000
207.779,0.000,-7.478,0.130,-0.225,0.223,0.000
207.791,0.000,-7.367,0.128,-0.203,0.160,0.000
207.802,0.000,-4.897,0.085,-0.185,0.300,0.000
207.814,0.000,-3.405,0.059,-0.175,0.250,0.000
207.826,0.000,-4.592,0.080,-0.162,0.086,0.000
207.836,0.000,-3.823,0.066,-0.150,0.138,0.000
207.846,0.000,-4.041,0.070,-0.138,0.135,0.000
207.858,0.000,-4.884,0.085,-0.124,0.028,0.000
207.868,0.000,-4.012,0.070,-0.112,0.115,0.000
207.879,0.000,-4.844,0.084,-0.101,-0.040,0.000
207.891,0.000,-5.979,0.104,-0.087,-0.150,0.000
207.902,0.000,-7.442,0.130,-0.071,-0.288,0.000
207.912,0.000,-9.351,0.163,-0.051,-0.396,0.000
207.923,0.000,-9.384,0.164,-0.031,-0.339,0.000
207.933,0.000,-7.348,0.128,-0.009,-0.030,0.000
207.943,0.000,-7.063,0.123,0.009,0.032,0.000
207.954,0.000,-5.725,0.100,0.025,0.072,0.000
207.965,0.000,-5.161,0.090,0.041,0.098,0.000
207.977,0.000,-2.556,0.044,0.052,0.287,0.000
207.987,0.000,-4.985,0.087,0.064,0.040,0.000
207.998,0.000,-3.208,0.056,0.079,0.240,0.000
208.010,0.000,-4.215,0.073,0.089,0.101,0.000
208.020,0.000,-1.878,0.032,0.099,0.327,0.000
208.030,0.000,-5.503,0.096,0.113,0.004,0.000
208.040,0.000,-8.093,0.141,0.128,-0.285,0.000
208.051,0.000,-7.136,0.124,0.149,-0.073,0.000
208.061,0.000,-9.383,0.164,0.171,-0.202,0.000
208.071,0.000,-9.145,0.160,0.190,-0.238,0.000
208.081,0.000,-5.087,0.089,0.206,0.120,0.000
208.092,0.000,-2.743,0.048,0.217,0.295,0.000
208.102,0.000,-3.242,0.056,0.224,0.106,0.000
208.113,0.000,-0.066,0.001,0.227,0.276,0.000
208.123,0.000,2.075,-0.036,0.227,0.401,0.000
208.133,0.000,1.849,-0.032,0.219,0.152,0.000
208.144,0.000,8.834,-0.154,0.203,0.559,0.000
208.154,0.000,6.658,-0.116,0.183,0.212,0.000
208.164,0.000,10.416,-0.182,0.163,0.500,0.000
208.174,0.000,8.253,-0.144,0.145,0.275,0.000
208.185,0.000,4.926,-0.086,0.127,-0.124,0.000
208.195,0.000,7.059,-0.123,0.113,0.120,0.000
208.205,0.000,2.699,-0.047,0.101,-0.265,0.000
208.216,0.000,6.999,-0.122,0.087,0.138,0.000
208.226,0.000,5.198,-0.090,0.074,0.020,0.000
208.236,0.000,4.818,-0.084,0.060,-0.058,0.000
208.246,0.000,7.056,-0.123,0.044,0.100,0.000
208.257,0.000,5.454,-0.095,0.024,-0.161,0.000
208.267,0.000,8.918,-0.156,0.004,0.129,0.000
208.277,0.000,5.910,-0.103,-0.013,-0.137,0.000
208.288,0.000,8.648,-0.151,-0.034,0.099,0.000
208.298,0.000,6.440,-0.112,-0.053,-0.109,0.000
208.308,0.000,11.655,-0.203,-0.080,0.225,0.000
208.319,0.000,5.299,-0.092,-0.100,-0.311,0.000
208.329,0.000,6.622,-0.115,-0.121,-0.231,0.000
208.339,0.000,7.747,-0.135,-0.140,-0.085,0.000
208.350,0.000,11.995,-0.209,-0.169,0.206,0.000
208.360,0.000,5.761,-0.100,-0.190,-0.294,0.000
208.370,0.000,9.066,-0.158,-0.213,-0.048,0.000
208.381,0.000,8.035,-0.140,-0.236,-0.107,0.000
208.391,0.000,11.230,-0.196,-0.257,0.299,0.000
208.401,0.000,6.881,-0.120,-0.277,-0.043,0.000
208.412,0.000,8.069,-0.141,-0.299,0.004,0.000
208.422,0.000,3.253,-0.056,-0.313,-0.387,0.000
208.432,0.000,8.698,-0.152,-0.331,0.116,0.000
208.443,0.000,2.757,-0.048,-0.343,-0.296,0.000
208.453,0.000,3.222,-0.056,-0.349,-0.090,0.000
208.463,0.000,0.177,-0.003,-0.353,-0.277,0.000
208.474,0.000,-4.302,0.075,-0.343,-0.384,0.000
208.484,0.000,-2.270,0.039,-0.337,-0.139,0.000
208.494,0.000,-7.265,0.127,-0.323,-0.445,0.000
208.505,0.000,-4.021,0.070,-0.307,0.007,0.000
208.515,0.000,-9.165,0.160,-0.293,-0.489,0.000
208.525,0.000,-10.114,0.177,-0.269,-0.432,0.000
208.536,0.000,-10.434,0.182,-0.245,-0.358,0.000
208.546,0.000,-13.538,0.236,-0.215,-0.473,0.000
208.557,0.000,-11.008,0.192,-0.181,-0.075,0.000
208.567,0.000,-13.211,0.231,-0.155,-0.387,0.000
208.577,0.000,-11.018,0.192,-0.123,-0.023,0.000
208.588,0.000,-9.575,0.167,-0.098,0.066,0.000
208.598,0.000,-13.384,0.234,-0.067,-0.242,0.000
208.608,0.000,-12.499,0.218,-0.039,-0.219,0.000
208.619,0.000,-11.316,0.198,-0.008,-0.036,0.000
208.629,0.000,-10.982,0.192,0.018,-0.075,0.000
208.639,0.000,-13.491,0.236,0.050,-0.239,0.000
208.650,0.000,-12.041,0.210,0.078,-0.163,0.000
208.660,0.000,-12.708,0.222,0.114,-0.047,0.000
208.671,0.000,-12.438,0.217,0.144,-0.100,0.000
208.681,0.000,-13.305,0.232,0.180,-0.035,0.000
208.691,0.000,-13.305,0.232,0.214,-0.049,0.000
208.702,0.000,-13.384,0.234,0.250,-0.000,0.000
208.712,0.000,-14.648,0.256,0.286,-0.088,0.000
208.722,0.000,-14.760,0.258,0.327,0.017,0.000
208.732,0.000,-18.973,0.332,0.368,-0.389,0.000
208.743,0.000,-13.842,0.242,0.407,0.085,0.000
208.753,0.000,-12.729,0.222,0.445,0.223,0.000
208.763,0.000,-13.460,0.235,0.477,0.036,0.000
208.774,0.000,-7.738,0.135,0.503,0.440,0.000
208.784,0.000,-10.211,0.178,0.528,0.123,0.000
208.794,0.000,-8.378,0.146,0.551,0.196,0.000
208.804,0.000,-3.903,0.068,0.565,0.438,0.000
208.815,0.000,-1.741,0.030,0.574,0.492,0.000
208.825,0.000,-0.374,0.006,0.576,0.400,0.000
208.835,0.000,0.965,-0.016,0.577,0.413,0.000
208.845,0.000,-2.043,0.035,0.578,-0.002,0.000
208.856,0.000,1.442,-0.025,0.574,0.159,0.000
208.866,0.000,6.853,-0.119,0.566,0.591,0.000
208.876,0.000,3.492,-0.061,0.553,0.108,0.000
208.887,0.000,4.205,-0.073,0.544,0.149,0.000
208.897,0.000,2.274,-0.039,0.533,-0.120,0.000
208.907,0.000,7.617,-0.133,0.517,0.234,0.000
208.918,0.297,9.237,-0.156,0.494,0.246,0.000
208.930,0.297,11.369,-0.193,0.464,0.286,0.000
208.941,0.446,13.387,-0.226,0.431,0.333,0.000
208.953,0.446,13.039,-0.220,0.394,0.209,0.000
208.964,0.446,16.686,-0.284,0.353,0.388,0.000
208.975,0.595,18.704,-0.316,0.305,0.310,0.000
208.985,0.595,21.491,-0.365,0.258,0.487,0.000
208.996,0.744,20.271,-0.341,0.201,0.220,0.000
209.008,0.744,21.436,-0.362,0.143,0.251,0.000
209.020,2.247,22.260,-0.350,0.080,0.167,0.000
209.032,3.014,21.817,-0.329,0.022,0.088,0.000
209.044,3.014,20.378,-0.303,-0.036,-0.118,0.000
209.054,3.481,18.836,-0.268,-0.078,-0.213,0.000
209.066,3.481,14.521,-0.193,-0.116,-0.392,0.000
209.078,3.481,14.857,-0.199,-0.152,-0.269,0.000
209.090,3.796,20.541,-0.293,-0.191,0.287,0.000
209.101,3.955,23.591,-0.343,-0.247,0.267,0.000
209.113,3.955,17.614,-0.239,-0.296,-0.237,0.000
209.126,3.955,17.269,-0.233,-0.342,-0.264,0.000
209.136,3.955,12.490,-0.149,-0.368,-0.463,0.000
209.146,3.955,7.879,-0.068,-0.382,-0.580,0.000
209.156,3.796,4.344,-0.009,-0.386,-0.610,0.000
209.168,3.796,5.055,-0.022,-0.388,-0.326,0.000
209.180,3.638,2.319,0.023,-0.389,-0.423,0.000
209.191,3.638,3.124,0.009,-0.387,-0.221,0.000
209.203,2.859,-0.820,0.064,-0.380,-0.383,0.000
209.215,2.859,-0.089,0.051,-0.369,-0.166,0.000
209.226,2.552,0.723,0.032,-0.365,-0.082,0.000
209.238,1.492,-0.404,0.033,-0.357,-0.068,0.000
209.250,1.042,1.010,0.000,-0.356,0.030,0.000
209.262,0.595,3.894,-0.057,-0.358,0.294,0.000
209.273,0.595,7.644,-0.123,-0.372,0.454,0.000
209.284,0.446,9.466,-0.157,-0.400,0.342,0.000
209.295,0.297,8.139,-0.137,-0.420,0.193,0.000
209.306,0.297,1.492,-0.020,-0.431,-0.348,0.000
209.317,0.000,-1.572,0.027,-0.429,-0.418,0.000
209.328,0.000,-3.954,0.069,-0.422,-0.430,0.000
209.339,0.000,-3.199,0.055,-0.415,-0.273,0.000
209.350,0.000,-1.995,0.034,-0.405,0.005,0.000
209.362,0.000,-4.972,0.087,-0.392,-0.185,0.000
209.373,0.000,-1.757,0.030,-0.379,0.248,0.000
209.385,0.000,-6.225,0.108,-0.364,-0.128,0.000
209.395,0.000,-6.137,0.107,-0.348,-0.058,0.000
209.407,0.000,-6.825,0.119,-0.333,-0.217,0.000
209.418,0.000,-5.074,0.088,-0.315,0.013,0.000
209.430,0.000,-3.653,0.063,-0.303,0.082,0.000
209.441,0.000,-2.319,0.040,-0.289,0.296,0.000
209.453,0.000,-4.668,0.081,-0.276,0.038,0.000
209.465,0.000,0.349,-0.006,-0.268,0.456,0.000
209.476,0.000,-2.433,0.042,-0.262,0.093,0.000
209.488,0.000,-4.523,0.079,-0.257,-0.219,0.000
209.499,0.000,-1.781,0.031,-0.248,0.107,0.000
209.511,0.000,-3.297,0.057,-0.241,-0.054,0.000
209.521,0.000,-3.520,0.061,-0.232,-0.019,0.000
209.532,0.000,-3.891,0.068,-0.218,0.042,0.000
209.544,0.000,-5.245,0.091,-0.205,-0.075,0.000
209.556,0.000,-6.533,0.114,-0.186,-0.096,0.000
209.567,0.000,-8.065,0.141,-0.167,-0.242,0.000
209.579,0.000,-6.249,0.109,-0.148,0.008,0.000
209.590,0.000,-6.498,0.113,-0.125,0.106,0.000
209.602,0.000,-11.635,0.203,-0.101,-0.404,0.000
209.613,0.000,-9.659,0.169,-0.069,-0.043,0.000
209.625,0.000,-14.482,0.253,-0.031,-0.325,0.000
209.636,0.000,-13.119,0.229,0.009,-0.047,0.000
209.647,0.000,-15.319,0.268,0.046,-0.151,0.000
209.658,0.000,-12.053,0.210,0.089,0.249,0.000
209.670,0.000,-16.196,0.283,0.135,-0.062,0.000
209.681,0.000,-13.766,0.240,0.175,0.126,0.000
209.692,0.000,-11.031,0.193,0.208,0.281,0.000
209.702,0.000,-10.243,0.179,0.236,0.209,0.000
209.713,0.000,-9.123,0.159,0.263,0.213,0.000
209.724,0.000,-11.260,0.197,0.291,-0.064,0.000
209.735,0.000,-11.474,0.200,0.317,-0.195,0.000
209.746,0.000,-12.011,0.210,0.345,-0.294,0.000
209.757,0.000,-9.506,0.166,0.375,0.040,0.000
209.768,0.000,-6.398,0.111,0.398,0.342,0.000
209.779,0.000,-3.519,0.061,0.414,0.534,0.000
209.790,0.000,-2.790,0.048,0.428,0.510,0.000
209.801,0.000,-1.655,0.028,0.434,0.406,0.000
209.812,0.000,-2.466,0.043,0.440,0.172,0.000
209.822,0.000,-2.079,0.036,0.444,0.019,0.000
209.834,0.000,-4.070,0.071,0.448,-0.262,0.000
209.845,0.000,-3.025,0.052,0.457,-0.088,0.000
209.856,0.000,1.349,-0.023,0.457,0.253,0.000
209.868,0.000,3.228,-0.056,0.450,0.270,0.000
209.880,0.000,6.720,-0.117,0.434,0.420,0.000
209.891,0.000,9.476,-0.165,0.412,0.487,0.000
209.901,0.000,11.206,-0.196,0.389,0.540,0.000
209.913,0.000,8.713,-0.152,0.361,0.132,0.000
209.924,0.000,9.210,-0.161,0.330,-0.024,0.000
209.936,0.000,9.636,-0.168,0.300,-0.088,0.000
209.947,0.000,9.391,-0.164,0.276,-0.029,0.000
209.957,0.000,6.212,-0.108,0.253,-0.329,0.000
209.968,0.000,4.516,-0.079,0.236,-0.394,0.000
209.979,0.000,4.158,-0.072,0.225,-0.231,0.000
209.990,0.000,3.583,-0.062,0.217,-0.086,0.000
210.001,0.000,3.425,-0.059,0.210,-0.005,0.000
210.012,0.000,1.452,-0.025,0.207,-0.062,0.000
210.023,0.000,-0.649,0.011,0.209,-0.130,0.000
210.034,0.000,-3.038,0.053,0.215,-0.258,0.000
210.045,0.000,-2.030,0.035,0.220,-0.093,0.000
210.056,0.000,-3.812,0.066,0.226,-0.264,0.000
210.067,0.000,-2.452,0.042,0.234,-0.052,0.000
210.078,0.000,1.161,-0.020,0.237,0.303,0.000
210.089,0.148,2.012,-0.032,0.234,0.274,0.000
210.099,0.148,2.797,-0.046,0.227,0.216,0.000
210.110,0.148,1.136,-0.017,0.222,-0.041,0.000
210.121,0.148,1.534,-0.024,0.220,0.049,0.000
210.132,0.148,2.248,-0.036,0.217,0.149,0.000
210.143,0.148,1.449,-0.022,0.214,0.067,0.000
210.154,0.148,0.629,-0.008,0.210,-0.047,0.000
210.165,0.148,-1.285,0.025,0.210,-0.242,0.000
210.176,0.148,-1.952,0.036,0.213,-0.260,0.000
210.187,0.148,0.210,-0.001,0.217,0.047,0.000
210.198,0.148,-0.698,0.014,0.219,-0.002,0.000
210.209,0.148,-3.697,0.067,0.228,-0.171,0.000
210.220,0.000,-2.396,0.041,0.236,-0.009,0.000
210.230,0.000,-4.278,0.074,0.242,-0.235,0.000
210.241,0.000,-5.110,0.089,0.254,-0.231,0.000
210.252,0.000,-6.156,0.107,0.271,-0.166,0.000
210.264,0.000,-4.411,0.077,0.287,0.048,0.000
210.274,0.000,-6.186,0.108,0.303,-0.064,0.000
210.285,0.000,-6.185,0.108,0.320,-0.039,0.000
210.296,0.000,-6.037,0.105,0.336,-0.011,0.000
210.307,0.000,-6.455,0.112,0.352,-0.088,0.000
210.318,0.000,-6.603,0.115,0.370,-0.041,0.000
210.329,0.000,-9.542,0.167,0.392,-0.249,0.000
210.340,0.000,-6.396,0.111,0.413,0.079,0.000
210.351,0.000,-5.567,0.097,0.429,0.119,0.000
210.362,0.000,-5.482,0.095,0.443,0.028,0.000
210.372,0.000,-3.941,0.068,0.456,0.143,0.000
210.383,0.000,-4.517,0.079,0.470,0.146,0.000
210.394,0.000,-2.742,0.047,0.481,0.228,0.000
210.405,0.000,-0.423,0.007,0.485,0.286,0.000
210.416,0.000,-0.612,0.010,0.486,0.141,0.000
210.427,0.000,-1.365,0.023,0.492,0.140,0.000
210.438,0.000,0.133,-0.002,0.496,0.293,0.000
210.449,0.000,-1.570,0.027,0.499,0.041,0.000
210.460,0.000,-0.660,0.011,0.503,0.143,0.000
210.471,0.000,-1.914,0.033,0.509,0.061,0.000
210.481,0.000,-2.001,0.035,0.516,0.064,0.000
210.492,0.000,-2.857,0.050,0.522,-0.047,0.000
210.503,0.000,-2.764,0.048,0.528,-0.061,0.000
210.514,0.000,-3.723,0.065,0.536,-0.149,0.000
210.525,0.000,-2.072,0.036,0.543,0.018,0.000
210.536,0.000,-1.455,0.025,0.551,0.152,0.000
210.547,0.000,0.708,-0.012,0.554,0.341,0.000
210.558,0.000,0.252,-0.004,0.556,0.247,0.000
210.569,0.000,1.709,-0.029,0.551,0.203,0.000
210.580,0.000,1.350,-0.023,0.544,-0.026,0.000
210.590,0.000,5.528,-0.096,0.534,0.306,0.000
210.601,0.297,3.160,-0.050,0.525,0.054,0.000
210.611,0.595,2.515,-0.033,0.519,-0.008,0.000
210.622,0.595,3.389,-0.048,0.512,0.045,0.000
210.633,0.595,1.143,-0.009,0.509,-0.085,0.000
210.644,59.080,3.450,0.973,0.593,0.114,0.000
210.656,89.565,4.319,1.491,0.853,0.133,0.000
210.668,135.393,5.689,2.269,1.181,0.173,0.000
210.681,187.518,9.652,3.112,1.664,0.409,0.000
210.691,215.066,20.205,3.410,1.750,0.958,0.000
210.701,233.081,26.333,3.618,1.750,1.047,0.000
210.711,252.277,34.260,3.815,1.750,1.247,0.000
210.721,252.277,47.037,3.591,1.750,1.681,0.000
210.731,252.277,59.790,3.368,1.750,1.974,0.000
210.741,268.061,75.984,3.361,1.750,2.385,0.000
210.751,268.061,93.177,3.060,1.750,2.783,0.000
210.763,263.473,113.693,2.621,1.750,3.026,0.000
210.775,263.473,136.726,2.218,1.750,3.350,0.000
210.787,220.943,157.409,1.111,1.750,3.340,0.000
210.797,220.943,169.476,0.900,1.750,3.003,0.000
210.809,220.943,184.836,0.631,1.750,2.809,0.000
210.821,115.245,195.127,-1.397,1.526,2.403,0.000
210.833,45.869,197.184,-2.648,1.153,1.627,0.000
210.845,45.869,200.200,-2.700,0.687,1.158,0.000
210.857,22.870,194.563,-3.004,0.165,0.323,0.000
210.869,22.870,188.753,-2.902,-0.329,-0.144,0.000
210.881,15.517,178.423,-2.850,-0.821,-0.771,0.000
210.891,15.517,163.164,-2.583,-1.207,-1.498,0.000
210.901,10.019,147.466,-2.405,-1.569,-2.027,0.000
210.911,8.256,132.615,-2.176,-1.750,-2.321,0.000
210.921,4.597,120.091,-2.021,-1.750,-2.350,0.000
210.931,2.859,102.727,-1.747,-1.750,-2.767,0.000
210.943,2.859,83.257,-1.406,-1.750,-2.896,0.000
210.954,0.000,67.156,-1.175,-1.750,-2.941,0.000
210.966,0.000,51.129,-0.894,-1.750,-2.977,0.000
210.978,0.000,42.981,-0.752,-1.750,-2.301,0.000
210.988,0.000,32.330,-0.565,-1.750,-2.242,0.000
210.998,0.000,27.248,-0.476,-1.750,-1.780,0.000
211.008,0.000,17.501,-0.306,-1.750,-1.845,0.000
211.019,0.000,11.859,-0.207,-1.750,-1.544,0.000
211.029,0.000,1.737,-0.030,-1.750,-1.622,0.000
211.039,0.000,-1.342,0.023,-1.749,-1.228,0.000
211.050,0.000,-5.906,0.103,-1.737,-1.057,0.000
211.060,0.000,-11.546,0.202,-1.714,-1.089,0.000
211.070,0.000,-15.926,0.278,-1.678,-0.984,0.000
211.081,0.000,-28.466,0.498,-1.618,-1.529,0.000
211.091,0.000,-32.928,0.576,-1.540,-1.317,0.000
211.102,0.000,-39.142,0.685,-1.444,-1.279,0.000
211.112,0.000,-45.027,0.787,-1.336,-1.317,0.000
211.122,0.000,-47.261,0.827,-1.217,-0.994,0.000
211.133,0.000,-55.946,0.979,-1.083,-1.263,0.000
211.143,0.000,-59.324,1.038,-0.937,-1.147,0.000
211.153,0.000,-58.193,1.018,-0.787,-0.695,0.000
211.164,0.000,-57.959,1.014,-0.638,-0.413,0.000
211.174,0.000,-59.169,1.035,-0.483,-0.247,0.000
211.184,0.000,-64.919,1.136,-0.321,-0.556,0.000
211.195,0.000,-65.525,1.146,-0.155,-0.462,0.000
211.205,0.000,-64.813,1.134,0.010,-0.279,0.000
211.215,0.000,-63.106,1.104,0.178,-0.010,0.000
211.226,0.000,-62.534,1.094,0.340,0.007,0.000
211.236,0.000,-62.391,1.091,0.499,-0.033,0.000
211.246,0.000,-60.000,1.050,0.659,0.212,0.000
211.257,0.000,-61.923,1.083,0.816,-0.045,0.000
211.267,0.000,-59.873,1.047,0.973,0.140,0.000
211.277,0.000,-57.109,0.999,1.125,0.364,0.000
211.288,0.000,-57.623,1.008,1.274,0.203,0.000
211.298,0.000,-53.802,0.941,1.416,0.387,0.000
211.308,0.000,-48.755,0.853,1.549,0.653,0.000
211.319,0.000,-48.783,0.853,1.675,0.395,0.000
211.329,0.000,-44.048,0.770,1.750,0.574,0.000
211.339,0.000,-40.957,0.716,1.750,0.600,0.000
211.350,0.000,-38.611,0.675,1.750,0.481,0.000
211.360,0.000,-31.933,0.558,1.750,0.772,0.000
211.370,0.000,-28.361,0.496,1.750,0.762,0.000
211.381,0.000,-27.966,0.489,1.750,0.462,0.000
211.391,0.000,-24.635,0.431,1.750,0.519,0.000
211.401,0.000,-20.846,0.364,1.750,0.629,0.000
211.412,0.000,-20.518,0.359,1.750,0.385,0.000
211.422,0.000,-20.008,0.350,1.750,0.246,0.000
211.432,0.000,-19.995,0.349,1.750,0.185,0.000
211.443,0.000,-21.772,0.381,1.750,-0.015,0.000
211.453,0.000,-19.639,0.343,1.750,0.120,0.000
211.463,0.000,-16.684,0.291,1.750,0.304,0.000
211.473,-0.148,-17.785,0.308,1.750,0.058,0.000
211.485,-0.148,-17.220,0.298,1.750,0.077,0.000
211.496,-4.597,-14.306,0.169,1.750,0.200,0.000
211.508,-4.597,-11.432,0.119,1.750,0.340,0.000
211.520,-9.416,-9.868,0.007,1.750,0.335,0.000
211.532,-9.416,-12.449,0.053,1.750,0.016,0.000
211.544,-33.294,-14.569,-0.327,1.704,-0.168,0.000
211.556,-43.098,-17.933,-0.440,1.636,-0.325,0.000
211.567,-59.080,-24.551,-0.604,1.558,-0.680,0.000
211.578,-59.080,-31.552,-0.481,1.474,-0.853,0.000
211.589,-83.919,-31.581,-0.915,1.372,-0.564,0.000
211.601,-88.603,-40.932,-0.834,1.230,-1.041,0.000
211.612,-98.596,-48.981,-0.868,1.103,-1.224,0.000
211.623,-100.697,-52.045,-0.851,0.966,-0.990,0.000
211.634,-110.602,-65.467,-0.789,0.847,-1.534,0.000
211.645,-111.748,-74.111,-0.658,0.736,-1.498,0.000
211.656,-116.430,-77.338,-0.684,0.633,-1.158,0.000
211.667,-117.624,-86.084,-0.551,0.537,-1.308,0.000
211.679,-117.624,-98.580,-0.333,0.466,-1.697,0.000
211.690,-111.748,-106.954,-0.083,0.435,-1.657,0.000
211.701,-111.748,-111.281,-0.008,0.428,-1.336,0.000
211.712,-89.565,-118.604,0.508,0.500,-1.335,0.000
211.723,-89.565,-127.214,0.658,0.594,-1.424,0.000
211.734,-37.463,-132.793,1.668,0.732,-1.293,0.000
211.745,-37.463,-145.407,1.889,1.018,-1.617,0.000
211.757,-16.302,-149.028,2.322,1.379,-1.187,0.000
211.768,-16.302,-150.511,2.348,1.750,-0.877,0.000
211.779,-11.061,-147.068,2.380,1.750,-0.300,0.000
211.790,-11.061,-143.800,2.322,1.750,-0.016,0.000
211.801,-11.061,-133.842,2.148,1.750,0.696,0.000
211.813,-11.061,-128.297,2.051,1.750,0.891,0.000
211.823,-4.924,-120.107,2.015,1.750,1.100,0.000
211.834,-4.274,-113.525,1.911,1.750,1.141,0.000
211.845,-0.595,-104.748,1.822,1.750,1.245,0.000
211.856,-0.148,-101.885,1.780,1.750,0.940,0.000
211.867,0.000,-101.359,1.773,1.750,0.543,0.000
211.877,0.000,-99.527,1.741,1.750,0.395,0.000
211.887,0.000,-98.555,1.724,1.750,0.292,0.000
211.898,0.000,-99.072,1.733,1.750,0.103,0.000
211.908,0.000,-98.059,1.716,1.750,0.202,0.000
211.920,0.000,-94.133,1.647,1.750,0.403,0.000
211.931,0.000,-92.975,1.627,1.750,0.390,0.000
211.942,0.000,-85.552,1.497,1.750,0.922,0.000
211.953,0.000,-82.969,1.451,1.750,0.707,0.000
211.964,0.000,-79.462,1.390,1.750,0.625,0.000
211.975,0.000,-73.636,1.288,1.750,0.844,0.000
211.986,0.000,-73.264,1.282,1.750,0.548,0.000
211.997,0.000,-72.615,1.270,1.750,0.304,0.000
212.008,0.000,-69.056,1.208,1.750,0.434,0.000
212.019,0.000,-68.016,1.190,1.750,0.340,0.000
212.030,0.000,-64.648,1.131,1.750,0.474,0.000
212.040,0.000,-61.970,1.084,1.750,0.522,0.000
212.051,0.000,-57.192,1.000,1.750,0.715,0.000
212.062,0.000,-53.739,0.940,1.750,0.663,0.000
212.073,0.000,-49.916,0.873,1.750,0.656,0.000
212.084,0.000,-46.444,0.812,1.750,0.700,0.000
212.095,0.000,-40.946,0.716,1.750,0.907,0.000
212.106,0.000,-38.138,0.667,1.750,0.761,0.000
212.117,0.000,-32.894,0.575,1.750,0.836,0.000
212.128,0.000,-28.228,0.494,1.750,0.905,0.000
212.138,0.000,-24.712,0.432,1.750,0.759,0.000
212.150,0.000,-20.951,0.366,1.750,0.673,0.000
212.160,0.000,-16.471,0.288,1.750,0.654,0.000
212.171,0.000,-14.848,0.259,1.750,0.423,0.000
212.182,0.000,-15.991,0.279,1.750,0.098,0.000
212.193,0.000,-12.614,0.220,1.750,0.276,0.000
212.204,0.000,-8.564,0.149,1.750,0.495,0.000
212.215,0.000,-3.458,0.060,1.750,0.669,0.000
212.226,0.000,2.198,-0.038,1.747,0.804,0.000
212.237,0.000,5.075,-0.088,1.738,0.683,0.000
212.248,0.000,8.810,-0.154,1.719,0.681,0.000
212.259,0.000,14.402,-0.252,1.694,1.051,0.000
212.270,0.000,18.282,-0.319,1.653,1.068,0.000
212.280,0.000,18.611,-0.325,1.603,0.654,0.000
212.291,0.000,23.006,-0.402,1.548,0.806,0.000
212.302,0.000,24.793,-0.433,1.488,0.758,0.000
212.313,0.000,26.033,-0.455,1.421,0.584,0.000
212.324,0.000,28.146,-0.492,1.351,0.628,0.000
212.335,0.000,28.887,-0.505,1.275,0.460,0.000
212.346,0.000,33.951,-0.594,1.193,0.763,0.000
212.357,0.000,32.875,-0.575,1.104,0.414,0.000
212.368,0.000,35.307,-0.617,1.009,0.397,0.000
212.379,0.000,32.715,-0.572,0.914,-0.085,0.000
212.390,0.000,33.927,-0.593,0.823,0.054,0.000
212.400,0.000,34.387,-0.601,0.732,0.014,0.000
212.411,0.000,38.886,-0.680,0.628,0.309,0.000
212.422,0.000,41.563,-0.727,0.516,0.459,0.000
212.433,0.000,39.365,-0.688,0.410,0.073,0.000
212.444,0.148,41.149,-0.717,0.302,0.250,0.000
212.454,0.148,42.908,-0.748,0.191,0.382,0.000
212.465,0.148,42.156,-0.735,0.074,0.101,0.000
212.476,0.148,43.827,-0.764,-0.036,0.249,0.000
212.487,0.148,37.867,-0.660,-0.149,-0.331,0.000
212.498,0.148,36.173,-0.630,-0.253,-0.341,0.000
212.509,0.148,35.665,-0.621,-0.352,-0.276,0.000
212.520,0.148,34.218,-0.596,-0.443,-0.246,0.000
212.530,0.148,32.857,-0.572,-0.526,-0.196,0.000
212.541,0.148,34.381,-0.599,-0.619,0.028,0.000
212.552,0.148,30.620,-0.533,-0.708,-0.351,0.000
212.563,0.148,27.918,-0.485,-0.789,-0.472,0.000
212.574,0.148,27.018,-0.470,-0.864,-0.384,0.000
212.585,0.148,26.577,-0.462,-0.936,-0.219,0.000
212.595,0.148,28.110,-0.489,-1.008,0.028,0.000
212.606,0.148,28.752,-0.500,-1.083,0.149,0.000
212.617,0.148,29.522,-0.514,-1.164,0.072,0.000
212.628,0.148,27.697,-0.482,-1.240,-0.023,0.000
212.639,0.148,21.072,-0.366,-1.307,-0.565,0.000
212.650,0.446,20.900,-0.357,-1.365,-0.397,0.000
212.661,0.446,16.064,-0.273,-1.416,-0.669,0.000
212.672,4.274,8.026,-0.065,-1.441,-1.010,0.000
212.683,6.099,14.264,-0.142,-1.457,-0.202,0.000
212.695,17.665,16.795,0.015,-1.463,0.006,0.000
212.707,25.660,8.685,0.297,-1.426,-0.512,0.000
212.719,37.950,7.069,0.540,-1.350,-0.357,0.000
212.731,37.950,4.604,0.583,-1.255,-0.405,0.000
212.743,86.705,7.926,1.378,-1.048,0.001,0.000
212.753,86.705,8.332,1.371,-0.848,0.036,0.000
212.765,187.518,12.669,3.059,-0.349,0.400,0.000
212.777,187.518,21.202,2.910,0.163,0.777,0.000
212.789,187.518,27.266,2.804,0.649,0.797,0.000
212.801,187.518,44.506,2.502,1.109,1.697,0.000
212.811,287.054,53.595,4.085,1.702,1.701,0.000
212.824,287.054,73.121,3.743,1.750,2.309,0.000
212.834,287.054,90.727,3.435,1.750,2.664,0.000
212.844,277.428,109.000,2.947,1.750,3.030,0.000
212.854,270.379,131.237,2.434,1.750,3.554,0.000
212.864,245.744,155.656,1.576,1.750,3.980,0.000
212.874,187.518,173.874,0.238,1.750,3.851,0.000
212.884,123.743,190.997,-1.176,1.680,3.770,0.000
212.896,78.560,215.653,-2.399,1.337,3.868,0.000
212.906,36.981,225.499,-3.299,0.936,3.265,0.000
212.918,27.526,234.617,-3.624,0.328,2.579,0.000
212.928,27.526,236.276,-3.653,-0.193,1.858,0.000
212.938,5.254,230.816,-3.947,-0.745,0.861,0.000
212.950,0.000,218.609,-3.825,-1.405,-0.226,0.000
212.961,0.000,202.424,-3.542,-1.750,-1.348,0.000
212.971,0.000,185.424,-3.244,-1.750,-2.117,0.000
212.981,0.000,168.585,-2.950,-1.750,-2.516,0.000
212.991,0.000,145.967,-2.554,-1.750,-3.247,0.000
213.002,0.000,124.983,-2.187,-1.750,-3.554,0.000
213.012,0.000,106.663,-1.866,-1.750,-3.484,0.000
213.022,0.000,99.351,-1.738,-1.750,-2.691,0.000
213.033,0.000,89.355,-1.563,-1.750,-2.428,0.000
213.043,0.000,78.531,-1.374,-1.750,-2.278,0.000
213.053,0.000,76.609,-1.340,-1.750,-1.507,0.000
213.064,0.000,72.885,-1.275,-1.750,-0.998,0.000
213.075,0.000,66.117,-1.157,-1.750,-1.080,0.000
213.085,0.000,70.119,-1.227,-1.750,-0.458,0.000
213.096,0.000,67.358,-1.178,-1.750,-0.561,0.000
213.106,0.000,60.399,-1.056,-1.750,-0.854,0.000
213.117,0.000,60.429,-1.057,-1.750,-0.530,0.000
213.127,0.000,59.104,-1.034,-1.750,-0.418,0.000
213.137,0.000,48.676,-0.851,-1.750,-0.967,0.000
213.147,0.000,37.479,-0.655,-1.750,-1.387,0.000
213.158,0.000,31.310,-0.547,-1.750,-1.277,0.000
213.168,0.000,25.787,-0.451,-1.750,-1.190,0.000
213.178,0.000,13.465,-0.235,-1.750,-1.699,0.000
213.189,0.000,7.129,-0.124,-1.750,-1.535,0.000
213.199,0.000,6.050,-0.105,-1.750,-0.971,0.000
213.209,0.000,1.384,-0.024,-1.750,-0.919,0.000
213.220,0.000,-5.233,0.091,-1.743,-1.047,0.000
213.230,0.000,-6.324,0.110,-1.730,-0.798,0.000
213.240,0.000,-5.672,0.099,-1.715,-0.441,0.000
213.250,0.000,-13.141,0.229,-1.688,-0.797,0.000
213.261,0.000,-17.260,0.302,-1.649,-0.816,0.000
213.271,0.000,-16.518,0.289,-1.607,-0.513,0.000
213.281,0.000,-20.684,0.361,-1.558,-0.624,0.000
213.292,-0.297,-26.559,0.459,-1.493,-0.761,0.000
213.303,-0.297,-29.629,0.513,-1.411,-0.598,0.000
213.315,-1.042,-31.575,0.534,-1.325,-0.531,0.000
213.327,-1.042,-35.035,0.594,-1.226,-0.540,0.000
213.337,-0.744,-38.282,0.656,-1.138,-0.603,0.000
213.349,-0.744,-40.873,0.702,-1.020,-0.553,0.000
213.359,-0.744,-44.393,0.763,-0.915,-0.609,0.000
213.371,-0.744,-44.367,0.763,-0.785,-0.423,0.000
213.383,-0.446,-48.754,0.845,-0.650,-0.595,0.000
213.395,-0.446,-47.733,0.827,-0.506,-0.238,0.000
213.406,-0.446,-47.332,0.820,-0.371,-0.164,0.000
213.418,-0.446,-48.177,0.835,-0.233,-0.172,0.000
213.430,-0.446,-47.710,0.827,-0.096,-0.103,0.000
213.442,-0.446,-50.794,0.881,0.046,-0.321,0.000
213.453,-0.595,-53.812,0.931,0.198,-0.374,0.000
213.464,-0.595,-46.533,0.803,0.338,0.328,0.000
213.475,-0.595,-36.430,0.627,0.452,0.943,0.000
213.487,-0.595,-42.791,0.738,0.565,0.217,0.000
213.498,-0.595,-46.217,0.798,0.689,-0.068,0.000
213.509,-0.595,-47.233,0.816,0.819,-0.097,0.000
213.520,-0.595,-41.567,0.717,0.943,0.369,0.000
213.531,-0.595,-32.929,0.565,1.041,0.778,0.000
213.543,-0.446,-28.381,0.488,1.132,0.836,0.000
213.555,-0.446,-20.540,0.351,1.201,1.031,0.000
213.567,-0.446,-17.587,0.299,1.254,0.794,0.000
213.578,-0.446,-14.079,0.238,1.298,0.697,0.000
213.590,-0.148,-10.722,0.185,1.332,0.665,0.000
213.600,-0.148,-15.199,0.263,1.366,0.099,0.000
213.610,0.000,-19.690,0.344,1.411,-0.288,0.000
213.620,0.000,-19.880,0.347,1.462,-0.175,0.000
213.631,0.000,-20.528,0.359,1.513,-0.165,0.000
213.641,0.000,-19.242,0.336,1.563,-0.043,0.000
213.651,0.000,-17.363,0.303,1.611,0.199,0.000
213.661,0.000,-17.958,0.314,1.656,0.111,0.000
213.671,0.000,-18.340,0.320,1.700,-0.040,0.000
213.683,0.000,-17.053,0.298,1.746,-0.031,0.000
213.694,0.000,-14.253,0.249,1.750,0.125,0.000
213.705,0.000,-11.600,0.203,1.750,0.278,0.000
213.717,0.000,-10.035,0.175,1.750,0.356,0.000
213.728,0.000,-8.635,0.151,1.750,0.193,0.000
213.740,0.000,-3.179,0.055,1.750,0.456,0.000
213.751,0.000,-1.162,0.020,1.750,0.440,0.000
213.762,0.000,0.298,-0.005,1.749,0.462,0.000
213.773,0.000,1.037,-0.018,1.749,0.460,0.000
213.784,0.000,5.718,-0.100,1.739,0.628,0.000
213.795,0.148,4.552,-0.077,1.725,0.248,0.000
213.805,0.297,6.800,-0.113,1.711,0.316,0.000
213.815,0.595,7.195,-0.115,1.693,0.210,0.000
213.826,0.893,9.014,-0.142,1.672,0.200,0.000
213.837,0.893,11.870,-0.192,1.646,0.346,0.000
213.847,0.893,8.895,-0.140,1.620,-0.009,0.000
213.858,3.796,14.522,-0.187,1.594,0.468,0.000
213.869,3.796,19.210,-0.269,1.559,0.657,0.000
213.881,3.796,18.470,-0.256,1.515,0.335,0.000
213.892,3.796,15.567,-0.205,1.480,0.018,0.000
213.903,3.796,11.679,-0.137,1.452,-0.276,0.000
213.914,3.796,10.106,-0.110,1.431,-0.321,0.000
213.925,3.796,6.788,-0.052,1.420,-0.411,0.000
213.937,0.148,7.584,-0.130,1.404,-0.033,0.000
213.947,0.000,5.379,-0.094,1.387,-0.186,0.000
213.958,-0.148,2.731,-0.050,1.374,-0.391,0.000
213.970,-0.297,2.421,-0.047,1.364,-0.287,0.000
213.980,-0.595,-1.465,0.015,1.362,-0.467,0.000
213.990,-6.620,1.116,-0.135,1.355,-0.182,0.000
214.000,-6.620,-5.568,-0.018,1.346,-0.565,0.000
214.011,-6.620,-4.007,-0.045,1.343,-0.171,0.000
214.022,-15.517,-6.384,-0.159,1.315,-0.258,0.000
214.032,-27.526,-6.523,-0.367,1.266,-0.260,0.000
214.043,-36.504,-13.689,-0.399,1.198,-0.694,0.000
214.053,-59.080,-11.095,-0.839,1.114,-0.170,0.000
214.065,-71.036,-15.128,-0.978,0.957,-0.311,0.000
214.077,-103.917,-15.222,-1.552,0.761,-0.249,0.000
214.088,-121.266,-19.096,-1.787,0.469,-0.464,0.000
214.099,-121.266,-23.848,-1.704,0.217,-0.667,0.000
214.111,-156.734,-29.845,-2.220,-0.140,-0.775,0.000
214.123,-192.790,-36.602,-2.733,-0.551,-0.928,0.000
214.133,-203.686,-46.467,-2.751,-0.948,-1.340,0.000
214.143,-215.066,-59.653,-2.719,-1.330,-1.759,0.000
214.153,-215.066,-75.649,-2.439,-1.701,-2.189,0.000
214.163,-215.066,-92.926,-2.137,-1.750,-2.625,0.000
214.175,-215.066,-113.266,-1.781,-1.750,-2.962,0.000
214.185,-215.066,-130.583,-1.478,-1.750,-3.174,0.000
214.195,-213.135,-150.518,-1.095,-1.750,-3.459,0.000
214.205,-213.135,-173.598,-0.691,-1.750,-3.800,0.000
214.217,-196.369,-191.226,-0.090,-1.750,-3.511,0.000
214.229,-196.369,-208.961,0.220,-1.733,-3.269,0.000
214.240,-145.044,-218.367,1.283,-1.613,-2.689,0.000
214.250,-145.044,-234.747,1.569,-1.403,-2.918,0.000
214.261,-109.464,-243.848,2.351,-1.035,-2.358,0.000
214.272,-109.464,-249.158,2.444,-0.653,-1.815,0.000
214.283,-58.389,-247.652,3.312,-0.157,-0.859,0.000
214.293,-58.389,-245.566,3.275,0.323,-0.464,0.000
214.304,-35.563,-241.948,3.611,0.895,-0.026,0.000
214.315,-20.614,-225.948,3.593,1.459,1.097,0.000
214.326,-17.665,-210.821,3.380,1.750,1.731,0.000
214.338,-10.223,-195.308,3.238,1.750,2.170,0.000
214.349,-6.620,-185.274,3.126,1.750,2.119,0.000
214.360,-5.421,-170.375,2.886,1.750,2.341,0.000
214.371,-5.421,-153.514,2.591,1.750,2.551,0.000
214.382,-5.589,-137.299,2.304,1.750,2.714,0.000
214.394,-5.421,-119.649,1.998,1.750,2.911,0.000
214.405,-5.589,-110.061,1.828,1.750,2.546,0.000
214.416,-5.589,-103.380,1.711,1.750,2.062,0.000
214.427,-5.589,-95.310,1.570,1.750,1.848,0.000
214.438,-5.758,-90.309,1.479,1.750,1.510,0.000
214.449,-5.758,-84.592,1.379,1.750,1.324,0.000
214.461,-5.758,-79.926,1.297,1.750,1.125,0.000
214.472,-5.421,-73.893,1.198,1.750,1.110,0.000
214.483,-5.254,-71.101,1.152,1.750,0.808,0.000
214.494,-4.924,-65.792,1.065,1.750,0.930,0.000
214.504,-4.924,-57.152,0.914,1.750,1.263,0.000
214.515,-3.325,-55.333,0.910,1.750,0.912,0.000
214.527,-3.325,-52.034,0.852,1.750,0.773,0.000
214.538,-3.325,-46.467,0.754,1.750,0.909,0.000
214.550,-3.325,-37.137,0.591,1.750,1.188,0.000
214.561,-0.446,-22.616,0.387,1.750,1.897,0.000
214.572,-0.297,-21.103,0.364,1.750,1.306,0.000
214.583,-0.148,-12.826,0.221,1.750,1.351,0.000
214.594,-0.148,-7.222,0.123,1.750,1.210,0.000
214.605,-0.148,3.049,-0.055,1.744,1.306,0.000
214.615,0.000,8.587,-0.150,1.731,1.348,0.000
214.627,0.000,9.456,-0.165,1.709,0.949,0.000
214.639,0.000,15.108,-0.264,1.675,1.020,0.000
214.650,0.000,20.089,-0.351,1.628,1.073,0.000
214.662,0.000,21.915,-0.383,1.569,0.784,0.000
214.673,0.000,22.990,-0.402,1.505,0.487,0.000
214.684,0.000,26.387,-0.461,1.437,0.522,0.000
214.694,3.325,28.218,-0.435,1.371,0.401,0.000
214.706,5.758,34.186,-0.497,1.292,0.592,0.000
214.716,27.526,35.070,-0.132,1.243,0.454,0.000
214.726,27.526,39.353,-0.206,1.219,0.610,0.000
214.736,62.629,47.710,0.261,1.252,1.033,0.000
214.746,62.629,53.606,0.157,1.280,1.048,0.000
214.758,130.112,57.745,1.266,1.441,0.873,0.000
214.768,130.112,55.079,1.313,1.625,0.402,0.000
214.778,130.112,62.025,1.191,1.750,0.664,0.000
214.790,265.759,68.941,3.444,1.750,0.926,0.000
214.802,294.446,79.642,3.759,1.750,1.204,0.000
214.815,392.487,94.941,5.207,1.750,1.808,0.000
214.827,405.175,110.868,5.150,1.750,2.118,0.000
214.839,455.714,137.731,5.564,1.750,3.080,0.000
214.849,455.714,162.448,5.132,1.750,3.618,0.000
214.859,477.290,184.216,5.128,1.750,3.918,0.000
214.869,477.290,210.900,4.661,1.750,4.458,0.000
214.881,470.009,244.187,3.951,1.750,4.827,0.000
214.893,470.009,271.193,3.479,1.750,4.829,0.000
214.905,356.318,300.674,0.973,1.750,4.859,0.000
214.915,356.318,320.653,0.624,1.750,4.586,0.000
214.925,256.709,337.970,-1.422,1.626,4.252,0.000
214.935,175.664,354.001,-3.120,1.295,3.860,0.000
214.945,162.854,363.877,-3.517,0.815,3.170,0.000
214.958,162.854,372.291,-3.665,0.193,2.548,0.000
214.968,142.232,375.043,-4.074,-0.389,1.874,0.000
214.978,142.232,368.310,-3.956,-0.960,0.885,0.000
214.990,123.743,351.674,-3.988,-1.654,-0.486,0.000
215.002,123.743,338.337,-3.755,-1.750,-1.129,0.000
215.014,55.691,316.837,-4.570,-1.750,-2.089,0.000
215.024,55.691,294.437,-4.178,-1.750,-2.933,0.000
215.034,55.691,275.704,-3.850,-1.750,-3.234,0.000
215.046,22.870,252.485,-4.018,-1.750,-3.571,0.000
215.057,6.099,226.728,-3.861,-1.750,-3.997,0.000
215.068,6.099,209.612,-3.561,-1.750,-3.690,0.000
215.079,0.148,188.112,-3.289,-1.750,-3.842,0.000
215.090,0.148,165.910,-2.900,-1.750,-3.876,0.000
215.101,0.000,149.086,-2.609,-1.750,-3.628,0.000
215.112,0.000,139.008,-2.432,-1.750,-2.846,0.000
215.123,0.000,125.194,-2.190,-1.750,-2.721,0.000
215.134,0.000,116.452,-2.037,-1.750,-2.341,0.000
215.144,0.000,108.319,-1.895,-1.750,-1.944,0.000
215.155,0.000,100.505,-1.758,-1.750,-1.684,0.000
215.166,-0.446,95.428,-1.677,-1.750,-1.362,0.000
215.176,-2.399,90.765,-1.630,-1.750,-1.177,0.000
215.187,-3.481,79.433,-1.451,-1.750,-1.450,0.000
215.198,-4.924,67.121,-1.260,-1.750,-1.775,0.000
215.208,-5.254,57.939,-1.105,-1.750,-1.827,0.000
215.220,-5.254,48.435,-0.939,-1.750,-1.842,0.000
215.230,-7.333,34.962,-0.740,-1.750,-2.127,0.000
215.240,-9.615,24.528,-0.597,-1.750,-2.080,0.000
215.252,-10.849,11.118,-0.384,-1.750,-2.233,0.000
215.263,-15.261,-0.751,-0.253,-1.750,-2.185,0.000
215.273,-16.569,-11.237,-0.093,-1.750,-2.155,0.000
215.284,-24.586,-21.187,-0.059,-1.750,-2.046,0.000
215.295,-26.395,-27.617,0.021,-1.749,-1.713,0.000
215.305,-39.441,-34.440,-0.087,-1.750,-1.560,0.000
215.315,-39.441,-39.846,0.007,-1.749,-1.376,0.000
215.326,-53.734,-46.022,-0.134,-1.750,-1.297,0.000
215.336,-69.444,-56.324,-0.229,-1.750,-1.552,0.000
215.347,-75.141,-66.810,-0.145,-1.750,-1.619,0.000
215.359,-78.560,-82.209,0.063,-1.748,-2.015,0.000
215.371,-96.529,-93.849,-0.046,-1.749,-2.044,0.000
215.381,-96.529,-103.526,0.122,-1.743,-2.052,0.000
215.391,-103.917,-114.998,0.193,-1.727,-2.172,0.000
215.401,-103.917,-125.191,0.372,-1.686,-2.181,0.000
215.413,-107.218,-136.039,0.504,-1.611,-2.030,0.000
215.424,-107.218,-148.709,0.726,-1.511,-2.161,0.000
215.435,-107.218,-161.855,0.956,-1.377,-2.294,0.000
215.447,-138.096,-174.173,0.631,-1.234,-2.250,0.000
215.457,-138.096,-178.570,0.708,-1.138,-1.840,0.000
215.467,-149.343,-187.791,0.672,-1.029,-1.831,0.000
215.479,-149.343,-198.488,0.860,-0.899,-1.865,0.000
215.491,-147.899,-201.838,0.943,-0.744,-1.360,0.000
215.502,-147.899,-204.563,0.991,-0.591,-1.091,0.000
215.513,-136.739,-209.148,1.267,-0.416,-0.919,0.000
215.523,-136.739,-216.094,1.388,-0.215,-1.036,0.000
215.534,-121.266,-219.086,1.711,0.021,-0.848,0.000
215.544,-116.430,-225.702,1.912,0.297,-0.967,0.000
215.554,-93.493,-229.559,2.381,0.604,-0.959,0.000
215.565,-93.493,-226.549,2.328,0.945,-0.491,0.000
215.575,-56.356,-225.173,2.954,1.298,-0.290,0.000
215.586,-56.356,-224.960,2.950,1.750,-0.166,0.000
215.597,-56.356,-215.163,2.779,1.750,0.630,0.000
215.609,-23.889,-204.008,3.152,1.750,1.106,0.000
215.620,-23.889,-193.307,2.964,1.750,1.478,0.000
215.632,-11.492,-182.082,2.985,1.750,1.655,0.000
215.643,-3.481,-171.842,2.946,1.750,1.700,0.000
215.655,-1.944,-159.024,2.748,1.750,1.926,0.000
215.666,-0.297,-147.755,2.580,1.750,1.958,0.000
215.677,-0.148,-133.767,2.338,1.750,2.216,0.000
215.688,0.000,-121.499,2.126,1.750,2.285,0.000
215.699,0.000,-111.426,1.949,1.750,2.176,0.000
215.710,0.000,-104.284,1.824,1.750,1.819,0.000
215.721,0.000,-101.731,1.780,1.750,1.207,0.000
215.731,0.000,-97.976,1.714,1.750,0.982,0.000
215.741,-0.148,-95.060,1.660,1.750,0.899,0.000
215.752,-0.148,-92.324,1.613,1.750,0.822,0.000
215.762,-1.642,-90.749,1.559,1.750,0.653,0.000
215.774,-2.247,-87.047,1.484,1.750,0.661,0.000
215.785,-2.399,-82.909,1.408,1.750,0.686,0.000
215.796,-2.399,-75.605,1.281,1.750,0.956,0.000
215.808,-1.944,-70.677,1.202,1.750,0.870,0.000
215.818,-1.492,-65.413,1.118,1.750,0.998,0.000
215.830,-0.893,-60.161,1.037,1.750,0.898,0.000
215.842,-0.893,-54.680,0.941,1.750,0.847,0.000
215.852,0.000,-46.250,0.809,1.750,1.233,0.000
215.863,0.000,-44.247,0.774,1.750,0.927,0.000
215.873,0.000,-40.402,0.707,1.750,0.846,0.000
215.883,0.000,-37.958,0.664,1.750,0.674,0.000
215.894,0.000,-29.603,0.518,1.750,1.002,0.000
215.904,0.000,-20.547,0.359,1.750,1.307,0.000
215.914,0.000,-19.165,0.335,1.750,1.021,0.000
215.924,0.000,-11.414,0.199,1.750,1.195,0.000
215.935,0.000,-9.652,0.168,1.750,0.895,0.000
215.945,0.000,-11.652,0.203,1.750,0.408,0.000
215.955,0.000,-9.198,0.160,1.750,0.503,0.000
215.966,0.000,-2.679,0.046,1.750,0.784,0.000
215.976,0.000,-6.512,0.113,1.750,0.197,0.000
215.986,0.000,-7.251,0.126,1.750,0.027,0.000
215.997,0.000,0.224,-0.003,1.749,0.496,0.000
216.007,0.000,8.653,-0.151,1.737,0.939,0.000
216.017,0.000,14.950,-0.261,1.704,0.997,0.000
216.027,0.000,18.299,-0.320,1.661,0.848,0.000
216.038,0.000,23.035,-0.403,1.607,0.896,0.000
216.048,0.000,29.651,-0.518,1.537,0.988,0.000
216.058,0.000,36.186,-0.633,1.448,1.005,0.000
216.068,0.000,38.084,-0.666,1.349,0.666,0.000
216.079,0.000,36.945,-0.646,1.251,0.273,0.000
216.089,0.000,41.578,-0.727,1.148,0.486,0.000
216.099,0.000,41.990,-0.734,1.041,0.393,0.000
216.110,0.000,45.984,-0.804,0.929,0.600,0.000
216.120,0.000,47.718,-0.835,0.808,0.492,0.000
216.130,0.000,45.899,-0.803,0.685,0.081,0.000
216.141,0.000,46.853,-0.819,0.563,0.048,0.000
216.151,0.000,43.219,-0.756,0.447,-0.295,0.000
216.161,0.000,41.715,-0.730,0.335,-0.385,0.000
216.171,0.000,38.778,-0.678,0.230,-0.483,0.000
216.182,0.000,35.291,-0.617,0.134,-0.602,0.000
216.192,0.000,35.131,-0.614,0.042,-0.389,0.000
216.202,0.000,34.594,-0.605,-0.045,-0.249,0.000
216.213,0.000,36.615,-0.640,-0.136,0.056,0.000
216.223,0.000,32.637,-0.571,-0.223,-0.212,0.000
216.233,0.000,34.532,-0.604,-0.306,0.097,0.000
216.244,0.000,31.753,-0.555,-0.387,-0.036,0.000
216.254,0.000,29.867,-0.522,-0.467,-0.205,0.000
216.264,0.000,30.485,-0.533,-0.549,-0.233,0.000
216.274,0.000,33.120,-0.579,-0.632,0.029,0.000
216.285,0.000,32.825,-0.574,-0.717,0.012,0.000
216.295,0.000,33.828,-0.592,-0.804,0.082,0.000
216.305,0.000,31.286,-0.547,-0.890,-0.227,0.000
216.316,0.000,37.456,-0.655,-0.977,0.380,0.000
216.326,0.000,35.460,-0.620,-1.072,0.124,0.000
216.336,0.000,29.024,-0.507,-1.153,-0.373,0.000
216.347,0.000,24.312,-0.425,-1.220,-0.551,0.000
216.357,0.000,20.837,-0.364,-1.278,-0.621,0.000
216.367,0.000,10.413,-0.182,-1.319,-1.203,0.000
216.378,0.000,8.111,-0.141,-1.341,-0.898,0.000
216.388,0.000,7.993,-0.139,-1.364,-0.624,0.000
216.398,0.000,7.329,-0.128,-1.382,-0.389,0.000
216.409,0.000,4.977,-0.087,-1.401,-0.535,0.000
216.419,0.000,4.770,-0.083,-1.415,-0.393,0.000
216.429,0.000,-0.599,0.010,-1.417,-0.588,0.000
216.440,0.000,-0.925,0.016,-1.419,-0.482,0.000
216.450,0.000,-1.279,0.022,-1.414,-0.284,0.000
216.460,0.000,-5.767,0.100,-1.406,-0.573,0.000
216.470,0.000,-1.003,0.017,-1.403,-0.139,0.000
216.480,0.000,2.839,-0.049,-1.405,0.225,0.000
216.491,0.000,2.288,-0.040,-1.411,0.109,0.000
216.501,0.000,4.827,-0.084,-1.423,0.201,0.000
216.511,0.000,5.155,-0.090,-1.435,0.176,0.000
216.522,0.000,0.160,-0.002,-1.442,-0.290,0.000
216.532,0.000,1.014,-0.017,-1.443,-0.086,0.000
216.542,0.000,-5.112,0.089,-1.432,-0.382,0.000
216.553,0.000,-6.516,0.114,-1.419,-0.402,0.000
216.563,0.000,-11.867,0.207,-1.391,-0.544,0.000
216.573,0.000,-20.999,0.367,-1.348,-1.031,0.000
216.583,0.000,-23.916,0.418,-1.290,-0.844,0.000
216.593,0.000,-28.245,0.494,-1.221,-0.782,0.000
216.604,0.000,-23.502,0.411,-1.153,-0.071,0.000
216.614,0.000,-20.210,0.353,-1.096,0.225,0.000
216.624,0.000,-14.687,0.257,-1.053,0.520,0.000
216.635,0.000,-12.506,0.218,-1.017,0.514,0.000
216.645,0.000,-7.214,0.126,-0.994,0.656,0.000
216.655,0.000,-2.516,0.044,-0.984,0.725,0.000
216.666,0.148,5.638,-0.096,-0.990,1.017,0.000
216.677,0.297,10.170,-0.172,-1.009,0.999,0.000
216.688,2.399,9.208,-0.119,-1.034,0.508,0.000
216.700,3.955,7.943,-0.069,-1.045,0.289,0.000
216.712,3.955,7.886,-0.068,-1.056,0.195,0.000
216.724,8.445,6.820,0.028,-1.047,0.165,0.000
216.736,11.276,5.993,0.092,-1.031,0.108,0.000
216.748,13.302,6.549,0.118,-1.009,0.135,0.000
216.760,17.387,6.468,0.191,-0.983,0.028,0.000
216.772,18.231,7.911,0.180,-0.946,0.171,0.000
216.784,23.206,12.213,0.192,-0.909,0.357,0.000
216.794,26.025,15.601,0.182,-0.886,0.379,0.000
216.805,29.896,21.960,0.138,-0.859,0.654,0.000
216.817,31.138,25.250,0.103,-0.835,0.661,0.000
216.829,39.441,31.092,0.146,-0.811,0.845,0.000
216.841,39.441,35.578,0.067,-0.795,0.771,0.000
216.853,47.016,40.650,0.111,-0.784,0.870,0.000
216.865,48.185,47.310,0.015,-0.776,0.897,0.000
216.878,50.592,54.904,-0.075,-0.785,1.048,0.000
216.888,50.592,59.427,-0.154,-0.801,1.045,0.000
216.898,50.592,62.151,-0.202,-0.825,0.955,0.000
216.910,61.906,64.173,-0.039,-0.833,0.774,0.000
216.920,61.906,65.861,-0.069,-0.842,0.616,0.000
216.932,76.836,68.794,0.140,-0.819,0.550,0.000
216.944,76.836,73.933,0.050,-0.800,0.740,0.000
216.956,85.768,78.251,0.131,-0.773,0.726,0.000
216.968,85.768,81.604,0.072,-0.757,0.634,0.000
216.980,85.768,85.688,0.001,-0.749,0.694,0.000
216.992,83.006,88.402,-0.094,-0.758,0.558,0.000
217.004,83.006,89.752,-0.118,-0.775,0.453,0.000
217.016,82.101,96.817,-0.257,-0.806,0.771,0.000
217.028,82.101,101.969,-0.347,-0.859,0.811,0.000
217.038,82.101,106.425,-0.425,-0.912,0.927,0.000
217.050,82.101,111.632,-0.516,-0.992,0.941,0.000
217.063,81.204,116.240,-0.613,-1.087,0.934,0.000
217.075,81.204,122.703,-0.726,-1.203,0.990,0.000
217.085,78.560,127.442,-0.855,-1.313,1.050,0.000
217.097,73.477,131.506,-1.015,-1.477,0.891,0.000
217.109,73.477,133.820,-1.056,-1.656,0.691,0.000
217.119,59.776,131.577,-1.256,-1.750,0.273,0.000
217.131,59.776,127.272,-1.181,-1.750,-0.182,0.000
217.141,44.744,123.017,-1.369,-1.750,-0.415,0.000
217.153,40.977,114.213,-1.281,-1.750,-0.804,0.000
217.164,40.977,110.330,-1.213,-1.750,-0.770,0.000
217.176,40.977,100.532,-1.042,-1.750,-1.104,0.000
217.187,31.987,98.689,-1.167,-1.750,-0.677,0.000
217.199,31.987,90.050,-1.016,-1.750,-1.061,0.000
217.210,31.987,86.523,-0.954,-1.750,-0.901,0.000
217.222,31.987,83.205,-0.896,-1.750,-0.773,0.000
217.234,20.000,81.727,-1.080,-1.750,-0.591,0.000
217.246,18.518,74.998,-0.988,-1.750,-0.839,0.000
217.258,10.638,72.449,-1.081,-1.750,-0.681,0.000
217.270,9.416,68.972,-1.042,-1.750,-0.608,0.000
217.281,5.088,66.624,-1.076,-1.750,-0.548,0.000
217.294,5.088,62.529,-1.005,-1.750,-0.560,0.000
217.306,5.088,61.103,-0.980,-1.750,-0.415,0.000
217.317,0.595,52.598,-0.910,-1.750,-0.774,0.000
217.328,0.595,44.441,-0.767,-1.750,-0.995,0.000
217.339,0.446,39.577,-0.684,-1.750,-0.940,0.000
217.350,0.446,34.832,-0.601,-1.750,-0.882,0.000
217.361,0.446,33.629,-0.580,-1.750,-0.631,0.000
217.372,0.446,32.739,-0.565,-1.750,-0.441,0.000
217.382,0.297,32.981,-0.571,-1.750,-0.260,0.000
217.392,0.148,22.900,-0.398,-1.750,-0.899,0.000
217.404,0.148,14.958,-0.259,-1.750,-1.230,0.000
217.415,0.000,6.889,-0.120,-1.750,-1.391,0.000
217.425,0.000,0.988,-0.017,-1.750,-1.417,0.000
217.436,0.000,-2.961,0.051,-1.748,-1.182,0.000
217.447,0.000,-6.189,0.108,-1.736,-0.956,0.000
217.458,0.000,-9.958,0.174,-1.715,-0.878,0.000
217.469,0.000,-11.890,0.208,-1.687,-0.723,0.000
217.480,0.000,-12.607,0.220,-1.655,-0.513,0.000
217.491,0.000,-14.053,0.245,-1.620,-0.446,0.000
217.501,0.000,-17.440,0.305,-1.579,-0.522,0.000
217.512,0.000,-17.579,0.307,-1.530,-0.287,0.000
217.522,0.000,-19.846,0.347,-1.483,-0.362,0.000
217.533,0.000,-23.194,0.405,-1.421,-0.450,0.000
217.544,0.000,-28.540,0.499,-1.345,-0.609,0.000
217.556,0.000,-29.886,0.523,-1.265,-0.469,0.000
217.567,0.000,-31.943,0.559,-1.177,-0.411,0.000
217.578,0.000,-35.622,0.623,-1.081,-0.561,0.000
217.589,0.000,-39.816,0.696,-0.974,-0.602,0.000
217.601,0.000,-40.120,0.702,-0.857,-0.174,0.000
217.612,0.000,-40.729,0.712,-0.741,-0.041,0.000
217.623,0.000,-37.899,0.663,-0.635,0.091,0.000
217.633,0.000,-42.558,0.744,-0.532,-0.315,0.000
217.643,0.000,-43.313,0.757,-0.420,-0.191,0.000
217.654,0.000,-43.247,0.756,-0.311,-0.162,0.000
217.664,0.000,-42.550,0.744,-0.199,0.002,0.000
217.674,0.000,-47.084,0.823,-0.082,-0.307,0.000
217.685,0.000,-47.777,0.836,0.041,-0.205,0.000
217.696,0.000,-49.373,0.864,0.182,-0.121,0.000
217.706,-0.148,-47.393,0.826,0.305,0.158,0.000
217.718,-0.148,-49.898,0.870,0.451,0.029,0.000
217.728,-0.297,-50.440,0.877,0.582,-0.019,0.000
217.739,-0.297,-46.846,0.814,0.710,0.201,0.000
217.750,-0.595,-42.395,0.731,0.830,0.429,0.000
217.760,-0.595,-43.728,0.754,0.945,0.206,0.000
217.772,-2.247,-46.140,0.768,1.070,-0.071,0.000
217.784,-3.169,-40.768,0.657,1.188,0.361,0.000
217.795,-4.760,-36.751,0.559,1.290,0.552,0.000
217.806,-4.760,-37.902,0.579,1.372,0.218,0.000
217.816,-4.760,-34.635,0.522,1.452,0.384,0.000
217.826,-4.760,-33.325,0.499,1.527,0.360,0.000
217.836,-4.760,-28.792,0.420,1.594,0.541,0.000
217.847,-8.445,-23.743,0.267,1.640,0.743,0.000
217.857,-8.445,-19.740,0.197,1.671,0.692,0.000
217.868,-9.416,-19.055,0.168,1.698,0.452,0.000
217.879,-10.849,-16.005,0.090,1.719,0.471,0.000
217.889,-10.849,-10.012,-0.014,1.722,0.722,0.000
217.900,-11.711,-6.264,-0.095,1.715,0.768,0.000
217.911,-13.068,-2.157,-0.190,1.695,0.854,0.000
217.921,-13.068,-2.424,-0.186,1.667,0.510,0.000
217.932,-15.776,-1.086,-0.257,1.631,0.431,0.000
217.944,-15.776,-0.594,-0.265,1.587,0.250,0.000
217.955,-18.808,-4.051,-0.258,1.546,-0.122,0.000
217.966,-18.808,-3.204,-0.273,1.506,0.008,0.000
217.976,-18.808,-5.968,-0.224,1.468,-0.189,0.000
217.988,-19.398,-8.535,-0.190,1.436,-0.236,0.000
217.999,-20.000,-10.419,-0.167,1.408,-0.252,0.000
218.010,-21.242,-11.012,-0.179,1.381,-0.143,0.000
218.021,-21.242,-11.498,-0.170,1.353,-0.124,0.000
218.032,-23.889,-7.001,-0.295,1.314,0.254,0.000
218.044,-23.889,-5.176,-0.327,1.262,0.248,0.000
218.055,-27.145,-12.424,-0.257,1.215,-0.336,0.000
218.066,-27.145,-12.893,-0.249,1.176,-0.196,0.000
218.077,-46.439,-9.686,-0.643,1.098,0.073,0.000
218.088,-46.439,-12.141,-0.600,1.001,-0.072,0.000
218.099,-66.346,-19.445,-0.820,0.879,-0.558,0.000
218.110,-80.315,-21.451,-1.030,0.713,-0.505,0.000
218.122,-80.315,-21.719,-1.025,0.548,-0.338,0.000
218.133,-134.057,-33.028,-1.768,0.346,-1.062,0.000
218.144,-134.057,-43.706,-1.581,0.084,-1.327,0.000
218.155,-165.985,-43.636,-2.141,-0.183,-0.826,0.000
218.166,-185.787,-51.878,-2.343,-0.542,-1.074,0.000
218.177,-213.135,-63.004,-2.627,-0.946,-1.464,0.000
218.189,-213.135,-79.996,-2.329,-1.343,-2.123,0.000
218.200,-231.022,-101.122,-2.273,-1.724,-2.804,0.000
218.211,-231.022,-117.786,-1.981,-1.750,-2.824,0.000
218.222,-235.154,-132.609,-1.794,-1.750,-2.737,0.000
218.234,-235.154,-149.171,-1.504,-1.750,-2.903,0.000
218.245,-237.243,-167.282,-1.224,-1.750,-3.135,0.000
218.256,-237.243,-184.110,-0.929,-1.750,-3.195,0.000
218.268,-228.978,-204.212,-0.433,-1.750,-3.332,0.000
218.279,-222.931,-214.570,-0.146,-1.750,-2.718,0.000
218.291,-222.931,-229.835,0.120,-1.743,-2.663,0.000
218.303,-159.771,-241.866,1.436,-1.517,-2.436,0.000
218.315,-159.771,-248.307,1.549,-1.261,-1.877,0.000
218.326,-118.828,-251.188,2.316,-0.884,-1.352,0.000
218.338,-79.434,-256.746,3.102,-0.400,-1.158,0.000
218.348,-49.377,-258.531,3.660,0.075,-0.918,0.000
218.360,-41.500,-257.490,3.779,0.703,-0.542,0.000
218.372,-25.298,-246.093,3.863,1.334,0.408,0.000
218.383,-25.298,-231.249,3.604,1.750,1.199,0.000
218.395,-15.261,-214.909,3.493,1.750,1.821,0.000
218.407,-15.261,-190.564,3.067,1.750,2.682,0.000
218.419,-9.218,-174.166,2.886,1.750,2.683,0.000
218.430,-4.924,-154.457,2.616,1.750,3.033,0.000
218.442,-4.924,-134.332,2.264,1.750,3.238,0.000
218.453,-4.924,-119.185,1.999,1.750,3.120,0.000
218.464,-0.595,-98.768,1.718,1.750,3.335,0.000
218.475,0.000,-92.455,1.617,1.750,2.477,0.000
218.485,0.000,-84.865,1.485,1.750,1.969,0.000
218.495,0.000,-72.151,1.262,1.750,2.282,0.000
218.506,0.000,-67.184,1.175,1.750,1.960,0.000
218.516,0.000,-67.603,1.183,1.750,1.113,0.000
218.526,0.000,-58.095,1.016,1.750,1.324,0.000
218.537,0.297,-50.783,0.893,1.750,1.355,0.000
218.548,1.192,-42.446,0.763,1.750,1.421,0.000
218.560,9.416,-40.072,0.866,1.750,1.075,0.000
218.571,14.508,-34.036,0.849,1.750,1.121,0.000
218.583,24.941,-22.289,0.826,1.750,1.469,0.000
218.595,33.294,-13.039,0.810,1.750,1.518,0.000
218.608,33.294,-1.541,0.609,1.750,1.693,0.000
218.618,61.190,7.927,0.932,1.750,1.764,0.000
218.630,85.768,18.177,1.182,1.750,1.744,0.000
218.640,111.748,23.937,1.536,1.750,1.540,0.000
218.652,111.748,31.646,1.401,1.750,1.366,0.000
218.662,155.233,38.335,2.045,1.750,1.380,0.000
218.672,207.425,45.634,2.831,1.750,1.403,0.000
218.682,217.011,60.090,2.746,1.750,1.978,0.000
218.692,217.011,74.409,2.495,1.750,2.306,0.000
218.702,250.084,90.505,2.792,1.750,2.611,0.000
218.712,250.084,105.221,2.535,1.750,2.738,0.000
218.722,250.084,117.308,2.323,1.750,2.633,0.000
218.732,252.277,129.172,2.154,1.750,2.532,0.000
218.743,252.277,142.853,1.914,1.750,2.604,0.000
218.753,243.596,157.082,1.513,1.750,2.687,0.000
218.763,243.596,169.484,1.296,1.750,2.643,0.000
218.773,243.596,183.631,1.049,1.750,2.742,0.000
218.783,180.669,196.138,-0.270,1.729,2.667,0.000
218.793,139.464,207.581,-1.192,1.651,2.522,0.000
218.805,131.417,218.743,-1.528,1.416,2.209,0.000
218.816,71.036,230.523,-2.791,1.122,2.153,0.000
218.826,71.036,234.592,-2.862,0.709,1.624,0.000
218.836,71.036,232.243,-2.821,0.303,0.960,0.000
218.848,22.870,229.522,-3.616,-0.276,0.356,0.000
218.858,22.870,230.458,-3.632,-0.799,0.308,0.000
218.868,22.870,220.937,-3.466,-1.305,-0.397,0.000
218.880,6.974,214.353,-3.629,-1.750,-0.728,0.000
218.890,6.974,199.788,-3.374,-1.750,-1.394,0.000
218.900,6.796,185.747,-3.131,-1.750,-1.962,0.000
218.910,6.796,173.053,-2.909,-1.750,-2.071,0.000
218.920,6.796,157.062,-2.629,-1.750,-2.498,0.000
218.930,5.758,143.176,-2.404,-1.750,-2.561,0.000
218.942,3.638,127.401,-2.165,-1.750,-2.598,0.000
218.954,3.638,112.357,-1.902,-1.750,-2.576,0.000
218.965,0.000,106.366,-1.861,-1.750,-2.133,0.000
218.976,0.000,101.898,-1.783,-1.750,-1.726,0.000
218.986,0.000,89.235,-1.561,-1.750,-1.990,0.000
218.996,0.000,83.590,-1.462,-1.750,-1.642,0.000
219.006,-0.148,78.400,-1.374,-1.750,-1.385,0.000
219.017,-0.148,78.908,-1.383,-1.750,-0.807,0.000
219.028,-0.893,74.903,-1.326,-1.750,-0.749,0.000
219.040,-1.642,69.121,-1.238,-1.750,-0.896,0.000
219.050,-3.325,67.352,-1.236,-1.750,-0.667,0.000
219.060,-3.481,63.884,-1.178,-1.750,-0.697,0.000
219.070,-3.955,59.531,-1.111,-1.750,-0.729,0.000
219.082,-3.955,55.084,-1.033,-1.750,-0.771,0.000
219.094,-3.796,46.308,-0.876,-1.750,-1.056,0.000
219.105,-3.796,43.731,-0.831,-1.750,-0.842,0.000
219.117,-3.638,35.504,-0.685,-1.750,-1.040,0.000
219.128,-3.638,33.760,-0.654,-1.750,-0.768,0.000
219.140,-3.638,30.863,-0.603,-1.750,-0.674,0.000
219.152,-3.169,29.677,-0.574,-1.750,-0.564,0.000
219.164,-2.859,22.562,-0.444,-1.750,-0.765,0.000
219.176,-2.399,19.035,-0.375,-1.750,-0.549,0.000
219.188,-2.095,16.086,-0.318,-1.750,-0.611,0.000
219.200,-1.944,11.754,-0.239,-1.750,-0.715,0.000
219.212,-1.944,11.472,-0.234,-1.750,-0.383,0.000
219.224,-1.793,9.582,-0.199,-1.750,-0.301,0.000
219.236,-1.793,7.303,-0.159,-1.750,-0.433,0.000
219.247,-1.793,1.429,-0.056,-1.750,-0.657,0.000
219.258,-1.793,2.506,-0.075,-1.750,-0.312,0.000
219.268,-1.793,3.098,-0.085,-1.750,-0.140,0.000
219.280,-1.042,0.127,-0.020,-1.750,-0.228,0.000
219.292,-1.042,-1.323,0.004,-1.749,-0.279,0.000
219.303,-0.595,-3.889,0.057,-1.747,-0.439,0.000
219.315,-0.595,-9.821,0.161,-1.730,-0.723,0.000
219.326,-0.446,-14.688,0.249,-1.693,-0.720,0.000
219.338,-0.446,-13.194,0.223,-1.655,-0.366,0.000
219.349,-0.297,-16.532,0.284,-1.612,-0.407,0.000
219.360,-0.297,-14.936,0.256,-1.570,-0.169,0.000
219.371,-0.148,-13.745,0.237,-1.533,-0.011,0.000
219.381,-0.148,-14.888,0.257,-1.494,-0.047,0.000
219.391,-0.148,-22.114,0.384,-1.446,-0.571,0.000
219.401,-0.148,-28.461,0.495,-1.382,-0.873,0.000
219.412,-0.148,-27.777,0.483,-1.309,-0.467,0.000
219.422,-0.148,-25.834,0.449,-1.241,-0.167,0.000
219.432,-0.148,-28.479,0.495,-1.171,-0.298,0.000
219.443,-0.148,-29.605,0.515,-1.096,-0.243,0.000
219.453,-0.148,-26.507,0.461,-1.022,0.193,0.000
219.463,-0.148,-26.475,0.460,-0.954,0.123,0.000
219.473,-0.148,-30.952,0.539,-0.879,-0.229,0.000
219.484,-0.148,-35.589,0.620,-0.791,-0.431,0.000
219.494,-0.148,-34.449,0.600,-0.702,-0.206,0.000
219.504,-0.148,-26.575,0.462,-0.626,0.451,0.000
219.515,-0.148,-28.091,0.489,-0.554,0.203,0.000
219.525,-0.148,-26.730,0.465,-0.486,0.191,0.000
219.535,-0.148,-26.604,0.462,-0.416,0.162,0.000
219.546,-0.148,-28.048,0.488,-0.345,0.018,0.000
219.556,-0.148,-29.476,0.513,-0.269,-0.065,0.000
219.566,-0.148,-29.874,0.520,-0.193,-0.067,0.000
219.577,-0.148,-27.985,0.487,-0.117,0.155,0.000
219.587,-0.148,-20.307,0.352,-0.056,0.597,0.000
219.598,-0.148,-15.292,0.265,-0.013,0.704,0.000
219.608,-0.148,-10.565,0.182,0.018,0.775,0.000
219.618,-0.297,-14.356,0.246,0.053,0.285,0.000
219.630,-0.297,-14.661,0.251,0.095,0.233,0.000
219.641,-0.297,-16.282,0.279,0.136,-0.007,0.000
219.652,-0.297,-19.067,0.328,0.185,-0.181,0.000
219.663,-0.297,-14.429,0.247,0.233,0.250,0.000
219.674,-0.297,-10.516,0.178,0.266,0.406,0.000
219.686,-0.297,-10.155,0.172,0.296,0.311,0.000
219.697,-0.297,-7.186,0.120,0.322,0.478,0.000
219.708,-0.297,-3.065,0.048,0.335,0.583,0.000
219.719,-0.297,-2.245,0.034,0.341,0.422,0.000
219.730,-0.297,-3.750,0.060,0.349,0.170,0.000
219.741,-0.297,-4.401,0.071,0.359,0.039,0.000
219.752,-0.297,-0.300,0.000,0.366,0.337,0.000
219.763,-0.297,2.851,-0.055,0.359,0.404,0.000
219.775,-0.297,1.812,-0.036,0.353,0.201,0.000
219.786,-0.297,6.459,-0.118,0.343,0.502,0.000
219.797,-0.446,5.499,-0.104,0.320,0.133,0.000
219.809,-0.595,2.703,-0.057,0.309,-0.053,0.000
219.820,-0.595,5.883,-0.113,0.296,0.230,0.000
219.831,-2.399,3.534,-0.103,0.278,-0.009,0.000
219.842,-5.088,2.181,-0.127,0.261,-0.088,0.000
219.853,-6.099,4.493,-0.185,0.234,0.096,0.000
219.865,-15.776,4.455,-0.354,0.191,0.010,0.000
219.875,-19.697,2.601,-0.390,0.136,-0.110,0.000
219.887,-49.981,2.523,-0.918,0.016,-0.035,0.000
219.899,-49.981,1.958,-0.908,-0.138,-0.082,0.000
219.911,-88.603,1.466,-1.576,-0.311,-0.106,0.000
219.922,-88.603,-1.819,-1.518,-0.555,-0.238,0.000
219.933,-143.632,-5.996,-2.408,-0.904,-0.434,0.000
219.945,-143.632,-12.883,-2.288,-1.303,-0.808,0.000
219.956,-170.770,-20.807,-2.624,-1.722,-1.052,0.000
219.967,-170.770,-31.143,-2.443,-1.750,-1.374,0.000
219.979,-185.787,-39.793,-2.554,-1.750,-1.366,0.000
219.990,-185.787,-53.216,-2.320,-1.750,-1.826,0.000
220.001,-192.790,-69.697,-2.154,-1.750,-2.254,0.000
220.012,-198.178,-82.702,-2.020,-1.750,-2.413,0.000
220.023,-205.549,-98.528,-1.872,-1.750,-2.529,0.000
220.034,-209.315,-115.765,-1.637,-1.750,-2.779,0.000
220.046,-213.135,-130.694,-1.442,-1.750,-2.676,0.000
220.057,-211.218,-139.289,-1.258,-1.750,-2.294,0.000
220.068,-211.218,-151.471,-1.045,-1.750,-2.215,0.000
220.079,-211.218,-158.086,-0.929,-1.750,-1.890,0.000
220.090,-175.664,-171.865,-0.066,-1.750,-2.129,0.000
220.101,-161.307,-182.406,0.369,-1.701,-1.965,0.000
220.113,-134.057,-190.874,0.994,-1.602,-1.777,0.000
220.124,-116.430,-197.699,1.422,-1.397,-1.542,0.000
220.135,-85.768,-202.797,2.048,-1.131,-1.306,0.000
220.147,-59.776,-201.505,2.480,-0.740,-0.644,0.000
220.158,-36.504,-199.228,2.847,-0.303,-0.260,0.000
220.170,-36.504,-194.336,2.762,0.167,0.218,0.000
220.182,-13.777,-188.948,3.065,0.650,0.426,0.000
220.194,-10.223,-180.846,2.985,1.160,0.787,0.000
220.206,-10.223,-169.745,2.791,1.643,1.215,0.000
220.217,-10.223,-155.430,2.541,1.750,1.690,0.000
220.228,-0.148,-136.986,2.394,1.750,2.398,0.000
220.239,0.000,-118.051,2.065,1.750,2.899,0.000
220.250,0.000,-99.686,1.744,1.750,3.203,0.000
220.261,0.000,-84.060,1.471,1.750,3.101,0.000
220.273,0.000,-73.238,1.281,1.750,2.540,0.000
220.284,0.000,-60.993,1.067,1.750,2.286,0.000
220.294,0.000,-52.925,0.926,1.750,2.052,0.000
220.305,8.636,-44.679,0.933,1.750,1.951,0.000
220.317,10.638,-38.003,0.851,1.750,1.714,0.000
220.327,24.586,-33.274,1.012,1.750,1.486,0.000
220.337,24.586,-22.197,0.818,1.750,1.783,0.000
220.347,43.641,-17.060,1.062,1.750,1.564,0.000
220.358,54.380,-8.231,1.095,1.750,1.584,0.000
220.370,77.694,1.651,1.330,1.750,1.623,0.000
220.380,95.508,9.792,1.500,1.750,1.641,0.000
220.390,140.843,18.122,2.147,1.750,1.744,0.000
220.400,149.343,26.154,2.155,1.750,1.653,0.000
220.410,196.369,33.123,2.856,1.750,1.608,0.000
220.420,196.369,37.469,2.780,1.750,1.388,0.000
220.430,196.369,49.765,2.565,1.750,1.785,0.000
220.440,252.277,62.167,3.326,1.750,2.011,0.000
220.450,291.965,78.449,3.736,1.750,2.424,0.000
220.460,301.990,91.778,3.678,1.750,2.470,0.000
220.470,301.990,110.033,3.359,1.750,2.939,0.000
220.480,356.318,127.070,4.011,1.750,3.037,0.000
220.490,356.318,141.681,3.756,1.750,3.006,0.000
220.503,353.428,165.171,3.294,1.750,3.336,0.000
220.515,350.558,186.438,2.872,1.750,3.455,0.000
220.525,309.687,208.630,1.768,1.750,3.875,0.000
220.537,294.446,230.972,1.110,1.750,3.793,0.000
220.548,243.596,248.639,-0.088,1.747,3.534,0.000
220.558,231.022,261.703,-0.536,1.703,3.277,0.000
220.570,200.001,277.702,-1.359,1.517,2.964,0.000
220.582,185.787,285.640,-1.747,1.230,2.424,0.000
220.594,182.363,289.914,-1.882,0.914,1.682,0.000
220.606,182.363,295.965,-1.988,0.587,1.418,0.000
220.617,180.669,292.632,-1.959,0.255,0.627,0.000
220.629,174.020,289.983,-2.029,-0.082,0.140,0.000
220.641,167.568,289.232,-2.129,-0.436,0.115,0.000
220.653,139.464,282.732,-2.507,-0.831,-0.283,0.000
220.664,124.996,281.332,-2.735,-1.278,-0.316,0.000
220.675,124.996,271.852,-2.569,-1.702,-0.850,0.000
220.687,48.778,266.413,-3.808,-1.750,-0.962,0.000
220.699,48.778,257.234,-3.647,-1.750,-1.104,0.000
220.711,19.398,246.451,-3.973,-1.750,-1.390,0.000
220.722,19.398,235.031,-3.773,-1.750,-1.703,0.000
220.732,17.946,221.295,-3.558,-1.750,-2.154,0.000
220.743,17.946,210.555,-3.370,-1.750,-2.219,0.000
220.753,16.302,194.420,-3.117,-1.750,-2.616,0.000
220.763,15.261,177.872,-2.845,-1.750,-2.874,0.000
220.774,15.261,163.994,-2.602,-1.750,-2.873,0.000
220.784,10.430,150.039,-2.443,-1.750,-2.863,0.000
220.794,10.430,136.269,-2.202,-1.750,-2.899,0.000
220.805,3.796,122.386,-2.075,-1.750,-2.881,0.000
220.815,0.744,118.823,-2.066,-1.750,-2.026,0.000
220.825,0.000,112.228,-1.964,-1.750,-1.790,0.000
220.836,0.000,104.672,-1.831,-1.750,-1.601,0.000
220.848,0.000,100.097,-1.751,-1.750,-1.295,0.000
220.859,0.000,97.302,-1.702,-1.750,-0.890,0.000
220.869,0.000,89.906,-1.573,-1.750,-0.974,0.000
220.880,0.000,83.755,-1.465,-1.750,-0.954,0.000
220.891,0.000,74.594,-1.305,-1.750,-1.221,0.000
220.902,-0.744,65.185,-1.153,-1.750,-1.377,0.000
220.912,-0.744,56.394,-0.999,-1.750,-1.602,0.000
220.923,-0.744,40.806,-0.727,-1.750,-2.223,0.000
220.934,-10.430,31.716,-0.737,-1.750,-2.084,0.000
220.945,-10.430,28.893,-0.688,-1.750,-1.407,0.000
220.956,-19.101,24.790,-0.768,-1.750,-1.228,0.000
220.967,-19.101,20.574,-0.694,-1.750,-1.133,0.000
220.978,-25.660,10.578,-0.634,-1.750,-1.395,0.000
220.990,-27.911,7.400,-0.617,-1.750,-1.039,0.000
221.001,-42.027,-2.506,-0.691,-1.750,-1.291,0.000
221.012,-48.185,-4.523,-0.764,-1.750,-0.914,0.000
221.023,-60.480,-14.356,-0.807,-1.750,-1.244,0.000
221.034,-60.480,-24.998,-0.620,-1.750,-1.510,0.000
221.046,-90.534,-34.707,-0.976,-1.750,-1.587,0.000
221.057,-94.496,-43.778,-0.887,-1.750,-1.681,0.000
221.068,-110.602,-52.593,-1.015,-1.750,-1.695,0.000
221.079,-122.499,-64.409,-1.016,-1.750,-1.964,0.000
221.091,-126.260,-73.469,-0.923,-1.750,-1.884,0.000
221.102,-126.260,-86.810,-0.690,-1.750,-2.124,0.000
221.113,-138.096,-95.129,-0.751,-1.750,-1.762,0.000
221.124,-138.096,-99.636,-0.673,-1.750,-1.447,0.000
221.136,-146.466,-112.991,-0.585,-1.750,-1.787,0.000
221.147,-146.466,-120.207,-0.459,-1.750,-1.592,0.000
221.159,-153.744,-130.159,-0.412,-1.750,-1.683,0.000
221.170,-153.744,-142.200,-0.202,-1.750,-1.797,0.000
221.181,-161.307,-147.036,-0.249,-1.750,-1.405,0.000
221.193,-165.985,-156.751,-0.161,-1.750,-1.566,0.000
221.205,-167.568,-167.080,-0.008,-1.750,-1.577,0.000
221.216,-167.568,-179.942,0.216,-1.731,-1.849,0.000
221.228,-167.568,-192.151,0.430,-1.673,-1.909,0.000
221.240,-167.568,-204.383,0.644,-1.580,-1.970,0.000
221.252,-170.770,-214.937,0.772,-1.464,-1.901,0.000
221.264,-165.985,-223.376,1.004,-1.308,-1.680,0.000
221.275,-162.854,-229.852,1.172,-1.118,-1.416,0.000
221.287,-145.044,-235.362,1.580,-0.878,-1.217,0.000
221.299,-145.044,-240.904,1.677,-0.603,-1.115,0.000
221.311,-130.112,-238.068,1.889,-0.300,-0.513,0.000
221.323,-130.112,-238.841,1.902,0.022,-0.418,0.000
221.334,-130.112,-241.089,1.942,0.340,-0.485,0.000
221.346,-130.112,-240.975,1.940,0.666,-0.289,0.000
221.357,-45.304,-239.961,3.406,1.194,-0.106,0.000
221.369,-45.304,-236.647,3.348,1.739,0.150,0.000
221.380,-16.302,-227.812,3.701,1.750,0.629,0.000
221.392,-9.022,-215.960,3.621,1.750,1.220,0.000
221.403,-5.421,-199.051,3.388,1.750,1.907,0.000
221.414,-2.247,-182.348,3.151,1.750,2.277,0.000
221.425,-2.247,-167.754,2.896,1.750,2.419,0.000
221.437,-2.247,-150.781,2.599,1.750,2.712,0.000
221.447,-0.148,-139.210,2.433,1.750,2.514,0.000
221.458,-0.148,-125.541,2.194,1.750,2.562,0.000
221.469,0.000,-118.281,2.069,1.750,2.041,0.000
221.480,0.000,-108.060,1.891,1.750,2.075,0.000
221.491,0.148,-102.835,1.802,1.750,1.771,0.000
221.501,0.148,-95.003,1.665,1.750,1.600,0.000
221.512,0.595,-92.993,1.637,1.750,1.194,0.000
221.523,2.859,-82.309,1.490,1.750,1.435,0.000
221.535,3.014,-79.734,1.448,1.750,1.057,0.000
221.545,3.169,-75.132,1.370,1.750,1.028,0.000
221.557,3.325,-69.836,1.280,1.750,1.021,0.000
221.569,4.924,-61.358,1.159,1.750,1.268,0.000
221.581,5.254,-52.347,1.008,1.750,1.321,0.000
221.593,8.636,-50.239,1.030,1.750,0.891,0.000
221.605,9.218,-45.099,0.950,1.750,0.840,0.000
221.617,9.218,-38.091,0.827,1.750,0.908,0.000
221.629,10.019,-33.916,0.768,1.750,0.917,0.000
221.641,9.416,-21.426,0.539,1.750,1.298,0.000
221.651,9.218,-17.616,0.469,1.750,1.068,0.000
221.663,9.218,-8.314,0.306,1.750,1.332,0.000
221.674,9.022,-5.175,0.248,1.750,1.102,0.000
221.684,9.022,1.631,0.129,1.750,1.191,0.000
221.694,9.218,3.594,0.098,1.750,0.874,0.000
221.704,9.816,9.353,0.008,1.750,1.047,0.000
221.714,9.816,16.969,-0.125,1.739,1.190,0.000
221.724,9.816,18.126,-0.145,1.717,0.824,0.000
221.734,17.665,22.570,-0.085,1.695,0.881,0.000
221.744,19.101,27.421,-0.145,1.677,0.905,0.000
221.754,19.101,36.051,-0.296,1.645,1.184,0.000
221.764,19.101,39.659,-0.359,1.594,0.965,0.000
221.774,24.586,40.265,-0.274,1.558,0.748,0.000
221.784,28.693,41.993,-0.232,1.523,0.639,0.000
221.796,30.306,44.251,-0.244,1.484,0.542,0.000
221.806,32.854,47.321,-0.253,1.447,0.575,0.000
221.816,33.739,49.396,-0.274,1.408,0.505,0.000
221.828,34.642,49.734,-0.264,1.364,0.330,0.000
221.838,35.100,54.113,-0.332,1.321,0.525,0.000
221.848,35.100,56.812,-0.379,1.266,0.427,0.000
221.859,35.100,62.142,-0.473,1.206,0.676,0.000
221.869,34.642,65.985,-0.548,1.129,0.657,0.000
221.879,34.642,66.327,-0.554,1.047,0.410,0.000
221.889,33.739,67.984,-0.599,0.965,0.404,0.000
221.899,33.739,72.266,-0.674,0.874,0.573,0.000
221.911,29.896,72.490,-0.745,0.749,0.321,0.000
221.922,29.896,67.703,-0.661,0.635,-0.142,0.000
221.933,29.896,67.559,-0.659,0.532,-0.034,0.000
221.945,16.839,75.001,-1.017,0.376,0.485,0.000
221.955,10.638,78.145,-1.181,0.210,0.526,0.000
221.965,8.828,76.605,-1.186,0.042,0.346,0.000
221.975,8.828,78.568,-1.220,-0.132,0.351,0.000
221.988,3.955,77.244,-1.282,-0.344,0.233,0.000
221.998,2.859,72.653,-1.221,-0.526,-0.214,0.000
222.010,2.552,72.093,-1.216,-0.733,-0.075,0.000
222.022,1.793,64.907,-1.104,-0.930,-0.485,0.000
222.033,1.793,57.899,-0.981,-1.110,-0.883,0.000
222.045,1.793,50.745,-0.856,-1.266,-1.045,0.000
222.057,1.793,43.691,-0.733,-1.402,-1.187,0.000
222.069,1.642,36.418,-0.608,-1.514,-1.162,0.000
222.079,1.492,27.529,-0.455,-1.592,-1.440,0.000
222.091,1.042,21.283,-0.354,-1.662,-1.292,0.000
222.103,0.595,14.983,-0.251,-1.710,-1.166,0.000
222.114,0.595,6.922,-0.110,-1.739,-1.296,0.000
222.125,0.595,2.453,-0.032,-1.749,-1.109,0.000
222.137,0.595,4.200,-0.063,-1.750,-0.624,0.000
222.148,0.595,1.417,-0.014,-1.750,-0.626,0.000
222.159,0.595,-4.816,0.094,-1.742,-0.800,0.000
222.170,0.297,-6.317,0.115,-1.724,-0.580,0.000
222.182,0.000,-13.684,0.239,-1.695,-0.879,0.000
222.192,0.000,-18.967,0.331,-1.651,-0.898,0.000
222.202,0.000,-17.496,0.306,-1.605,-0.484,0.000
222.213,0.000,-16.907,0.295,-1.561,-0.272,0.000
222.223,0.000,-14.194,0.248,-1.521,0.045,0.000
222.233,0.000,-20.371,0.356,-1.476,-0.449,0.000
222.243,0.000,-25.185,0.440,-1.414,-0.556,0.000
222.254,0.000,-25.508,0.446,-1.349,-0.393,0.000
222.264,0.000,-28.456,0.498,-1.277,-0.394,0.000
222.275,0.000,-20.228,0.354,-1.216,0.289,0.000
222.285,0.000,-18.943,0.331,-1.167,0.227,0.000
222.295,0.000,-17.933,0.313,-1.120,0.209,0.000
222.306,0.595,-23.465,0.421,-1.062,-0.213,0.000
222.317,0.595,-21.094,0.379,-0.996,0.106,0.000
222.329,16.839,-26.639,0.760,-0.890,-0.332,0.000
222.340,16.839,-27.103,0.769,-0.759,-0.186,0.000
222.353,34.642,-25.757,1.057,-0.579,0.022,0.000
222.363,34.642,-24.876,1.041,-0.430,0.022,0.000
222.373,59.776,-18.451,1.369,-0.225,0.494,0.000
222.385,98.596,-17.545,2.032,0.065,0.314,0.000
222.395,123.743,-10.053,2.341,0.413,0.748,0.000
222.405,130.112,-6.505,2.390,0.761,0.775,0.000
222.415,130.112,1.120,2.257,1.093,1.024,0.000
222.425,130.112,9.534,2.110,1.406,1.231,0.000
222.435,226.948,24.702,3.539,1.750,1.805,0.000
222.445,226.948,36.534,3.332,1.750,1.887,0.000
222.455,261.203,52.345,3.655,1.750,2.322,0.000
222.465,270.379,75.405,3.412,1.750,3.158,0.000
222.475,289.501,96.841,3.371,1.750,3.510,0.000
222.485,296.944,112.666,3.224,1.750,3.363,0.000
222.497,296.944,135.693,2.821,1.750,3.657,0.000
222.508,304.539,160.886,2.513,1.750,4.142,0.000
222.518,304.539,176.203,2.245,1.750,3.793,0.000
222.528,299.458,189.987,1.915,1.750,3.550,0.000
222.538,299.458,212.169,1.527,1.750,3.853,0.000
222.548,258.948,228.315,0.536,1.750,3.522,0.000
222.558,250.084,240.210,0.172,1.750,3.241,0.000
222.568,182.363,254.248,-1.258,1.673,3.072,0.000
222.578,182.363,260.232,-1.362,1.486,2.502,0.000
222.590,182.363,271.397,-1.558,1.223,2.100,0.000
222.602,182.363,273.545,-1.595,0.952,1.475,0.000
222.614,42.027,275.648,-4.088,0.265,1.093,0.000
222.624,42.027,270.717,-4.002,-0.316,0.336,0.000
222.636,24.586,264.216,-4.193,-0.993,-0.142,0.000
222.647,24.586,252.302,-3.985,-1.645,-1.038,0.000
222.659,14.262,236.004,-3.880,-1.750,-1.719,0.000
222.670,14.262,217.898,-3.563,-1.750,-2.142,0.000
222.682,8.068,194.895,-3.269,-1.750,-2.905,0.000
222.693,6.620,174.615,-2.939,-1.750,-3.218,0.000
222.704,1.793,150.922,-2.609,-1.750,-3.620,0.000
222.716,1.793,134.191,-2.316,-1.750,-3.445,0.000
222.726,0.297,115.158,-2.010,-1.750,-3.605,0.000
222.737,0.148,103.337,-1.805,-1.750,-3.100,0.000
222.748,0.148,89.545,-1.564,-1.750,-2.923,0.000
222.758,0.000,78.083,-1.366,-1.750,-2.693,0.000
222.769,0.000,70.756,-1.238,-1.750,-2.154,0.000
222.780,0.000,64.204,-1.123,-1.750,-1.817,0.000
222.791,0.000,58.817,-1.029,-1.750,-1.489,0.000
222.802,0.000,53.477,-0.935,-1.750,-1.296,0.000
222.813,0.000,45.575,-0.797,-1.750,-1.364,0.000
222.824,-0.297,41.104,-0.724,-1.750,-1.041,0.000
222.834,-0.297,35.728,-0.630,-1.750,-1.005,0.000
222.845,-4.274,24.446,-0.502,-1.750,-1.393,0.000
222.856,-5.088,13.609,-0.327,-1.750,-1.583,0.000
222.867,-12.607,8.787,-0.374,-1.750,-1.298,0.000
222.878,-12.607,0.815,-0.234,-1.750,-1.396,0.000
222.889,-24.236,-14.398,-0.172,-1.750,-1.953,0.000
222.901,-24.236,-19.792,-0.077,-1.750,-1.504,0.000
222.911,-51.831,-27.784,-0.420,-1.750,-1.545,0.000
222.921,-55.691,-38.044,-0.308,-1.750,-1.713,0.000
222.932,-75.141,-48.060,-0.473,-1.750,-1.793,0.000
222.943,-86.705,-54.850,-0.557,-1.750,-1.554,0.000
222.954,-105.008,-59.619,-0.794,-1.750,-1.314,0.000
222.965,-116.430,-69.365,-0.823,-1.750,-1.558,0.000
222.976,-136.739,-78.513,-1.018,-1.750,-1.618,0.000
222.987,-136.739,-89.968,-0.818,-1.750,-1.834,0.000
222.997,-155.233,-102.357,-0.925,-1.750,-2.054,0.000
223.008,-156.734,-116.344,-0.706,-1.750,-2.313,0.000
223.019,-165.985,-126.525,-0.690,-1.750,-2.165,0.000
223.030,-169.163,-144.088,-0.438,-1.750,-2.539,0.000
223.041,-169.163,-152.903,-0.284,-1.750,-2.195,0.000
223.053,-180.669,-164.200,-0.288,-1.750,-2.195,0.000
223.064,-180.669,-176.865,-0.066,-1.750,-2.214,0.000
223.075,-187.518,-187.844,0.005,-1.749,-2.151,0.000
223.086,-187.518,-192.502,0.087,-1.743,-1.695,0.000
223.098,-187.518,-202.791,0.267,-1.714,-1.780,0.000
223.109,-185.787,-217.091,0.547,-1.646,-2.067,0.000
223.120,-158.247,-231.256,1.277,-1.507,-2.255,0.000
223.131,-150.799,-241.282,1.583,-1.278,-2.128,0.000
223.143,-150.799,-249.495,1.727,-1.010,-1.835,0.000
223.154,-96.529,-256.025,2.791,-0.633,-1.543,0.000
223.166,-51.208,-266.626,3.769,-0.129,-1.707,0.000
223.178,-51.208,-268.288,3.798,0.515,-1.181,0.000
223.189,-18.231,-270.448,4.413,1.239,-0.837,0.000
223.201,-15.776,-263.150,4.329,1.750,-0.025,0.000
223.213,-5.758,-252.731,4.322,1.750,0.690,0.000
223.225,-5.758,-236.953,4.045,1.750,1.447,0.000
223.236,-1.042,-223.944,3.900,1.750,1.835,0.000
223.247,-0.446,-205.608,3.590,1.750,2.339,0.000
223.259,0.000,-187.918,3.288,1.750,2.664,0.000
223.270,0.000,-171.100,2.994,1.750,2.841,0.000
223.281,0.000,-158.126,2.767,1.750,2.698,0.000
223.292,0.000,-146.609,2.565,1.750,2.428,0.000
223.303,0.000,-137.704,2.409,1.750,2.059,0.000
223.314,0.148,-128.938,2.259,1.750,1.837,0.000
223.326,0.446,-120.955,2.124,1.750,1.613,0.000
223.337,1.042,-116.921,2.064,1.750,1.365,0.000
223.348,4.114,-110.694,2.009,1.750,1.224,0.000
223.360,4.760,-108.810,1.987,1.750,0.929,0.000
223.372,10.019,-103.997,1.995,1.750,0.939,0.000
223.383,11.061,-99.955,1.942,1.750,0.788,0.000
223.395,11.061,-92.790,1.817,1.750,1.062,0.000
223.407,19.697,-80.888,1.760,1.750,1.439,0.000
223.419,27.911,-73.465,1.774,1.750,1.373,0.000
223.430,28.693,-62.366,1.593,1.750,1.600,0.000
223.442,28.693,-57.732,1.512,1.750,1.296,0.000
223.454,35.100,-47.129,1.439,1.750,1.504,0.000
223.465,40.460,-30.577,1.243,1.750,2.091,0.000
223.476,41.500,-14.888,0.986,1.750,2.330,0.000
223.488,41.500,-8.985,0.883,1.750,1.831,0.000
223.499,46.439,-2.218,0.851,1.750,1.557,0.000
223.510,46.439,4.702,0.730,1.750,1.399,0.000
223.521,46.439,10.067,0.636,1.750,1.226,0.000
223.532,44.744,17.999,0.468,1.750,1.289,0.000
223.544,37.950,23.841,0.246,1.750,1.160,0.000
223.555,37.950,26.582,0.198,1.750,0.831,0.000
223.566,31.987,30.584,0.024,1.750,0.748,0.000
223.577,31.987,36.606,-0.080,1.744,0.890,0.000
223.589,27.911,43.781,-0.277,1.713,1.061,0.000
223.600,27.911,51.495,-0.412,1.657,1.200,0.000
223.611,26.025,59.899,-0.592,1.576,1.356,0.000
223.622,26.025,66.273,-0.704,1.472,1.286,0.000
223.633,26.395,67.458,-0.718,1.359,0.901,0.000
223.644,26.025,71.793,-0.800,1.238,0.897,0.000
223.655,26.395,75.653,-0.862,1.105,0.799,0.000
223.667,26.025,75.431,-0.864,0.960,0.347,0.000
223.678,25.660,73.879,-0.843,0.825,0.125,0.000
223.689,24.236,68.859,-0.780,0.698,-0.215,0.000
223.700,22.870,64.624,-0.730,0.580,-0.389,0.000
223.711,21.561,61.612,-0.700,0.468,-0.418,0.000
223.722,17.111,58.051,-0.716,0.355,-0.573,0.000
223.734,16.038,54.358,-0.670,0.244,-0.625,0.000
223.745,14.508,51.123,-0.640,0.143,-0.563,0.000
223.756,14.262,49.175,-0.610,0.046,-0.392,0.000
223.767,14.508,48.819,-0.600,-0.049,-0.268,0.000
223.778,14.508,47.581,-0.578,-0.141,-0.213,0.000
223.790,14.756,47.558,-0.574,-0.235,-0.164,0.000
223.801,15.007,42.941,-0.488,-0.322,-0.514,0.000
223.812,15.007,45.014,-0.525,-0.401,-0.136,0.000
223.823,15.517,44.856,-0.513,-0.485,-0.078,0.000
223.834,15.517,44.556,-0.508,-0.564,-0.003,0.000
223.845,24.236,44.042,-0.346,-0.634,0.015,0.000
223.856,25.660,46.457,-0.363,-0.694,0.054,0.000
223.868,37.950,47.257,-0.162,-0.749,0.043,0.000
223.879,41.500,45.329,-0.067,-0.765,-0.056,0.000
223.890,41.500,43.750,-0.039,-0.771,-0.092,0.000
223.901,41.500,44.997,-0.061,-0.781,-0.007,0.000
223.912,138.096,45.670,1.617,-0.750,-0.068,0.000
223.924,138.096,47.138,1.591,-0.471,0.114,0.000
223.936,138.096,47.918,1.578,-0.199,0.106,0.000
223.948,138.096,52.887,1.491,0.061,0.341,0.000
223.960,263.473,62.881,3.510,0.370,0.918,0.000
223.970,270.379,74.105,3.434,0.864,1.289,0.000
223.980,270.379,87.075,3.207,1.335,1.716,0.000
223.992,322.863,104.850,3.815,1.750,2.278,0.000
224.004,322.863,123.199,3.494,1.750,2.596,0.000
224.016,347.706,145.732,3.534,1.750,3.002,0.000
224.026,347.706,163.253,3.227,1.750,3.237,0.000
224.036,371.049,180.959,3.326,1.750,3.319,0.000
224.046,371.049,200.474,2.985,1.750,3.475,0.000
224.056,395.629,219.298,3.085,1.750,3.605,0.000
224.068,408.398,244.654,2.865,1.750,3.766,0.000
224.080,408.398,268.466,2.448,1.750,3.966,0.000
224.092,411.641,290.010,2.128,1.750,3.791,0.000
224.103,386.264,309.726,1.339,1.750,3.743,0.000
224.115,347.706,328.591,0.334,1.750,3.444,0.000
224.126,347.706,343.559,0.072,1.750,3.281,0.000
224.136,220.943,352.309,-2.298,1.678,2.838,0.000
224.146,220.943,364.197,-2.506,1.325,2.725,0.000
224.156,127.534,368.038,-4.208,0.811,2.124,0.000
224.168,86.705,373.333,-5.015,-0.046,1.665,0.000
224.178,43.641,369.761,-5.707,-0.804,0.917,0.000
224.190,29.491,359.578,-5.776,-1.750,-0.045,0.000
224.201,23.206,336.572,-5.483,-1.750,-1.556,0.000
224.213,20.927,308.156,-5.026,-1.750,-2.835,0.000
224.225,16.839,273.869,-4.498,-1.750,-4.006,0.000
224.237,14.756,236.088,-3.873,-1.750,-4.959,0.000
224.249,9.022,193.372,-3.226,-1.750,-5.772,0.000
224.260,9.022,159.140,-2.627,-1.750,-5.788,0.000
224.272,0.446,128.251,-2.236,-1.750,-5.640,0.000
224.283,-0.297,106.203,-1.863,-1.750,-4.975,0.000
224.295,-0.297,92.531,-1.624,-1.750,-3.973,0.000
224.306,-0.297,82.963,-1.457,-1.750,-3.168,0.000
224.317,-3.955,76.078,-1.400,-1.750,-2.431,0.000
224.329,-10.849,69.261,-1.401,-1.750,-1.874,0.000
224.341,-14.262,68.022,-1.439,-1.750,-1.266,0.000
224.353,-19.697,62.008,-1.429,-1.750,-1.191,0.000
224.365,-19.697,51.079,-1.238,-1.750,-1.472,0.000
224.375,-42.560,45.090,-1.533,-1.750,-1.361,0.000
224.385,-55.033,37.446,-1.618,-1.750,-1.460,0.000
224.395,-60.480,25.346,-1.501,-1.750,-1.860,0.000
224.407,-76.836,10.342,-1.525,-1.750,-2.178,0.000
224.417,-95.508,-2.997,-1.618,-1.750,-2.318,0.000
224.430,-120.042,-18.149,-1.783,-1.750,-2.414,0.000
224.440,-120.042,-29.212,-1.589,-1.750,-2.387,0.000
224.450,-120.042,-39.107,-1.416,-1.750,-2.243,0.000
224.462,-150.799,-55.633,-1.665,-1.750,-2.449,0.000
224.473,-150.799,-70.354,-1.407,-1.750,-2.513,0.000
224.485,-156.734,-86.681,-1.225,-1.750,-2.588,0.000
224.495,-156.734,-100.168,-0.989,-1.750,-2.611,0.000
224.508,-159.771,-115.389,-0.776,-1.750,-2.579,0.000
224.520,-159.771,-131.561,-0.493,-1.750,-2.581,0.000
224.530,-161.307,-141.289,-0.350,-1.750,-2.391,0.000
224.540,-161.307,-151.333,-0.174,-1.750,-2.319,0.000
224.552,-159.771,-163.544,0.066,-1.746,-2.166,0.000
224.562,-159.771,-173.465,0.239,-1.722,-2.120,0.000
224.572,-161.307,-181.602,0.355,-1.679,-2.004,0.000
224.582,-159.771,-189.871,0.526,-1.613,-1.921,0.000
224.592,-159.771,-197.318,0.657,-1.526,-1.802,0.000
224.602,-132.732,-203.530,1.238,-1.381,-1.651,0.000
224.612,-98.596,-208.595,1.924,-1.112,-1.488,0.000
224.622,-83.919,-212.771,2.254,-0.793,-1.279,0.000
224.632,-65.589,-217.766,2.663,-0.434,-1.218,0.000
224.642,-65.589,-223.372,2.761,-0.043,-1.168,0.000
224.653,-41.500,-227.724,3.258,0.399,-1.039,0.000
224.663,-31.138,-232.516,3.524,0.887,-0.982,0.000
224.673,-31.138,-235.902,3.583,1.397,-0.865,0.000
224.683,-2.247,-234.903,4.071,1.750,-0.513,0.000
224.694,-2.247,-232.716,4.033,1.750,-0.179,0.000
224.705,0.000,-228.323,3.995,1.750,0.243,0.000
224.716,0.000,-209.876,3.672,1.750,1.551,0.000
224.728,0.000,-137.281,2.402,1.750,7.203,0.000
224.739,0.000,-8.261,0.144,1.750,14.932,0.000
224.750,0.000,159.688,-2.794,1.530,22.058,0.000
224.761,0.000,418.284,-7.319,0.730,33.998,0.000
224.772,0.000,644.212,-11.273,-0.831,35.743,0.000
224.783,0.000,720.478,-12.608,-1.750,25.821,0.000
224.795,0.000,738.335,-12.920,-1.750,15.441,0.000
224.806,0.000,684.121,-11.972,-1.750,4.341,0.000
224.817,0.000,621.825,-10.881,-1.750,-2.391,0.000
224.829,0.000,582.972,-10.202,-1.750,-4.258,0.000
224.840,0.000,571.810,-10.006,-1.750,-3.143,0.000
224.851,0.000,583.899,-10.218,-1.750,-0.684,0.000
224.862,0.000,609.751,-10.670,-1.750,1.743,0.000
224.874,0.000,643.859,-11.267,-1.750,3.756,0.000
224.885,0.000,680.231,-11.904,-1.750,5.031,0.000
224.896,0.000,712.524,-12.469,-1.750,5.386,0.000
224.907,0.000,739.263,-12.937,-1.750,5.173,0.000
224.919,0.000,762.467,-13.343,-1.750,4.729,0.000
224.930,0.000,781.956,-13.684,-1.750,4.177,0.000
224.941,0.000,798.292,-13.970,-1.750,3.668,0.000
224.952,0.000,811.860,-14.207,-1.750,3.124,0.000
224.964,0.000,825.552,-14.447,-1.750,2.908,0.000
224.975,0.000,838.074,-14.666,-1.750,2.641,0.000
224.986,0.000,851.426,-14.899,-1.750,2.559,0.000
224.997,0.000,866.132,-15.157,-1.750,2.624,0.000
225.009,0.000,877.420,-15.354,-1.750,2.331,0.000
225.020,0.000,890.300,-15.580,-1.750,2.350,0.000
225.031,0.000,890.300,-15.580,-1.750,2.350,0.000
225.041,0.000,890.300,-15.580,-1.750,2.350,0.000
225.052,0.000,890.300,-15.580,-1.750,2.350,0.000
225.062,0.000,890.300,-15.580,-1.750,2.350,0.000
225.072,0.000,890.300,-15.580,-1.750,2.350,0.000
225.083,0.000,890.300,-15.580,-1.750,2.350,0.000
225.093,0.000,890.300,-15.580,-1.750,2.350,0.000
225.103,0.000,890.300,-15.580,-1.750,2.350,0.000
225.114,0.000,890.300,-15.580,-1.750,2.350,0.000
225.124,0.000,890.300,-15.580,-1.750,2.350,0.000
225.134,0.000,890.300,-15.580,-1.750,2.350,0.000
225.144,0.000,890.300,-15.580,-1.750,2.350,0.000
225.155,0.000,890.300,-15.580,-1.750,2.350,0.000
225.165,0.000,890.300,-15.580,-1.750,2.350,0.000
225.175,0.000,890.300,-15.580,-1.750,2.350,0.000
225.185,0.000,890.300,-15.580,-1.750,2.350,0.000
225.196,0.000,890.300,-15.580,-1.750,2.350,0.000
225.206,0.000,890.300,-15.580,-1.750,2.350,0.000
225.216,0.000,890.300,-15.580,-1.750,2.350,0.000
225.227,0.000,890.300,-15.580,-1.750,2.350,0.000
225.237,0.000,890.300,-15.580,-1.750,2.350,0.000
225.247,0.000,890.300,-15.580,-1.750,2.350,0.000
225.258,0.000,890.300,-15.580,-1.750,2.350,0.000
225.268,0.000,890.300,-15.580,-1.750,2.350,0.000
225.279,0.000,890.300,-15.580,-1.750,2.350,0.000
225.289,0.000,890.300,-15.580,-1.750,2.350,0.000
225.299,0.000,890.300,-15.580,-1.750,2.350,0.000
225.310,0.000,890.300,-15.580,-1.750,2.350,0.000
225.320,0.000,890.300,-15.580,-1.750,2.350,0.000
225.330,0.000,890.300,-15.580,-1.750,2.350,0.000
225.340,0.000,890.300,-15.580,-1.750,2.350,0.000
225.350,0.000,890.300,-15.580,-1.750,2.350,0.000
225.360,0.000,890.300,-15.580,-1.750,2.350,0.000
225.371,0.000,890.300,-15.580,-1.750,2.350,0.000
225.382,0.000,890.300,-15.580,-1.750,2.350,0.000
225.393,0.000,890.300,-15.580,-1.750,2.350,0.000
225.404,0.000,890.300,-15.580,-1.750,2.350,0.000
225.415,0.000,890.300,-15.580,-1.750,2.350,0.000
225.426,0.000,890.300,-15.580,-1.750,2.350,0.000
225.437,0.000,890.300,-15.580,-1.750,2.350,0.000
225.448,0.000,890.300,-15.580,-1.750,2.350,0.000
225.459,0.000,890.300,-15.580,-1.750,2.350,0.000
225.470,0.000,890.300,-15.580,-1.750,2.350,0.000
225.481,0.000,890.300,-15.580,-1.750,2.350,0.000
225.492,0.000,890.300,-15.580,-1.750,2.350,0.000
225.503,0.000,890.300,-15.580,-1.750,2.350,0.000
225.514,0.000,890.300,-15.580,-1.750,2.350,0.000
225.525,0.000,890.300,-15.580,-1.750,2.350,0.000
225.536,0.000,890.300,-15.580,-1.750,2.350,0.000
225.547,0.000,890.300,-15.580,-1.750,2.350,0.000
225.558,0.000,890.300,-15.580,-1.750,2.350,0.000
225.569,0.000,890.300,-15.580,-1.750,2.350,0.000
225.580,0.000,890.300,-15.580,-1.750,2.350,0.000
225.591,0.000,890.300,-15.580,-1.750,2.350,0.000
225.602,0.000,890.300,-15.580,-1.750,2.350,0.000
225.613,0.000,890.300,-15.580,-1.750,2.350,0.000
225.624,0.000,890.300,-15.580,-1.750,2.350,0.000
225.635,0.000,890.300,-15.580,-1.750,2.350,0.000
225.646,0.000,890.300,-15.580,-1.750,2.350,0.000
225.657,0.000,890.300,-15.580,-1.750,2.350,0.000
225.668,0.000,890.300,-15.580,-1.750,2.350,0.000
225.679,0.000,890.300,-15.580,-1.750,2.350,0.000
225.690,0.000,890.300,-15.580,-1.750,2.350,0.000
225.701,0.000,890.300,-15.580,-1.750,2.350,0.000
225.712,0