R
Px,Ix,Dx,Py,Iy,Dy,Pz,Iz,FFrx,FFry,FFdrx,FFdry,satI,satPID,DTermC,GparamC,AparamC,KFQAng,KFQbias,KFRmeas,CPx,CIx,CPy,CIy,CsatI,CsatPID,CFFdrx,CFFdry,CFalpha
175,25,1900,200,25,2100,500,150,0,0,0,0,7,75,10,10.0,64.0,0.000100,0.003000,20,60,15,60,15,50,175,0,0,0.995
sysTime,GPT1X,aRawR,aPT1R,aKFRawR,aKFPT10R,aKFPT11R,aCFRawR,aCFPT10R,aCFPT11R
122.443,-0.435,0.085,0.096,0.051,0.052,0.063,0.017,0.020,0.028
122.453,-2.155,0.211,0.108,0.020,0.020,0.054,-0.008,-0.009,0.021
122.464,-0.911,-0.039,0.099,0.022,0.022,0.039,-0.006,-0.004,0.007
122.475,-1.031,0.128,0.090,0.010,0.011,0.031,-0.018,-0.014,0.001
122.485,-0.502,0.212,0.091,0.016,0.017,0.026,-0.009,-0.005,-0.001
122.496,0.471,0.169,0.090,0.026,0.028,0.025,0.001,0.006,-0.000
122.506,0.306,0.002,0.085,0.022,0.024,0.031,-0.001,0.004,0.006
122.517,0.614,0.044,0.079,0.029,0.031,0.037,0.004,0.012,0.013
122.527,0.373,0.211,0.091,0.027,0.028,0.043,0.006,0.010,0.020
122.538,0.597,0.127,0.089,0.055,0.056,0.053,0.035,0.039,0.031
122.548,-0.620,0.170,0.097,0.042,0.043,0.055,0.024,0.026,0.034
122.559,-1.399,0.127,0.102,0.032,0.032,0.049,0.017,0.016,0.028
122.569,-0.733,0.128,0.111,0.016,0.016,0.034,0.005,0.002,0.015
122.580,0.347,0.002,0.106,0.021,0.021,0.029,0.011,0.009,0.012
122.590,0.151,0.212,0.107,0.030,0.030,0.036,0.021,0.020,0.020
122.601,-1.540,0.251,0.111,0.011,0.011,0.033,0.006,0.003,0.019
122.611,-0.732,0.044,0.092,0.000,0.001,0.018,-0.007,-0.004,0.005
122.622,-1.598,0.253,0.106,-0.026,-0.025,0.006,-0.028,-0.029,-0.004
122.632,-1.798,-0.080,0.109,-0.061,-0.061,-0.013,-0.060,-0.062,-0.021
122.643,0.051,0.085,0.114,-0.044,-0.045,-0.022,-0.038,-0.042,-0.028
122.654,-0.122,0.086,0.128,-0.042,-0.044,-0.019,-0.029,-0.037,-0.021
122.664,-0.380,0.086,0.124,-0.053,-0.054,-0.019,-0.038,-0.044,-0.018
122.675,0.003,-0.039,0.119,-0.050,-0.050,-0.019,-0.033,-0.037,-0.016
122.685,0.107,0.168,0.123,-0.037,-0.038,-0.016,-0.016,-0.021,-0.009
122.696,-1.039,0.170,0.122,-0.049,-0.049,-0.018,-0.025,-0.030,-0.009
122.706,0.286,-0.039,0.123,-0.018,-0.019,-0.015,0.007,0.002,-0.004
122.717,-0.153,-0.039,0.126,-0.021,-0.022,-0.011,0.007,0.001,0.001
122.727,0.962,0.002,0.128,0.008,0.007,-0.002,0.038,0.032,0.012
122.738,0.981,0.002,0.120,0.023,0.022,0.009,0.052,0.048,0.026
122.748,1.081,0.044,0.114,0.031,0.030,0.021,0.058,0.057,0.040
122.759,0.533,0.044,0.111,0.041,0.041,0.034,0.068,0.067,0.053
122.769,1.190,0.170,0.100,0.065,0.066,0.046,0.089,0.092,0.065
122.780,-1.286,0.211,0.100,0.030,0.030,0.047,0.053,0.055,0.065
122.790,-0.682,0.211,0.096,0.024,0.025,0.039,0.046,0.050,0.057
122.801,-0.391,0.127,0.087,0.024,0.026,0.036,0.044,0.051,0.053
122.812,0.267,0.335,0.091,0.028,0.029,0.035,0.048,0.053,0.053
122.822,-1.486,0.002,0.082,-0.006,-0.005,0.029,0.011,0.019,0.046
122.833,-0.837,-0.122,0.063,-0.015,-0.012,0.017,-0.001,0.012,0.034
122.843,-0.979,0.253,0.073,-0.026,-0.024,0.004,-0.008,0.001,0.021
122.854,-1.089,0.085,0.077,-0.043,-0.040,-0.002,-0.022,-0.014,0.014
122.864,-1.105,0.044,0.090,-0.061,-0.060,-0.013,-0.035,-0.032,0.003
122.875,-1.011,0.336,0.111,-0.071,-0.071,-0.022,-0.037,-0.040,-0.002
122.885,0.293,0.128,0.114,-0.054,-0.054,-0.024,-0.017,-0.021,-0.003
122.896,0.407,0.169,0.113,-0.044,-0.045,-0.018,-0.006,-0.009,0.004
122.906,-0.212,0.169,0.114,-0.052,-0.052,-0.018,-0.011,-0.015,0.006
122.917,0.182,-0.081,0.118,-0.044,-0.045,-0.016,-0.001,-0.006,0.009
122.927,1.085,0.044,0.110,-0.026,-0.027,-0.008,0.015,0.013,0.019
122.938,-1.319,0.169,0.120,-0.065,-0.066,-0.007,-0.018,-0.024,0.021
122.949,-1.520,-0.039,0.111,-0.074,-0.074,-0.017,-0.027,-0.029,0.012
122.959,0.392,0.170,0.117,-0.067,-0.068,-0.027,-0.016,-0.020,0.004
122.970,1.661,0.127,0.110,-0.031,-0.032,-0.011,0.018,0.016,0.021
122.980,0.872,0.169,0.104,-0.030,-0.030,0.003,0.018,0.019,0.036
122.991,0.206,0.127,0.110,-0.028,-0.028,0.014,0.023,0.021,0.047
123.001,0.351,0.169,0.125,-0.014,-0.016,0.021,0.041,0.035,0.055
123.012,1.839,-0.039,0.122,0.009,0.008,0.032,0.064,0.059,0.067
123.022,0.287,-0.080,0.110,-0.005,-0.005,0.042,0.047,0.046,0.076
123.033,0.091,-0.039,0.110,-0.000,-0.001,0.047,0.051,0.050,0.080
123.043,0.135,0.169,0.118,-0.009,-0.009,0.046,0.045,0.042,0.079
123.054,1.123,0.086,0.109,0.024,0.024,0.057,0.076,0.076,0.089
123.065,0.251,0.254,0.125,0.039,0.037,0.071,0.094,0.088,0.102
123.075,0.863,0.128,0.126,0.050,0.048,0.078,0.104,0.098,0.108
123.086,-0.263,0.044,0.129,0.041,0.039,0.082,0.095,0.089,0.111
123.096,-0.207,-0.039,0.126,0.039,0.038,0.081,0.092,0.086,0.109
123.107,-0.847,0.086,0.134,0.022,0.020,0.075,0.077,0.069,0.103
123.117,0.087,-0.080,0.132,0.024,0.022,0.068,0.078,0.071,0.096
123.128,-0.784,-0.122,0.125,0.023,0.022,0.070,0.075,0.071,0.096
123.138,-0.623,0.128,0.131,0.028,0.027,0.067,0.081,0.075,0.093
123.149,0.387,0.127,0.121,0.047,0.046,0.069,0.096,0.094,0.094
123.159,0.761,0.086,0.122,0.060,0.059,0.077,0.108,0.106,0.102
123.170,0.464,-0.122,0.123,0.056,0.055,0.085,0.104,0.101,0.109
123.180,-0.987,0.044,0.115,0.018,0.018,0.078,0.063,0.063,0.101
123.191,-0.733,0.044,0.121,0.015,0.014,0.070,0.062,0.060,0.092
123.201,-0.489,0.210,0.125,0.012,0.011,0.063,0.060,0.057,0.085
123.212,-0.454,0.253,0.112,0.013,0.012,0.060,0.057,0.058,0.081
123.223,-0.222,0.002,0.107,0.009,0.009,0.058,0.052,0.054,0.079
123.233,-1.028,0.044,0.107,-0.004,-0.004,0.055,0.038,0.040,0.075
123.244,-0.871,0.170,0.113,-0.019,-0.019,0.042,0.026,0.026,0.062
123.254,-2.405,0.337,0.110,-0.054,-0.054,0.028,-0.008,-0.007,0.048
123.265,-2.116,0.252,0.112,-0.079,-0.079,0.004,-0.031,-0.030,0.025
123.275,-1.545,0.211,0.119,-0.076,-0.076,-0.009,-0.024,-0.025,0.012
123.286,0.636,-0.081,0.117,-0.045,-0.046,-0.009,0.007,0.006,0.013
123.296,0.918,-0.039,0.116,-0.025,-0.026,0.002,0.028,0.027,0.026
123.307,0.242,0.044,0.113,-0.021,-0.021,0.012,0.031,0.032,0.037
123.317,1.061,0.169,0.105,-0.000,0.000,0.023,0.050,0.053,0.048
123.328,-0.588,-0.205,0.091,-0.003,-0.001,0.032,0.043,0.051,0.057
123.338,-0.576,0.086,0.093,0.007,0.008,0.031,0.054,0.060,0.055
123.349,-0.416,0.254,0.098,0.021,0.022,0.033,0.068,0.073,0.057
123.359,-0.130,0.170,0.093,0.020,0.021,0.031,0.064,0.070,0.055
123.370,0.226,0.086,0.095,0.006,0.007,0.028,0.051,0.056,0.052
123.380,1.118,0.086,0.093,0.026,0.027,0.034,0.069,0.075,0.057
123.391,1.711,0.294,0.094,0.058,0.060,0.054,0.101,0.106,0.076
123.402,1.757,0.211,0.105,0.073,0.073,0.071,0.116,0.117,0.092
123.412,0.789,0.127,0.107,0.073,0.073,0.085,0.114,0.115,0.105
123.423,0.090,0.002,0.094,0.057,0.058,0.089,0.093,0.098,0.107
123.433,0.601,0.128,0.100,0.059,0.059,0.092,0.095,0.098,0.108
123.444,-0.046,0.337,0.112,0.043,0.043,0.095,0.082,0.081,0.109
123.454,-0.826,0.044,0.109,0.027,0.027,0.091,0.064,0.064,0.105
123.465,-0.540,0.002,0.118,0.033,0.032,0.087,0.072,0.069,0.099
123.476,0.036,0.254,0.118,0.058,0.057,0.091,0.096,0.093,0.102
123.486,-0.518,0.128,0.111,0.051,0.050,0.094,0.085,0.084,0.104
123.497,-0.744,0.044,0.108,0.061,0.061,0.093,0.093,0.094,0.102
123.507,-0.597,0.044,0.109,0.057,0.057,0.089,0.089,0.089,0.097
123.517,-0.268,0.127,0.114,0.056,0.056,0.084,0.088,0.086,0.091
123.528,-0.545,0.253,0.117,0.048,0.048,0.081,0.080,0.077,0.087
123.538,0.061,0.086,0.110,0.056,0.056,0.079,0.084,0.084,0.084
123.548,-0.131,-0.039,0.107,0.053,0.053,0.081,0.079,0.080,0.086
123.559,-0.097,-0.164,0.110,0.048,0.047,0.080,0.074,0.074,0.084
123.569,-0.442,0.170,0.112,0.030,0.030,0.076,0.057,0.056,0.079
123.579,-0.108,0.086,0.108,0.030,0.030,0.072,0.055,0.056,0.074
123.590,0.023,-0.081,0.108,0.028,0.028,0.072,0.053,0.053,0.074
123.600,-0.290,0.169,0.111,0.028,0.028,0.073,0.053,0.053,0.074
123.610,-0.720,2.758,0.116,0.019,0.019,0.069,0.045,0.043,0.069
123.621,0.378,0.378,0.080,0.047,0.050,0.072,0.064,0.073,0.072
123.631,-0.157,-1.002,0.061,0.031,0.035,0.074,0.042,0.058,0.073
123.641,0.680,0.125,-0.016,0.045,0.054,0.077,0.035,0.074,0.073
123.652,1.416,-1.256,0.013,0.056,0.064,0.085,0.052,0.081,0.079
123.662,1.027,1.009,-0.020,0.042,0.052,0.095,0.027,0.065,0.085
123.673,0.724,-0.655,-0.026,0.049,0.059,0.106,0.029,0.070,0.092
123.683,-0.041,-1.249,0.002,0.045,0.053,0.111,0.029,0.061,0.095
123.693,0.395,-0.761,-0.054,0.059,0.072,0.115,0.028,0.076,0.095
123.704,0.234,1.091,0.001,0.068,0.077,0.120,0.047,0.078,0.097
123.714,-0.176,5.190,0.106,0.069,0.070,0.122,0.071,0.069,0.097
123.724,-0.616,0.980,0.174,0.056,0.051,0.117,0.074,0.051,0.092
123.735,-0.869,-4.091,0.129,0.050,0.051,0.114,0.054,0.052,0.090
123.745,-0.714,-3.130,0.092,0.040,0.043,0.106,0.036,0.045,0.082
123.756,-0.434,-0.363,0.060,0.052,0.057,0.104,0.039,0.057,0.078
123.766,-1.135,-1.473,-0.018,0.024,0.036,0.097,-0.009,0.034,0.069
123.776,-1.177,-2.306,-0.093,0.006,0.024,0.087,-0.046,0.019,0.056
123.787,-1.082,-13.630,-0.408,-0.031,0.012,0.075,-0.168,0.001,0.037
123.797,-0.607,-9.764,-0.669,-0.056,0.008,0.064,-0.262,-0.013,0.015
123.807,-0.778,3.926,-0.658,-0.051,0.012,0.059,-0.265,-0.024,-0.004
123.818,-0.240,-3.090,-0.520,-0.052,0.000,0.047,-0.238,-0.047,-0.028
123.828,0.167,0.255,-0.458,-0.026,0.020,0.046,-0.201,-0.036,-0.037
123.839,-0.851,1.145,-0.458,-0.049,-0.002,0.042,-0.229,-0.068,-0.050
123.849,-0.981,3.272,-0.487,-0.067,-0.018,0.028,-0.258,-0.093,-0.073
123.859,-0.985,2.433,-0.742,-0.092,-0.023,0.015,-0.347,-0.111,-0.099
123.870,-1.516,7.466,-0.716,-0.122,-0.055,-0.003,-0.379,-0.155,-0.130
123.880,-1.332,7.799,-0.719,-0.125,-0.058,-0.019,-0.390,-0.170,-0.158
123.891,-2.008,-5.656,-0.557,-0.143,-0.088,-0.036,-0.376,-0.207,-0.182
123.901,-0.912,-7.084,-0.598,-0.129,-0.070,-0.048,-0.376,-0.196,-0.201
123.911,-0.312,-6.193,-0.695,-0.139,-0.073,-0.059,-0.413,-0.207,-0.219
123.922,-0.433,7.995,-0.774,-0.129,-0.056,-0.059,-0.429,-0.202,-0.230
123.932,-0.984,13.997,-0.647,-0.154,-0.090,-0.072,-0.431,-0.246,-0.252
123.942,-1.254,4.861,-0.627,-0.172,-0.111,-0.084,-0.447,-0.274,-0.272
123.953,-1.519,0.043,-0.586,-0.201,-0.143,-0.101,-0.470,-0.312,-0.295
123.963,-1.716,4.600,-0.720,-0.253,-0.183,-0.126,-0.558,-0.361,-0.328
123.974,-1.790,13.775,-0.809,-0.295,-0.218,-0.153,-0.626,-0.406,-0.366
123.984,-0.926,12.539,-0.681,-0.285,-0.218,-0.171,-0.590,-0.416,-0.394
123.994,0.013,-0.037,-0.703,-0.271,-0.202,-0.177,-0.583,-0.406,-0.407
124.005,-0.451,5.867,-0.546,-0.255,-0.200,-0.176,-0.531,-0.410,-0.411
124.015,-0.474,7.403,-0.368,-0.263,-0.222,-0.186,-0.493,-0.433,-0.421
124.026,-0.912,-1.031,-0.222,-0.276,-0.247,-0.196,-0.468,-0.454,-0.427
124.036,-0.801,-4.147,-0.163,-0.281,-0.258,-0.203,-0.453,-0.458,-0.428
124.046,-1.043,-3.488,-0.237,-0.282,-0.253,-0.208,-0.466,-0.446,-0.426
124.057,-1.345,2.398,-0.392,-0.299,-0.257,-0.217,-0.514,-0.447,-0.432
124.067,-0.773,1.510,-0.400,-0.308,-0.266,-0.231,-0.523,-0.454,-0.444
124.077,-1.410,1.329,-0.517,-0.325,-0.273,-0.240,-0.563,-0.462,-0.453
124.088,-0.956,5.346,-0.536,-0.321,-0.269,-0.251,-0.564,-0.460,-0.466
124.098,-1.658,3.375,-0.511,-0.340,-0.290,-0.265,-0.575,-0.483,-0.482
124.109,-1.102,-0.609,-0.396,-0.342,-0.301,-0.286,-0.549,-0.493,-0.502
124.119,0.456,0.244,-0.372,-0.309,-0.269,-0.288,-0.507,-0.459,-0.500
124.129,-0.336,8.102,-0.364,-0.323,-0.284,-0.285,-0.516,-0.472,-0.495
124.140,-0.306,7.333,-0.455,-0.334,-0.289,-0.288,-0.546,-0.479,-0.499
124.150,1.173,2.305,-0.464,-0.278,-0.232,-0.282,-0.493,-0.425,-0.495
124.161,0.345,-5.231,-0.532,-0.296,-0.244,-0.276,-0.526,-0.438,-0.489
124.171,0.209,9.463,-0.556,-0.301,-0.246,-0.273,-0.540,-0.441,-0.486
124.181,0.232,1.919,-0.433,-0.302,-0.256,-0.275,-0.516,-0.452,-0.487
124.192,0.867,-4.064,-0.509,-0.301,-0.248,-0.273,-0.534,-0.445,-0.486
124.202,1.221,6.026,-0.618,-0.300,-0.238,-0.263,-0.558,-0.437,-0.476
124.213,0.406,17.037,-0.573,-0.301,-0.243,-0.254,-0.549,-0.448,-0.473
124.223,-0.885,-6.530,-0.643,-0.339,-0.275,-0.260,-0.606,-0.484,-0.483
124.233,-1.294,1.291,-0.574,-0.342,-0.284,-0.271,-0.592,-0.494,-0.495
124.244,-1.573,8.383,-0.445,-0.383,-0.337,-0.296,-0.598,-0.549,-0.521
124.254,-0.567,-3.384,-0.324,-0.365,-0.330,-0.308,-0.547,-0.538,-0.529
124.264,0.295,-2.970,-0.187,-0.334,-0.310,-0.307,-0.482,-0.512,-0.522
124.275,0.196,-11.737,-0.349,-0.352,-0.312,-0.304,-0.535,-0.507,-0.512
124.285,1.819,16.408,-0.315,-0.296,-0.258,-0.292,-0.473,-0.450,-0.497
124.296,2.211,-3.076,-0.448,-0.274,-0.222,-0.273,-0.487,-0.417,-0.478
124.306,2.030,-2.041,-0.437,-0.254,-0.205,-0.251,-0.460,-0.399,-0.455
124.317,1.107,-3.082,-0.472,-0.255,-0.203,-0.231,-0.470,-0.397,-0.433
124.328,0.588,5.241,-0.457,-0.258,-0.207,-0.222,-0.468,-0.401,-0.424
124.338,0.036,18.113,-0.308,-0.224,-0.200,-0.214,-0.364,-0.399,-0.420
124.349,0.657,-16.029,-0.303,-0.183,-0.159,-0.208,-0.324,-0.355,-0.410
124.360,0.268,-4.233,-0.328,-0.209,-0.176,-0.206,-0.371,-0.372,-0.406
124.370,0.457,10.463,0.046,-0.158,-0.155,-0.199,-0.240,-0.347,-0.394
124.381,1.234,-11.256,-0.239,-0.151,-0.129,-0.188,-0.279,-0.315,-0.376
124.391,0.354,-9.506,-0.261,-0.140,-0.111,-0.170,-0.285,-0.296,-0.356
124.401,1.287,-8.103,-0.309,-0.125,-0.097,-0.162,-0.268,-0.279,-0.343
124.412,1.624,34.635,-0.063,-0.085,-0.098,-0.148,-0.120,-0.281,-0.329
124.422,0.846,2.010,-0.325,-0.103,-0.080,-0.126,-0.234,-0.260,-0.304
124.433,2.578,-19.727,-0.619,-0.140,-0.082,-0.113,-0.368,-0.267,-0.295
124.443,7.976,-25.916,-0.622,0.024,0.069,-0.071,-0.173,-0.121,-0.257
124.454,7.815,23.651,-0.036,0.083,0.115,-0.000,-0.082,-0.078,-0.187
124.464,12.229,1.571,-0.151,0.330,0.393,0.126,0.081,0.196,-0.059
124.475,18.492,17.233,-0.282,0.554,0.632,0.274,0.256,0.424,0.083
124.485,21.694,-41.132,-0.919,0.806,0.966,0.493,0.277,0.735,0.287
124.495,29.248,-0.707,-0.899,1.152,1.325,0.735,0.566,1.062,0.505
124.506,33.783,-26.588,-0.720,1.643,1.820,1.081,1.018,1.517,0.823
124.516,32.925,19.390,0.236,1.944,2.085,1.403,1.391,1.750,1.126
124.527,31.358,20.816,0.439,2.252,2.368,1.732,1.742,2.005,1.436
124.537,28.136,11.522,0.340,2.411,2.582,2.028,1.737,2.191,1.713
124.548,24.769,15.398,0.183,2.565,2.761,2.291,1.801,2.332,1.946
124.558,17.913,-29.946,-0.360,2.654,2.862,2.500,1.829,2.393,2.119
124.569,11.724,-4.435,-0.240,2.658,2.867,2.636,1.795,2.351,2.212
124.579,4.891,-8.308,-0.182,2.574,2.778,2.698,1.696,2.224,2.234
124.590,-1.628,8.683,0.109,2.425,2.613,2.687,1.563,2.024,2.184
124.600,-7.834,22.142,0.886,2.206,2.385,2.619,1.362,1.779,2.095
124.611,-11.248,-1.976,0.490,1.932,2.172,2.496,0.924,1.550,1.949
124.621,-13.248,-2.457,0.208,1.750,2.002,2.357,0.711,1.365,1.787
124.632,-9.568,-28.818,-0.368,1.636,1.925,2.210,0.494,1.266,1.610
124.643,-7.619,0.531,0.109,1.626,1.865,2.104,0.609,1.188,1.481
124.654,-11.720,30.967,0.714,1.459,1.643,1.982,0.588,0.962,1.347
124.665,-9.526,10.344,0.522,1.386,1.594,1.862,0.461,0.911,1.219
124.676,-13.618,-17.915,0.090,1.139,1.386,1.728,0.118,0.698,1.074
124.687,-15.806,-1.872,0.163,0.907,1.151,1.551,-0.096,0.461,0.887
124.698,-18.149,15.912,0.281,0.655,0.888,1.351,-0.302,0.202,0.684
124.709,-22.855,-13.475,0.120,0.341,0.588,1.125,-0.632,-0.087,0.458
124.720,-25.638,-27.904,-0.264,-0.015,0.258,0.851,-1.039,-0.407,0.183
124.731,-30.244,-13.163,-0.018,-0.418,-0.176,0.533,-1.334,-0.825,-0.129
124.742,-34.699,29.503,0.741,-0.790,-0.622,0.185,-1.479,-1.239,-0.458
124.752,-36.921,24.933,1.177,-1.172,-1.054,-0.191,-1.685,-1.621,-0.799
124.763,-39.135,-0.972,1.003,-1.583,-1.465,-0.579,-2.043,-1.975,-1.145
124.773,-37.508,-17.908,0.634,-1.950,-1.801,-0.964,-2.427,-2.255,-1.487
124.784,-36.966,-27.396,0.409,-2.360,-2.181,-1.343,-2.854,-2.578,-1.823
124.794,-34.838,24.858,1.398,-2.631,-2.494,-1.710,-2.947,-2.823,-2.133
124.805,-33.935,35.210,2.326,-2.963,-2.857,-2.055,-3.108,-3.093,-2.397
124.816,-30.908,-6.886,2.091,-3.242,-3.096,-2.371,-3.388,-3.233,-2.623
124.827,-27.264,-15.768,1.300,-3.490,-3.282,-2.671,-3.698,-3.331,-2.845
124.839,-21.777,-19.964,0.772,-3.643,-3.412,-2.921,-3.824,-3.383,-3.023
124.850,-15.878,0.701,0.916,-3.671,-3.460,-3.103,-3.717,-3.357,-3.133
124.861,-12.679,8.586,0.920,-3.739,-3.520,-3.234,-3.725,-3.342,-3.192
124.873,-8.505,-25.476,0.459,-3.797,-3.505,-3.322,-3.883,-3.259,-3.211
124.883,-3.296,-47.821,-0.201,-3.817,-3.445,-3.368,-4.030,-3.143,-3.200
124.894,2.200,8.869,0.094,-3.698,-3.323,-3.350,-3.851,-2.972,-3.129
124.905,7.584,36.701,1.077,-3.484,-3.169,-3.276,-3.417,-2.760,-2.992
124.916,12.821,12.301,1.381,-3.173,-2.881,-3.123,-2.973,-2.404,-2.764
124.927,19.501,5.138,0.935,-2.833,-2.499,-2.900,-2.672,-1.972,-2.482
124.938,20.562,-10.859,0.358,-2.565,-2.199,-2.640,-2.430,-1.637,-2.176
124.950,32.692,-5.693,0.065,-2.006,-1.627,-2.316,-1.870,-1.046,-1.819
124.961,34.260,-5.930,-0.080,-1.550,-1.156,-1.907,-1.428,-0.568,-1.389
124.973,37.484,-9.253,-0.346,-1.084,-0.656,-1.485,-1.032,-0.074,-0.957
124.984,38.306,-19.450,-0.724,-0.663,-0.197,-1.047,-0.702,0.364,-0.522
124.996,40.831,-34.606,-0.812,-0.178,0.319,-0.586,-0.303,0.850,-0.074
125.006,38.392,9.759,-0.526,0.201,0.701,-0.159,0.060,1.194,0.331
125.018,39.457,36.473,0.384,0.672,1.129,0.278,0.620,1.591,0.751
125.029,36.914,39.587,0.996,1.068,1.528,0.724,1.001,1.963,1.185
125.040,32.614,10.358,0.376,1.305,1.832,1.117,1.068,2.233,1.557
125.052,35.079,-23.550,-0.682,1.617,2.259,1.493,1.078,2.605,1.890
125.063,32.683,-56.629,-1.496,1.839,2.581,1.858,1.024,2.854,2.194
125.075,31.527,-44.866,-1.853,2.093,2.887,2.199,1.106,3.074,2.460
125.086,28.889,-25.247,-1.771,2.332,3.139,2.517,1.263,3.238,2.698
125.098,27.441,17.043,-0.978,2.651,3.393,2.809,1.692,3.408,2.915
125.109,19.826,21.616,-0.458,2.740,3.435,3.040,1.851,3.379,3.081
125.120,11.899,1.102,-0.559,2.755,3.445,3.206,1.838,3.320,3.181
125.132,7.771,-13.809,-1.001,2.710,3.422,3.280,1.700,3.225,3.183
125.143,1.765,-29.520,-1.412,2.590,3.325,3.305,1.478,3.053,3.132
125.154,-5.094,-30.412,-1.584,2.320,3.070,3.232,1.132,2.725,2.981
125.166,-7.752,-17.775,-1.234,2.203,2.905,3.128,1.092,2.495,2.807
125.177,-16.375,0.086,-0.845,1.849,2.510,2.951,0.804,2.049,2.569
125.189,-19.807,4.675,-0.627,1.584,2.224,2.725,0.568,1.723,2.293
125.200,-23.794,-10.172,-0.704,1.232,1.865,2.451,0.221,1.330,1.975
125.211,-25.339,-12.524,-0.745,0.890,1.514,2.145,-0.106,0.952,1.630
125.223,-28.184,-9.635,-0.614,0.547,1.148,1.826,-0.399,0.568,1.279
125.234,-29.208,1.395,-0.268,0.196,0.763,1.472,-0.662,0.176,0.905
125.246,-31.563,4.891,0.105,-0.179,0.375,1.121,-0.991,-0.205,0.547
125.257,-33.588,4.630,0.289,-0.613,-0.064,0.732,-1.383,-0.628,0.162
125.268,-35.045,1.582,0.387,-1.023,-0.479,0.343,-1.743,-1.016,-0.213
125.280,-35.761,-6.395,0.236,-1.453,-0.894,-0.054,-2.165,-1.398,-0.593
125.291,-38.431,-23.651,0.121,-1.929,-1.354,-0.467,-2.628,-1.821,-0.982
125.302,-39.512,-29.455,0.084,-2.424,-1.828,-0.911,-3.117,-2.251,-1.396
125.314,-42.145,10.928,0.774,-2.873,-2.303,-1.356,-3.436,-2.670,-1.799
125.325,-42.999,29.613,1.769,-3.334,-2.832,-1.832,-3.654,-3.120,-2.212
125.337,-38.491,45.056,2.315,-3.639,-3.155,-2.265,-3.816,-3.349,-2.564
125.348,-35.054,36.138,2.386,-3.897,-3.430,-2.643,-3.928,-3.523,-2.852
125.360,-30.518,12.208,2.048,-4.123,-3.648,-2.979,-4.073,-3.642,-3.097
125.371,-26.924,-1.495,1.618,-4.329,-3.832,-3.262,-4.228,-3.732,-3.294
125.383,-23.568,12.298,1.514,-4.519,-4.014,-3.517,-4.341,-3.824,-3.463
125.394,-18.070,4.278,1.171,-4.621,-4.081,-3.710,-4.427,-3.805,-3.573
125.404,-12.291,-19.996,0.752,-4.606,-4.055,-3.840,-4.367,-3.717,-3.642
125.415,-3.263,-16.905,0.796,-4.400,-3.857,-3.887,-4.081,-3.462,-3.629
125.426,1.438,-11.997,0.779,-4.264,-3.703,-3.863,-3.924,-3.255,-3.548
125.437,6.229,-3.330,0.860,-4.090,-3.498,-3.789,-3.763,-2.999,-3.417
125.448,9.671,16.878,1.146,-3.864,-3.274,-3.665,-3.473,-2.726,-3.235
125.459,12.322,23.778,1.432,-3.626,-3.074,-3.513,-3.092,-2.477,-3.027
125.470,12.851,15.252,1.546,-3.449,-2.902,-3.345,-2.850,-2.258,-2.803
125.481,15.057,7.822,1.531,-3.212,-2.646,-3.153,-2.606,-1.959,-2.558
125.492,12.382,3.059,1.406,-3.159,-2.557,-2.979,-2.582,-1.831,-2.336
125.503,6.814,-3.539,1.234,-3.228,-2.586,-2.847,-2.694,-1.824,-2.162
125.514,-1.633,-4.681,1.187,-3.429,-2.782,-2.802,-2.861,-1.983,-2.077
125.525,-14.855,-0.785,1.173,-3.832,-3.180,-2.867,-3.222,-2.342,-2.103
125.536,-26.085,26.868,1.872,-4.321,-3.707,-3.069,-3.566,-2.819,-2.261
125.547,-36.295,31.153,2.577,-4.836,-4.240,-3.368,-3.970,-3.286,-2.503
125.558,-46.625,4.002,2.249,-5.642,-4.971,-3.800,-4.853,-3.942,-2.873
125.569,-56.827,-38.126,1.177,-6.543,-5.767,-4.333,-5.895,-4.665,-3.349
125.581,-63.228,-34.855,0.680,-7.375,-6.558,-4.967,-6.726,-5.383,-3.928
125.592,-71.755,-21.954,0.653,-8.340,-7.515,-5.684,-7.608,-6.259,-4.585
125.603,-79.504,23.954,1.026,-9.303,-8.504,-6.466,-8.400,-7.153,-5.295
125.613,-82.197,0.482,1.090,-10.176,-9.387,-7.284,-9.128,-7.927,-6.028
125.625,-79.792,8.989,1.237,-10.947,-10.164,-8.148,-9.720,-8.558,-6.776
125.636,-74.721,29.471,1.570,-11.599,-10.849,-8.948,-10.125,-9.086,-7.444
125.647,-66.379,22.375,1.970,-12.011,-11.293,-9.604,-10.287,-9.359,-7.952
125.658,-56.656,-0.709,1.252,-12.479,-11.638,-10.165,-10.833,-9.535,-8.362
125.669,-40.736,-2.150,0.492,-12.653,-11.707,-10.628,-11.056,-9.453,-8.686
125.679,-28.666,-23.269,0.011,-12.643,-11.656,-10.895,-11.003,-9.292,-8.847
125.690,-15.975,-12.964,0.115,-12.493,-11.492,-11.047,-10.755,-9.024,-8.895
125.701,-6.408,6.828,0.326,-12.245,-11.245,-11.081,-10.375,-8.675,-8.824
125.712,4.012,28.082,0.573,-11.840,-10.908,-11.012,-9.705,-8.240,-8.649
125.723,14.112,23.961,0.985,-11.412,-10.480,-10.831,-9.163,-7.719,-8.363
125.734,22.828,39.069,1.647,-10.794,-9.903,-10.525,-8.349,-7.049,-7.951
125.744,32.338,-30.087,1.136,-10.224,-9.301,-10.159,-7.747,-6.363,-7.483
125.754,45.867,-30.733,0.304,-9.409,-8.454,-9.678,-6.920,-5.456,-6.922
125.765,55.744,-13.861,0.425,-8.503,-7.550,-9.039,-5.947,-4.509,-6.215
125.776,65.106,23.588,0.870,-7.523,-6.562,-8.294,-4.930,-3.487,-5.408
125.786,66.723,42.467,1.702,-6.681,-5.803,-7.551,-3.865,-2.695,-4.604
125.797,76.256,-23.700,0.886,-5.694,-4.777,-6.763,-2.930,-1.654,-3.772
125.807,83.314,-17.288,0.256,-4.635,-3.684,-5.858,-1.936,-0.572,-2.846
125.819,88.298,-28.110,-0.240,-3.489,-2.494,-4.782,-0.899,0.580,-1.765
125.829,91.916,-18.930,-0.596,-2.505,-1.466,-3.844,-0.039,1.555,-0.846
125.841,93.264,-8.281,-0.148,-1.356,-0.337,-2.708,1.097,2.607,0.252
125.853,93.331,-24.449,0.078,-0.220,0.795,-1.558,2.176,3.654,1.355
125.863,95.375,17.135,0.300,0.782,1.784,-0.597,3.143,4.561,2.266
125.873,98.133,-10.582,0.118,1.849,2.844,0.404,4.147,5.527,3.205
125.883,97.584,-2.042,0.162,2.878,3.859,1.422,5.113,6.433,4.145
125.894,94.818,17.112,0.433,3.800,4.750,2.402,5.997,7.209,5.039
125.905,89.784,12.106,0.811,4.671,5.601,3.402,6.779,7.912,5.924
125.916,81.810,18.734,1.265,5.487,6.384,4.374,7.522,8.544,6.774
125.928,69.388,24.512,1.510,6.009,6.925,5.225,7.866,8.931,7.496
125.939,62.210,13.816,1.287,6.493,7.458,5.935,8.107,9.308,8.069
125.951,52.534,-10.152,0.430,6.774,7.849,6.556,8.008,9.527,8.533
125.962,39.570,-53.388,-0.499,6.858,8.066,7.042,7.659,9.558,8.846
125.974,25.496,-45.475,-1.262,6.729,8.057,7.354,7.119,9.354,8.968
125.985,15.400,-31.981,-1.880,6.599,7.989,7.521,6.698,9.086,8.936
125.997,6.280,-36.332,-2.420,6.390,7.814,7.566,6.258,8.710,8.776
126.008,-2.844,-10.251,-1.874,6.142,7.517,7.501,5.960,8.222,8.515
126.020,-9.036,1.001,-1.015,5.907,7.215,7.366,5.728,7.754,8.203
126.031,-16.076,-2.352,-0.529,5.572,6.823,7.157,5.394,7.218,7.837
126.043,-22.732,-7.483,-0.264,5.153,6.385,6.879,4.911,6.650,7.415
126.054,-33.501,-25.235,-0.085,4.501,5.751,6.503,4.132,5.903,6.907
126.066,-37.924,-23.885,-0.026,3.888,5.182,6.045,3.356,5.236,6.331
126.077,-46.610,-8.979,0.310,3.213,4.487,5.519,2.667,4.460,5.702
126.089,-52.877,9.906,0.703,2.539,3.770,4.923,2.045,3.680,5.020
126.100,-57.812,20.040,1.261,1.846,2.993,4.261,1.504,2.863,4.293
126.112,-58.822,43.308,1.870,1.206,2.265,3.571,1.041,2.118,3.559
126.123,-57.322,39.667,2.401,0.644,1.632,2.901,0.637,1.488,2.868
126.134,-56.684,20.155,2.500,0.007,0.993,2.262,0.028,0.870,2.225
126.145,-53.541,15.298,2.458,-0.519,0.491,1.689,-0.515,0.395,1.656
126.155,-55.246,3.003,1.981,-1.191,-0.132,1.114,-1.245,-0.194,1.094
126.166,-50.871,-27.006,1.209,-1.724,-0.596,0.552,-1.882,-0.627,0.542
126.176,-51.405,-50.423,0.144,-2.293,-1.074,0.029,-2.600,-1.085,0.019
126.187,-50.625,4.198,0.790,-2.748,-1.570,-0.490,-2.927,-1.554,-0.490
126.198,-52.376,25.282,1.160,-3.280,-2.131,-1.016,-3.339,-2.070,-0.989
126.208,-49.533,5.189,1.006,-3.717,-2.563,-1.519,-3.722,-2.452,-1.457
126.219,-50.436,4.864,0.927,-4.259,-3.097,-2.025,-4.213,-2.930,-1.924
126.229,-47.863,-2.671,0.649,-4.773,-3.573,-2.518,-4.730,-3.344,-2.372
126.240,-45.829,-22.254,0.256,-5.221,-3.980,-2.985,-5.187,-3.691,-2.793
126.250,-41.483,-13.778,0.051,-5.523,-4.275,-3.400,-5.427,-3.927,-3.161
126.261,-38.880,20.032,0.324,-5.788,-4.593,-3.781,-5.503,-4.180,-3.488
126.271,-30.796,15.177,0.481,-5.935,-4.779,-4.117,-5.489,-4.296,-3.763
126.282,-28.288,12.198,0.408,-6.141,-4.973,-4.375,-5.637,-4.419,-3.957
126.292,-23.454,-1.881,-0.072,-6.324,-5.100,-4.605,-5.858,-4.479,-4.125
126.303,-11.535,-36.763,-0.640,-6.248,-4.966,-4.742,-5.831,-4.290,-4.208
126.313,-8.267,-20.682,-1.045,-6.158,-4.860,-4.787,-5.715,-4.145,-4.211
126.324,1.973,-0.322,-0.643,-5.898,-4.665,-4.787,-5.263,-3.906,-4.162
126.334,12.505,6.343,-0.279,-5.501,-4.316,-4.661,-4.711,-3.514,-3.985
126.345,16.949,2.904,-0.202,-5.155,-3.981,-4.454,-4.295,-3.142,-3.730
126.355,26.488,22.000,0.103,-4.689,-3.543,-4.186,-3.730,-2.671,-3.415
126.366,32.274,2.187,-0.016,-4.218,-3.078,-3.838,-3.211,-2.180,-3.025
126.376,38.626,-25.944,-0.643,-3.693,-2.515,-3.426,-2.750,-1.608,-2.588
126.387,43.817,-20.561,-0.996,-3.103,-1.911,-2.950,-2.191,-1.011,-2.100
126.398,51.655,-8.104,-1.055,-2.441,-1.260,-2.437,-1.518,-0.383,-1.589
126.408,53.372,-13.715,-0.758,-1.841,-0.658,-1.865,-0.941,0.189,-1.024
126.419,54.117,25.034,-0.114,-1.245,-0.085,-1.283,-0.320,0.732,-0.452
126.429,54.996,30.936,0.543,-0.599,0.546,-0.680,0.330,1.335,0.141
126.440,56.906,-5.128,0.194,-0.020,1.182,-0.079,0.758,1.933,0.725
126.450,55.786,-36.974,-0.368,0.494,1.753,0.514,1.110,2.449,1.283
126.461,56.693,-3.978,-0.040,1.113,2.336,1.099,1.752,2.968,1.823
126.471,53.326,31.980,0.931,1.690,2.826,1.683,2.461,3.397,2.364
126.482,49.628,26.814,1.429,2.150,3.248,2.217,2.952,3.769,2.863
126.492,45.993,13.346,1.071,2.576,3.710,2.728,3.243,4.169,3.327
126.503,43.483,-10.792,0.514,2.911,4.097,3.188,3.400,4.482,3.725
126.513,39.433,-19.951,0.001,3.175,4.399,3.598,3.506,4.698,4.059
126.524,34.902,-4.714,0.046,3.448,4.653,3.959,3.736,4.861,4.337
126.534,27.046,24.361,0.277,3.601,4.763,4.254,3.898,4.882,4.548
126.545,20.019,18.308,0.187,3.659,4.816,4.471,3.886,4.847,4.680
126.556,13.578,-8.897,-0.569,3.633,4.858,4.631,3.624,4.797,4.747
126.566,10.728,-12.248,-1.300,3.554,4.837,4.705,3.330,4.670,4.714
126.577,2.366,-17.186,-1.493,3.411,4.711,4.736,3.058,4.438,4.634
126.587,-2.777,-10.183,-1.553,3.240,4.542,4.684,2.791,4.168,4.475
126.598,-7.671,-24.618,-1.729,3.023,4.345,4.583,2.447,3.872,4.268
126.608,-16.116,1.096,-1.487,2.727,4.028,4.419,2.119,3.464,4.004
126.619,-20.597,36.127,-0.754,2.418,3.661,4.183,1.868,3.024,3.683
126.629,-24.595,20.023,-0.959,2.018,3.295,3.906,1.343,2.596,3.330
126.640,-29.954,-29.293,-2.198,1.475,2.872,3.580,0.490,2.107,2.923
126.650,-28.571,-17.403,-3.131,1.066,2.537,3.223,-0.134,1.691,2.472
126.661,-29.070,-21.905,-3.326,0.706,2.182,2.872,-0.562,1.259,2.029
126.671,-34.676,-39.357,-3.542,0.176,1.679,2.488,-1.200,0.687,1.560
126.682,-34.271,-42.036,-3.720,-0.263,1.288,2.083,-1.785,0.231,1.077
126.692,-35.770,-11.576,-3.206,-0.653,0.881,1.689,-2.166,-0.227,0.616
126.703,-38.333,17.618,-2.655,-1.088,0.399,1.267,-2.515,-0.742,0.145
126.713,-38.939,24.976,-2.496,-1.542,-0.078,0.825,-2.918,-1.241,-0.332
126.724,-39.698,-5.171,-2.940,-1.983,-0.497,0.395,-3.407,-1.676,-0.793
126.734,-38.451,-30.431,-3.772,-2.430,-0.888,-0.039,-3.971,-2.085,-1.261
126.745,-38.605,-34.126,-4.456,-2.895,-1.302,-0.468,-4.549,-2.526,-1.729
126.756,-40.997,-32.120,-4.618,-3.415,-1.808,-0.920,-5.097,-3.053,-2.217
126.766,-41.166,-13.845,-4.356,-3.851,-2.254,-1.371,-5.501,-3.511,-2.693
126.777,-41.016,10.349,-3.659,-4.259,-2.711,-1.822,-5.775,-3.964,-3.152
126.787,-38.966,18.293,-2.930,-4.618,-3.121,-2.259,-5.986,-4.351,-3.578
126.798,-41.370,-0.945,-3.012,-5.080,-3.573,-2.676,-6.418,-4.767,-3.973
126.808,-40.097,-33.536,-3.752,-5.488,-3.915,-3.093,-6.919,-5.076,-4.368
126.819,-34.874,-37.828,-4.389,-5.794,-4.175,-3.486,-7.278,-5.312,-4.745
126.829,-32.054,-17.920,-4.237,-6.081,-4.491,-3.849,-7.457,-5.600,-5.089
126.840,-26.242,-1.898,-3.838,-6.208,-4.670,-4.150,-7.419,-5.743,-5.359
126.850,-22.913,1.632,-3.273,-6.313,-4.824,-4.390,-7.357,-5.853,-5.558
126.862,-20.260,-4.417,-2.675,-6.424,-4.982,-4.609,-7.302,-5.954,-5.723
126.873,-17.712,12.603,-1.694,-6.503,-5.143,-4.804,-7.122,-6.043,-5.848
126.884,-10.093,30.512,-0.855,-6.418,-5.117,-4.929,-6.826,-5.932,-5.889
126.895,-6.249,37.142,0.073,-6.296,-5.057,-4.969,-6.477,-5.776,-5.830
126.906,0.852,19.518,0.793,-6.105,-4.916,-4.957,-6.077,-5.528,-5.708
126.918,7.252,-1.157,1.148,-5.813,-4.656,-4.850,-5.615,-5.158,-5.484
126.929,10.637,-9.277,1.225,-5.608,-4.435,-4.701,-5.349,-4.831,-5.221
126.941,19.827,-25.246,1.063,-5.230,-4.018,-4.476,-4.966,-4.317,-4.889
126.953,24.411,-27.835,0.850,-4.871,-3.604,-4.170,-4.645,-3.821,-4.488
126.963,27.272,18.754,1.263,-4.443,-3.222,-3.840,-4.048,-3.365,-4.071
126.975,28.144,39.768,1.714,-4.024,-2.863,-3.481,-3.432,-2.933,-3.626
126.986,30.921,34.739,2.181,-3.569,-2.438,-3.099,-2.852,-2.436,-3.159
126.998,31.777,20.205,2.399,-3.156,-2.032,-2.697,-2.364,-1.959,-2.674
127.009,35.256,18.115,2.409,-2.680,-1.532,-2.272,-1.886,-1.399,-2.175
127.021,38.477,16.000,2.559,-2.175,-1.018,-1.815,-1.357,-0.832,-1.650
127.032,38.526,29.658,2.893,-1.651,-0.509,-1.321,-0.764,-0.278,-1.096
127.044,38.941,39.245,3.319,-1.126,-0.006,-0.831,-0.158,0.265,-0.551
127.055,40.509,40.691,3.373,-0.651,0.516,-0.338,0.241,0.822,-0.010
127.067,42.484,35.991,3.520,-0.090,1.091,0.180,0.792,1.423,0.550
127.078,44.809,23.344,3.448,0.491,1.701,0.722,1.324,2.050,1.125
127.090,40.940,8.526,3.073,0.924,2.151,1.247,1.723,2.504,1.668
127.101,37.123,1.824,2.556,1.272,2.529,1.710,1.992,2.872,2.134
127.113,30.449,2.583,2.214,1.481,2.762,2.108,2.132,3.082,2.520
127.125,27.552,2.112,1.950,1.702,2.996,2.436,2.296,3.287,2.826
127.136,22.349,10.720,1.980,1.862,3.142,2.716,2.453,3.400,3.077
127.147,13.916,8.635,2.382,1.863,3.112,2.910,2.491,3.342,3.246
127.159,9.055,-1.816,2.733,1.840,3.102,3.036,2.421,3.313,3.352
127.170,1.700,21.960,3.382,1.756,2.979,3.098,2.411,3.180,3.402
127.182,-1.941,3.509,3.891,1.677,2.874,3.098,2.384,3.081,3.400
127.193,-0.980,-17.268,3.828,1.654,2.881,3.094,2.301,3.095,3.398
127.205,-6.221,-23.463,3.586,1.477,2.737,3.066,2.056,2.957,3.369
127.216,-15.615,-28.625,3.176,1.103,2.413,2.948,1.581,2.636,3.244
127.228,-18.442,-18.712,2.684,0.841,2.188,2.762,1.243,2.410,3.046
127.239,-19.230,4.427,2.427,0.582,1.950,2.548,0.941,2.167,2.816
127.251,-25.411,19.503,2.236,0.175,1.568,2.302,0.482,1.782,2.555
127.262,-33.711,30.618,2.297,-0.424,1.020,1.961,-0.212,1.237,2.200
127.274,-34.790,30.369,2.181,-0.879,0.629,1.578,-0.781,0.853,1.808
127.285,-36.483,33.742,2.639,-1.270,0.211,1.189,-1.081,0.455,1.423
127.297,-39.128,18.402,3.335,-1.721,-0.300,0.762,-1.350,-0.014,1.020
127.308,-35.893,-9.190,3.804,-2.020,-0.604,0.376,-1.573,-0.259,0.678
127.319,-37.952,-4.031,4.052,-2.421,-1.032,-0.001,-1.838,-0.617,0.354
127.331,-40.251,-14.542,3.851,-2.852,-1.461,-0.391,-2.197,-0.972,0.023
127.342,-40.535,-30.108,3.321,-3.277,-1.855,-0.792,-2.610,-1.293,-0.320
127.353,-42.670,-40.190,2.766,-3.773,-2.303,-1.214,-3.133,-1.672,-0.688
127.364,-40.459,-41.088,2.352,-4.189,-2.679,-1.640,-3.557,-1.981,-1.064
127.375,-41.930,-27.738,2.247,-4.639,-3.120,-2.054,-3.948,-2.355,-1.424
127.386,-40.610,-11.493,2.279,-5.004,-3.501,-2.474,-4.196,-2.667,-1.788
127.397,-38.338,-7.778,2.084,-5.348,-3.840,-2.870,-4.469,-2.934,-2.125
127.408,-30.139,-22.703,1.435,-5.519,-3.965,-3.195,-4.662,-2.992,-2.393
127.420,-21.985,-37.942,0.649,-5.624,-4.023,-3.439,-4.796,-2.997,-2.589
127.431,-15.267,-39.327,0.126,-5.637,-4.026,-3.605,-4.772,-2.958,-2.716
127.442,-10.668,-25.759,0.059,-5.619,-4.035,-3.711,-4.644,-2.929,-2.784
127.453,-5.542,-21.258,-0.004,-5.516,-3.947,-3.754,-4.461,-2.807,-2.792
127.464,0.386,-32.181,-0.429,-5.398,-3.793,-3.744,-4.384,-2.629,-2.754
127.475,6.054,-26.831,-0.599,-5.230,-3.596,-3.670,-4.246,-2.417,-2.660
127.486,9.883,2.714,-0.247,-5.000,-3.399,-3.550,-3.917,-2.206,-2.519
127.497,16.667,19.454,0.135,-4.650,-3.109,-3.380,-3.409,-1.899,-2.324
127.508,24.918,5.044,-0.024,-4.216,-2.679,-3.115,-2.951,-1.460,-2.040
127.519,28.322,-0.483,-0.186,-3.802,-2.255,-2.781,-2.549,-1.039,-1.695
127.530,31.209,-0.777,-0.362,-3.395,-1.841,-2.425,-2.159,-0.636,-1.337
127.542,36.438,-13.878,-0.696,-2.931,-1.320,-2.021,-1.828,-0.139,-0.942
127.553,35.084,-34.402,-1.066,-2.514,-0.857,-1.592,-1.534,0.285,-0.536
127.564,35.244,-17.504,-1.223,-2.144,-0.475,-1.197,-1.220,0.618,-0.174
127.575,33.598,20.581,-0.642,-1.736,-0.118,-0.799,-0.738,0.927,0.189
127.586,31.371,30.632,0.111,-1.399,0.157,-0.437,-0.300,1.165,0.525
127.597,34.346,18.515,0.410,-0.938,0.581,-0.062,0.209,1.553,0.876
127.608,37.329,12.034,0.552,-0.434,1.069,0.353,0.711,2.000,1.265
127.620,34.420,26.324,0.948,-0.078,1.410,0.771,1.061,2.297,1.650
127.631,31.167,37.595,1.094,0.256,1.767,1.171,1.307,2.605,2.012
127.643,28.506,38.749,1.215,0.510,2.051,1.516,1.456,2.841,2.320
127.654,23.531,29.879,1.254,0.688,2.232,1.817,1.585,2.974,2.580
127.665,17.913,1.722,0.766,0.766,2.324,2.044,1.591,3.014,2.760
127.677,18.354,1.283,0.391,0.994,2.554,2.250,1.762,3.184,2.912
127.688,17.648,-0.679,-0.100,1.148,2.732,2.444,1.802,3.293,3.040
127.700,19.502,15.697,-0.393,1.357,2.960,2.641,1.900,3.441,3.162
127.711,20.044,25.150,-0.544,1.522,3.178,2.850,1.883,3.573,3.291
127.723,21.387,19.981,-0.705,1.704,3.412,3.060,1.881,3.719,3.418
127.734,21.363,-22.581,-1.407,1.912,3.675,3.289,1.891,3.885,3.556
127.746,16.638,-39.506,-2.126,1.983,3.790,3.483,1.782,3.892,3.647
127.757,10.790,-52.540,-2.754,1.925,3.783,3.600,1.520,3.770,3.651
127.769,8.207,-28.621,-2.508,1.883,3.738,3.652,1.395,3.611,3.590
127.780,0.061,10.595,-1.876,1.799,3.574,3.665,1.398,3.345,3.499
127.791,-7.037,35.520,-1.201,1.606,3.310,3.582,1.282,2.995,3.325
127.803,-8.556,38.403,-0.634,1.467,3.133,3.460,1.167,2.747,3.125
127.813,-10.628,-3.003,-0.449,1.323,2.976,3.345,1.012,2.544,2.958
127.824,-14.264,-25.912,-0.944,1.071,2.765,3.203,0.632,2.284,2.762
127.834,-24.105,25.280,-0.835,0.646,2.292,2.983,0.274,1.768,2.490
127.845,-30.067,41.195,-0.428,0.224,1.801,2.665,-0.027,1.245,2.129
127.856,-34.346,6.344,-0.372,-0.224,1.330,2.307,-0.447,0.754,1.738
127.867,-36.702,-3.126,-0.621,-0.688,0.885,1.919,-0.965,0.291,1.319
127.877,-40.727,-37.369,-1.055,-1.234,0.377,1.508,-1.604,-0.230,0.880
127.888,-36.150,-43.042,-1.278,-1.558,0.103,1.090,-2.037,-0.515,0.438
127.898,-31.305,23.779,-0.837,-1.743,-0.099,0.745,-2.190,-0.729,0.071
127.908,-29.551,35.925,-0.450,-1.995,-0.400,0.422,-2.331,-1.028,-0.258
127.919,-17.660,3.007,-0.563,-1.921,-0.323,0.185,-2.257,-0.947,-0.498
127.929,-6.926,-8.710,-1.056,-1.777,-0.129,0.075,-2.217,-0.757,-0.614
127.939,3.295,-41.852,-1.590,-1.591,0.114,0.054,-2.159,-0.527,-0.648
127.950,21.911,-18.936,-2.020,-0.988,0.741,0.191,-1.624,0.072,-0.531
127.960,38.063,6.246,-1.849,-0.235,1.462,0.501,-0.831,0.758,-0.243
127.970,54.187,1.392,-1.641,0.717,2.391,0.987,0.132,1.643,0.217
127.981,67.423,21.694,-1.237,1.692,3.329,1.604,1.139,2.529,0.804
127.991,82.689,16.742,-0.893,2.880,4.475,2.370,2.357,3.616,1.539
128.001,97.252,-0.502,-0.901,4.165,5.753,3.285,3.585,4.820,2.412
128.012,112.348,-22.383,-1.355,5.588,7.205,4.348,4.856,6.179,3.418
128.022,123.954,-28.470,-1.451,7.057,8.705,5.543,6.151,7.565,4.537
128.032,131.282,20.716,-0.643,8.569,10.157,6.827,7.662,8.889,5.736
128.043,138.546,30.955,0.122,10.192,11.716,8.210,9.282,10.317,7.030
128.053,139.850,-30.124,-0.717,11.496,13.115,9.600,10.243,11.564,8.311
128.064,141.867,-38.866,-1.593,12.835,14.551,10.992,11.206,12.820,9.564
128.074,149.568,13.494,-1.075,14.509,16.186,12.431,12.771,14.257,10.849
128.084,151.224,21.137,-0.640,16.021,17.665,13.900,14.148,15.531,12.156
128.095,157.128,-22.222,-0.895,17.619,19.293,15.398,15.465,16.937,13.476
128.105,156.874,-2.093,-0.939,19.112,20.782,16.918,16.731,18.185,14.798
128.116,154.499,1.032,-0.943,20.551,22.213,18.440,17.938,19.362,16.106
128.126,152.674,-10.154,-1.129,21.938,23.601,19.898,19.060,20.482,17.335
128.136,151.862,10.207,-0.893,23.354,24.998,21.337,20.236,21.598,18.530
128.147,147.404,-6.700,-1.073,24.588,26.244,22.732,21.159,22.554,19.670
128.157,140.932,-17.525,-1.301,25.712,27.368,24.053,21.982,23.375,20.719
128.167,134.688,40.938,-0.252,26.866,28.418,25.301,23.044,24.121,21.691
128.178,127.234,4.516,0.014,27.866,29.408,26.487,23.762,24.810,22.602
128.188,115.575,-41.796,-0.668,28.573,30.216,27.591,23.954,25.305,23.414
128.199,101.489,-5.440,-0.728,29.165,30.806,28.568,24.237,25.579,24.091
128.210,84.266,-18.912,-0.931,29.453,31.119,29.361,24.161,25.577,24.577
128.221,70.000,34.303,-0.549,29.696,31.318,29.964,24.186,25.465,24.872
128.231,52.035,-48.943,-1.407,29.509,31.240,30.368,23.477,25.082,24.968
128.241,33.991,-10.266,-1.708,29.171,30.984,30.582,22.676,24.518,24.866
128.251,17.828,-5.521,-1.562,28.818,30.613,30.616,22.078,23.855,24.593
128.262,2.799,11.829,-1.278,28.351,30.114,30.497,21.404,23.078,24.176
128.272,-15.211,-17.973,-1.349,27.653,29.399,30.155,20.418,22.037,23.478
128.283,-32.434,-15.548,-0.997,26.801,28.523,29.630,19.317,20.856,22.613
128.294,-46.485,24.075,0.183,25.810,27.479,28.923,18.170,19.547,21.602
128.305,-58.519,-9.127,0.177,24.745,26.434,28.121,16.839,18.274,20.528
128.315,-66.757,-30.288,-0.355,23.637,25.386,27.218,15.399,17.011,19.366
128.326,-77.851,21.154,0.208,22.440,24.160,26.214,14.079,15.598,18.128
128.337,-87.472,15.683,0.301,21.074,22.834,25.102,12.482,14.118,16.813
128.347,-94.591,-6.672,0.062,19.704,21.516,23.912,10.887,12.669,15.441
128.358,-102.310,5.099,0.153,18.386,20.181,22.681,9.505,11.227,14.052
128.369,-108.028,2.099,0.268,16.998,18.765,21.375,8.101,9.734,12.617
128.379,-114.266,-13.344,0.185,15.555,17.318,20.023,6.620,8.235,11.162
128.390,-123.203,-1.967,0.446,14.000,15.730,18.598,5.113,6.625,9.662
128.400,-128.268,-1.007,0.601,12.478,14.186,17.121,3.649,5.089,8.140
128.411,-134.930,6.723,0.910,10.885,12.541,15.595,2.199,3.481,6.598
128.421,-142.565,29.213,1.490,9.175,10.752,13.971,0.720,1.767,4.994
128.432,-147.891,15.132,1.450,7.457,9.023,12.324,-0.875,0.145,3.399
128.443,-153.142,-25.427,0.999,5.648,7.252,10.626,-2.637,-1.498,1.774
128.453,-157.166,-3.792,1.045,3.892,5.497,8.901,-4.252,-3.104,0.143
128.464,-157.518,20.338,1.868,2.235,3.764,7.166,-5.573,-4.650,-1.457
128.474,-158.972,11.752,2.200,0.597,2.096,5.470,-6.944,-6.100,-2.985
128.485,-156.897,5.989,2.225,-1.100,0.400,3.757,-8.413,-7.553,-4.505
128.495,-153.333,-0.805,2.151,-2.667,-1.164,2.088,-9.728,-8.856,-5.958
128.506,-152.505,-2.168,2.123,-4.245,-2.757,0.464,-11.004,-10.167,-7.345
128.516,-144.748,-1.196,2.208,-5.611,-4.146,-1.093,-12.033,-11.255,-8.644
128.527,-137.592,-39.548,2.020,-6.900,-5.377,-2.539,-13.139,-12.173,-9.813
128.537,-132.383,10.281,2.524,-8.155,-6.646,-3.933,-14.047,-13.116,-10.915
128.548,-120.040,29.149,3.591,-9.132,-7.694,-5.226,-14.532,-13.809,-11.881
128.558,-106.027,5.581,3.665,-9.983,-8.541,-6.371,-15.036,-14.285,-12.681
128.569,-95.093,-21.794,3.537,-10.713,-9.237,-7.361,-15.478,-14.613,-13.319
128.580,-90.986,38.131,4.708,-11.360,-9.962,-8.236,-15.596,-14.960,-13.829
128.590,-83.247,25.901,5.001,-12.002,-10.636,-9.062,-15.787,-15.233,-14.266
128.601,-70.998,-19.938,4.385,-12.527,-11.128,-9.795,-16.006,-15.334,-14.616
128.611,-55.304,-4.618,4.085,-12.790,-11.372,-10.364,-15.942,-15.202,-14.811
128.622,-40.016,32.324,4.270,-12.765,-11.379,-10.741,-15.495,-14.838,-14.813
128.633,-26.716,-5.370,3.538,-12.712,-11.299,-10.969,-15.155,-14.404,-14.677
128.643,-20.589,-12.813,3.043,-12.739,-11.301,-11.120,-14.910,-14.072,-14.482
128.654,-14.492,-15.665,2.909,-12.737,-11.293,-11.221,-14.609,-13.743,-14.249
128.664,-3.449,-4.039,2.978,-12.464,-11.020,-11.207,-14.037,-13.161,-13.908
128.675,-0.348,5.885,3.110,-12.289,-10.859,-11.118,-13.544,-12.702,-13.501
128.687,-2.991,4.487,3.267,-12.243,-10.834,-11.034,-13.172,-12.381,-13.104
128.697,3.756,-3.039,3.233,-11.944,-10.535,-10.938,-12.650,-11.855,-12.764
128.707,6.619,-6.886,3.200,-11.718,-10.300,-10.797,-12.233,-11.399,-12.385
128.718,15.884,24.481,3.744,-11.197,-9.809,-10.579,-11.443,-10.697,-11.934
128.728,17.603,22.520,4.082,-10.897,-9.532,-10.325,-10.893,-10.209,-11.448
128.739,26.605,-5.092,3.546,-10.388,-8.962,-9.999,-10.323,-9.443,-10.904
128.750,35.639,-35.367,2.616,-9.756,-8.250,-9.565,-9.688,-8.559,-10.271
128.761,33.737,-1.866,2.422,-9.419,-7.899,-9.139,-9.227,-8.052,-9.665
128.772,34.520,17.986,2.791,-8.909,-7.442,-8.702,-8.459,-7.446,-9.052
128.782,31.414,-12.878,2.552,-8.596,-7.123,-8.292,-8.020,-6.985,-8.477
128.793,31.225,-18.392,2.093,-8.253,-6.747,-7.904,-7.619,-6.481,-7.939
128.803,26.012,24.587,2.774,-7.982,-6.531,-7.549,-7.115,-6.141,-7.437
128.814,12.199,-2.433,2.862,-8.101,-6.648,-7.298,-7.113,-6.130,-7.042
128.824,-6.708,3.760,2.808,-8.547,-7.083,-7.224,-7.460,-6.438,-6.831
128.835,-24.959,14.143,3.019,-9.188,-7.712,-7.348,-7.992,-6.932,-6.817
128.846,-44.677,-12.138,2.796,-10.052,-8.557,-7.673,-8.756,-7.635,-7.004
128.857,-61.708,35.166,3.110,-11.001,-9.564,-8.198,-9.440,-8.490,-7.388
128.868,-84.924,35.344,3.415,-12.332,-10.914,-8.935,-10.570,-9.670,-7.974
128.878,-101.365,-26.229,3.200,-13.716,-12.240,-9.841,-11.892,-10.813,-8.720
128.888,-109.775,5.169,3.205,-14.952,-13.474,-10.858,-12.940,-11.853,-9.569
128.899,-124.336,-7.868,3.011,-16.439,-14.941,-11.985,-14.261,-13.111,-10.518
128.909,-140.080,-14.923,2.762,-18.190,-16.669,-13.314,-15.838,-14.617,-11.660
128.920,-146.402,13.127,2.953,-19.749,-18.240,-14.750,-17.135,-15.951,-12.894
128.931,-151.305,19.004,3.108,-21.400,-19.881,-16.252,-18.550,-17.335,-14.177
128.942,-154.069,-3.759,2.731,-23.018,-21.436,-17.753,-20.023,-18.618,-15.444
128.952,-149.050,-42.104,1.866,-24.421,-22.725,-19.186,-21.376,-19.635,-16.641
128.962,-148.363,1.749,1.842,-25.801,-24.092,-20.592,-22.492,-20.722,-17.802
128.973,-140.193,20.725,2.093,-26.866,-25.181,-21.926,-23.212,-21.519,-18.874
128.983,-136.028,-25.238,1.805,-28.044,-26.308,-23.193,-24.185,-22.347,-19.870
128.994,-125.669,13.683,1.823,-28.950,-27.204,-24.375,-24.797,-22.942,-20.776
129.004,-116.092,33.685,2.337,-29.813,-28.099,-25.496,-25.277,-23.523,-21.605
129.015,-103.575,-8.643,1.825,-30.469,-28.694,-26.478,-25.729,-23.804,-22.286
129.026,-93.594,-39.150,1.043,-31.063,-29.232,-27.337,-26.120,-24.039,-22.852
129.037,-76.493,-22.102,0.872,-31.291,-29.453,-28.050,-26.051,-23.965,-23.275
129.047,-58.609,14.546,1.112,-31.311,-29.513,-28.578,-25.690,-23.735,-23.510
129.058,-42.146,7.988,1.123,-31.214,-29.422,-28.894,-25.282,-23.357,-23.532
129.068,-20.633,-20.816,0.596,-30.845,-29.026,-28.971,-24.616,-22.622,-23.254
129.079,-1.560,-24.229,0.146,-30.266,-28.420,-28.821,-23.762,-21.703,-22.766
129.090,19.548,-12.798,0.212,-29.432,-27.619,-28.471,-22.559,-20.610,-22.094
129.101,41.170,-12.380,0.213,-28.363,-26.548,-27.881,-21.217,-19.271,-21.199
129.112,56.295,-3.085,0.337,-27.255,-25.434,-27.098,-19.866,-17.914,-20.131
129.124,75.703,16.480,0.697,-25.847,-24.042,-26.121,-18.198,-16.305,-18.888
129.135,85.450,20.940,0.872,-24.464,-22.662,-24.983,-16.605,-14.733,-17.506
129.146,98.848,12.029,0.819,-22.970,-21.155,-23.730,-14.961,-13.062,-16.035
129.157,107.719,-10.177,0.272,-21.416,-19.540,-22.356,-13.392,-11.321,-14.477
129.168,117.112,-4.290,-0.036,-19.906,-18.006,-20.983,-11.823,-9.696,-12.955
129.178,126.265,10.296,0.124,-18.236,-16.354,-19.512,-10.040,-7.983,-11.362
129.189,133.953,-6.768,-0.156,-16.578,-14.677,-17.971,-8.378,-6.273,-9.729
129.199,136.362,-27.814,-0.543,-14.943,-13.005,-16.385,-6.804,-4.605,-8.085
129.210,142.063,3.401,-0.279,-13.235,-11.313,-14.771,-5.081,-2.945,-6.442
129.221,143.253,17.105,0.330,-11.525,-9.649,-13.105,-3.317,-1.331,-4.767
129.231,148.181,5.610,0.211,-9.858,-7.949,-11.468,-1.777,0.294,-3.145
129.242,148.775,-26.764,-0.271,-8.243,-6.276,-9.803,-0.371,1.860,-1.530
129.252,148.785,-6.777,-0.389,-6.620,-4.642,-8.152,1.111,3.357,0.040
129.263,147.505,-3.154,-0.555,-5.052,-3.067,-6.524,2.516,4.773,1.561
129.273,148.491,-13.197,-0.822,-3.474,-1.479,-4.924,3.905,6.173,3.026
129.284,147.110,6.855,-0.625,-1.871,0.086,-3.318,5.389,7.529,4.471
129.294,142.806,4.400,-0.697,-0.450,1.497,-1.771,6.618,8.713,5.839
129.305,142.120,-13.864,-1.120,0.996,2.969,-0.238,7.777,9.936,7.165
129.315,137.171,7.218,-1.128,2.355,4.298,1.230,8.938,10.993,8.404
129.326,126.494,33.186,-0.668,3.503,5.387,2.590,9.940,11.805,9.524
129.336,119.040,-47.203,-1.698,4.480,6.474,3.855,10.408,12.597,10.525
129.347,107.307,-16.270,-1.681,5.346,7.364,5.010,10.924,13.174,11.394
129.357,94.645,-11.983,-1.820,6.097,8.116,6.028,11.376,13.611,12.119
129.368,82.791,-34.391,-2.368,6.690,8.740,6.902,11.594,13.905,12.681
129.379,71.626,20.057,-1.987,7.177,9.223,7.662,11.774,14.060,13.124
129.389,59.165,21.067,-1.861,7.503,9.578,8.283,11.738,14.096,13.433
129.400,46.904,-22.379,-2.248,7.708,9.832,8.774,11.539,14.027,13.605
129.410,37.824,10.511,-1.909,7.879,9.971,9.134,11.479,13.849,13.647
129.420,31.244,-3.915,-1.963,7.998,10.084,9.416,11.380,13.715,13.678
129.430,24.447,9.733,-1.781,8.064,10.116,9.625,11.283,13.503,13.638
129.442,22.330,19.818,-1.567,8.241,10.254,9.821,11.261,13.347,13.531
129.453,16.246,-17.892,-1.971,8.185,10.234,9.951,10.913,13.095,13.422
129.463,11.316,-9.130,-2.197,8.137,10.211,10.023,10.590,12.838,13.250
129.473,5.305,5.056,-2.015,7.998,10.069,10.035,10.247,12.473,13.028
129.483,-0.003,7.360,-1.886,7.838,9.879,9.988,9.946,12.066,12.751
129.494,-4.821,42.381,-1.321,7.680,9.647,9.894,9.745,11.630,12.438
129.505,-10.029,17.394,-1.562,7.401,9.363,9.750,9.289,11.151,12.083
129.516,-13.667,-37.602,-2.704,6.985,9.064,9.546,8.449,10.655,11.665
129.527,-17.682,-43.882,-3.417,6.550,8.706,9.292,7.671,10.097,11.194
129.538,-20.862,-16.318,-3.753,6.142,8.323,8.996,7.032,9.517,10.681
129.550,-26.306,-10.485,-4.001,5.661,7.842,8.656,6.380,8.846,10.129
129.560,-29.448,-34.032,-4.168,5.222,7.402,8.283,5.777,8.224,9.555
129.571,-30.331,-20.174,-4.029,4.794,6.947,7.871,5.248,7.599,8.951
129.582,-35.651,7.127,-3.635,4.251,6.350,7.426,4.669,6.846,8.327
129.593,-33.537,27.970,-2.996,3.913,5.952,6.982,4.322,6.308,7.721
129.605,-35.491,37.978,-2.439,3.460,5.439,6.536,3.873,5.671,7.128
129.616,-35.936,35.183,-1.992,3.075,5.000,6.095,3.489,5.122,6.556
129.627,-29.618,28.926,-1.385,2.901,4.775,5.684,3.323,4.802,6.030
129.638,-28.479,7.433,-1.558,2.514,4.414,5.308,2.799,4.353,5.548
129.649,-26.084,-10.757,-1.831,2.229,4.157,4.967,2.375,4.011,5.105
129.660,-23.540,-11.922,-2.013,2.000,3.940,4.660,2.041,3.712,4.700
129.671,-17.242,-18.461,-2.204,1.940,3.893,4.410,1.877,3.583,4.355
129.683,-13.334,-33.399,-2.404,1.795,3.769,4.192,1.616,3.380,4.046
129.694,-7.381,-25.122,-2.440,1.802,3.775,4.035,1.551,3.307,3.802
129.705,-6.607,5.411,-1.874,1.820,3.720,3.933,1.642,3.178,3.619
129.716,2.208,38.101,-1.007,2.091,3.894,3.879,2.038,3.290,3.497
129.727,3.264,26.376,-0.861,2.178,3.936,3.889,2.149,3.274,3.446
129.738,11.322,-8.274,-1.365,2.392,4.166,3.934,2.265,3.443,3.427
129.749,15.077,-20.303,-1.940,2.605,4.416,4.054,2.330,3.623,3.477
129.760,18.864,-14.165,-2.118,2.822,4.634,4.196,2.465,3.766,3.545
129.771,23.892,-6.312,-2.117,3.162,4.969,4.399,2.731,4.021,3.671
129.783,29.772,11.743,-1.903,3.603,5.382,4.673,3.120,4.334,3.849
129.794,30.709,-12.294,-1.785,3.879,5.669,4.946,3.288,4.542,4.048
129.804,30.283,-2.155,-1.613,4.124,5.915,5.213,3.447,4.705,4.238
129.814,31.062,6.126,-1.418,4.441,6.202,5.488,3.735,4.915,4.440
129.824,32.547,-34.477,-1.766,4.704,6.530,5.773,3.782,5.158,4.645
129.835,30.109,15.915,-1.571,4.935,6.743,6.050,3.960,5.286,4.842
129.845,26.186,-45.668,-1.999,5.019,6.879,6.287,3.856,5.335,4.996
129.855,18.625,6.575,-1.696,5.038,6.871,6.466,3.836,5.239,5.086
129.866,14.352,24.385,-0.912,5.097,6.844,6.582,3.982,5.138,5.127
129.877,14.732,-26.727,-1.518,5.208,6.996,6.697,3.933,5.215,5.166
129.889,12.840,-33.017,-2.346,5.214,7.059,6.796,3.718,5.172,5.157
129.901,3.669,-23.802,-2.649,5.044,6.889,6.821,3.433,4.891,5.067
129.912,-3.159,-7.878,-2.517,4.833,6.641,6.740,3.187,4.539,4.876
129.923,-12.475,1.232,-2.083,4.503,6.234,6.567,2.909,4.043,4.602
129.935,-23.232,11.268,-1.483,4.075,5.727,6.298,2.548,3.464,4.248
129.945,-33.781,23.925,-1.074,3.545,5.146,5.934,2.052,2.831,3.815
129.956,-40.851,4.280,-1.139,2.970,4.573,5.487,1.415,2.219,3.310
129.966,-46.534,-9.813,-1.322,2.338,3.977,4.974,0.668,1.592,2.745
129.977,-53.658,-16.084,-1.402,1.615,3.261,4.397,-0.104,0.854,2.125
129.987,-59.667,13.074,-1.168,0.875,2.484,3.751,-0.792,0.072,1.450
129.998,-64.699,-2.525,-1.136,0.181,1.762,3.081,-1.441,-0.641,0.764
130.008,-64.761,-11.946,-1.283,-0.497,1.083,2.373,-2.117,-1.302,0.051
130.019,-67.159,-6.005,-1.082,-1.233,0.315,1.651,-2.776,-2.039,-0.662
130.029,-68.652,14.324,-0.718,-1.980,-0.463,0.909,-3.430,-2.770,-1.380
130.040,-69.419,16.875,-0.214,-2.695,-1.213,0.168,-4.030,-3.452,-2.076
130.051,-69.632,-4.163,-0.640,-3.474,-1.955,-0.571,-4.823,-4.119,-2.762
130.061,-69.035,-37.775,-1.304,-4.230,-2.655,-1.317,-5.628,-4.743,-3.454
130.073,-69.830,-15.893,-1.496,-5.038,-3.454,-2.095,-6.388,-5.461,-4.172
130.084,-63.012,22.513,-0.726,-5.510,-4.008,-2.811,-6.620,-5.920,-4.812
130.095,-63.099,35.856,0.191,-6.105,-4.702,-3.491,-6.920,-6.497,-5.391
130.106,-55.998,30.710,0.335,-6.558,-5.198,-4.125,-7.184,-6.861,-5.910
130.117,-49.630,-9.080,0.009,-6.923,-5.558,-4.644,-7.448,-7.088,-6.308
130.128,-43.280,-16.915,-0.552,-7.269,-5.888,-5.124,-7.723,-7.290,-6.670
130.138,-34.544,-7.301,-0.605,-7.469,-6.098,-5.505,-7.800,-7.376,-6.934
130.149,-29.680,1.363,-0.521,-7.614,-6.271,-5.796,-7.791,-7.425,-7.104
130.159,-21.531,-2.536,-0.536,-7.630,-6.297,-6.010,-7.690,-7.327,-7.196
130.170,-14.408,0.458,-0.605,-7.656,-6.320,-6.161,-7.624,-7.232,-7.228
130.180,-5.928,12.440,-0.439,-7.477,-6.156,-6.204,-7.323,-6.954,-7.152
130.191,1.288,7.943,-0.481,-7.351,-6.016,-6.186,-7.140,-6.703,-7.017
130.201,11.578,-28.937,-1.007,-7.059,-5.658,-6.063,-6.903,-6.248,-6.787
130.212,19.511,-31.010,-1.177,-6.699,-5.272,-5.859,-6.527,-5.778,-6.487
130.222,28.478,5.449,-0.702,-6.153,-4.768,-5.551,-5.837,-5.197,-6.086
130.233,35.594,24.516,-0.062,-5.614,-4.285,-5.183,-5.127,-4.638,-5.625
130.243,40.966,8.093,-0.231,-5.001,-3.668,-4.719,-4.477,-3.954,-5.074
130.254,49.666,-11.459,-0.867,-4.394,-3.012,-4.214,-3.939,-3.248,-4.499
130.265,56.082,-11.101,-1.323,-3.674,-2.263,-3.616,-3.266,-2.475,-3.853
130.275,55.756,-12.260,-1.325,-3.055,-1.653,-3.000,-2.634,-1.853,-3.202
130.286,59.173,0.929,-1.211,-2.381,-0.999,-2.390,-1.932,-1.197,-2.567
130.296,58.454,0.561,-1.289,-1.735,-0.361,-1.753,-1.294,-0.568,-1.916
130.307,63.078,-5.506,-1.592,-1.070,0.313,-1.126,-0.687,0.083,-1.288
130.317,63.194,-13.558,-1.960,-0.391,1.006,-0.458,-0.088,0.737,-0.637
130.328,65.023,-14.052,-2.046,0.252,1.647,0.189,0.496,1.326,-0.019
130.338,65.760,-4.591,-1.964,0.939,2.318,0.854,1.136,1.935,0.603
130.349,67.497,-3.714,-1.871,1.667,3.034,1.545,1.808,2.580,1.246
130.359,63.444,8.348,-1.637,2.268,3.604,2.202,2.377,3.074,1.846
130.370,61.189,5.479,-1.471,2.853,4.161,2.821,2.923,3.551,2.404
130.380,58.133,-11.060,-1.760,3.361,4.685,3.413,3.296,3.986,2.924
130.391,52.545,-27.596,-1.910,3.797,5.133,3.958,3.591,4.336,3.386
130.401,50.438,-12.864,-1.707,4.224,5.540,4.448,3.944,4.642,3.788
130.412,41.706,6.423,-1.443,4.489,5.775,4.873,4.156,4.778,4.124
130.422,34.240,-1.896,-1.477,4.685,5.962,5.221,4.254,4.867,4.380
130.433,25.439,-13.927,-1.835,4.720,6.013,5.473,4.136,4.816,4.533
130.443,18.643,4.352,-1.682,4.746,6.014,5.635,4.098,4.715,4.593
130.454,13.852,26.660,-0.907,4.810,6.007,5.745,4.201,4.619,4.613
130.464,6.814,32.781,-0.399,4.784,5.930,5.803,4.181,4.466,4.591
130.475,2.945,-9.349,-0.712,4.682,5.840,5.798,3.962,4.305,4.509
130.485,-4.634,-38.426,-1.326,4.423,5.616,5.729,3.533,4.007,4.358
130.496,-3.038,-7.943,-1.163,4.379,5.551,5.632,3.440,3.869,4.181
130.506,-6.376,17.098,-0.532,4.261,5.364,5.531,3.385,3.622,4.012
130.517,-13.783,3.128,-0.662,3.943,5.057,5.380,2.968,3.264,3.800
130.527,-19.541,-26.070,-1.406,3.526,4.721,5.152,2.311,2.876,3.507
130.538,-26.011,-19.785,-1.860,3.078,4.312,4.857,1.709,2.410,3.142
130.548,-34.943,15.071,-1.239,2.594,3.777,4.493,1.271,1.829,2.717
130.559,-38.972,26.151,-0.302,2.130,3.249,4.057,0.905,1.284,2.246
130.569,-53.283,7.611,-0.317,1.287,2.419,3.532,0.016,0.456,1.702
130.580,-57.815,-3.019,-0.785,0.539,1.728,2.917,-0.861,-0.228,1.069
130.590,-66.441,-24.644,-1.377,-0.372,0.864,2.226,-1.876,-1.080,0.366
130.601,-69.497,-12.582,-0.955,-1.135,0.066,1.476,-2.551,-1.852,-0.383
130.612,-73.655,17.880,-0.218,-1.914,-0.773,0.706,-3.168,-2.643,-1.130
130.622,-76.821,31.063,0.280,-2.721,-1.615,-0.084,-3.849,-3.413,-1.874
130.632,-77.539,12.084,0.288,-3.527,-2.413,-0.889,-4.603,-4.123,-2.619
130.643,-69.395,-16.577,-0.081,-4.200,-3.054,-1.665,-5.266,-4.669,-3.323
130.653,-64.748,-9.449,0.159,-4.690,-3.581,-2.333,-5.594,-5.096,-3.911
130.664,-66.593,21.089,0.940,-5.238,-4.222,-2.987,-5.851,-5.620,-4.467
130.675,-61.149,17.816,1.283,-5.786,-4.815,-3.651,-6.194,-6.078,-5.014
130.685,-54.712,19.382,1.521,-6.177,-5.230,-4.194,-6.418,-6.351,-5.431
130.696,-45.247,23.586,1.864,-6.434,-5.507,-4.685,-6.489,-6.455,-5.762
130.706,-34.623,32.667,2.270,-6.546,-5.614,-5.031,-6.485,-6.410,-5.964
130.717,-25.545,37.171,2.164,-6.693,-5.721,-5.313,-6.591,-6.367,-6.101
130.729,-23.886,34.379,2.118,-6.907,-5.901,-5.538,-6.750,-6.404,-6.183
130.740,-18.041,19.428,2.481,-6.922,-5.934,-5.712,-6.598,-6.288,-6.210
130.751,-12.916,17.811,2.546,-6.885,-5.904,-5.815,-6.443,-6.137,-6.191
130.761,-8.253,22.185,2.859,-6.821,-5.849,-5.874,-6.256,-5.961,-6.126
130.772,-7.327,25.278,3.362,-6.769,-5.829,-5.892,-6.032,-5.818,-6.016
130.783,-2.708,21.470,3.667,-6.599,-5.690,-5.880,-5.691,-5.554,-5.875
130.794,0.353,6.407,3.580,-6.476,-5.568,-5.832,-5.467,-5.312,-5.700
130.805,2.406,-6.141,3.297,-6.398,-5.465,-5.764,-5.344,-5.095,-5.512
130.816,7.201,-0.497,3.273,-6.149,-5.216,-5.649,-5.007,-4.739,-5.281
130.827,15.652,29.196,3.845,-5.676,-4.799,-5.457,-4.331,-4.218,-4.975
130.839,23.242,19.216,3.996,-5.157,-4.296,-5.175,-3.701,-3.615,-4.580
130.850,30.883,15.860,4.311,-4.547,-3.697,-4.812,-2.996,-2.923,-4.108
130.861,39.794,18.638,4.756,-3.815,-2.988,-4.352,-2.152,-2.128,-3.543
130.872,54.986,11.064,5.104,-2.812,-1.998,-3.759,-1.063,-1.059,-2.848
130.883,66.600,-19.707,4.765,-1.817,-0.964,-3.021,-0.107,0.039,-2.019
130.894,78.908,-45.861,3.875,-0.712,0.242,-2.153,0.809,1.283,-1.083
130.905,88.235,-44.485,3.132,0.478,1.506,-1.169,1.847,2.555,-0.056
130.916,94.698,-24.028,3.047,1.688,2.721,-0.102,3.024,3.759,1.035
130.928,97.841,-21.609,2.831,2.847,3.917,1.000,4.067,4.925,2.145
130.939,100.526,-18.499,2.681,3.977,5.092,2.114,5.053,6.051,3.247
130.950,99.749,-16.447,2.322,5.066,6.224,3.244,5.986,7.116,4.346
130.961,98.029,23.440,2.564,6.091,7.205,4.320,7.016,8.018,5.377
130.972,94.511,7.429,2.541,7.029,8.117,5.364,7.914,8.842,6.365
130.983,95.076,-5.327,2.042,8.039,9.165,6.399,8.739,9.786,7.326
130.994,89.565,-3.475,1.619,8.793,9.982,7.387,9.244,10.481,8.222
131.005,85.396,-42.617,1.140,9.529,10.825,8.334,9.632,11.189,9.060
131.016,83.305,-17.265,0.914,10.320,11.641,9.214,10.232,11.858,9.818
131.028,76.617,19.112,1.052,10.963,12.278,10.048,10.740,12.342,10.520
131.039,66.186,31.607,1.256,11.411,12.699,10.778,11.092,12.609,11.114
131.050,56.629,8.416,1.147,11.784,13.069,11.401,11.322,12.823,11.596
131.061,46.686,-8.938,0.798,11.984,13.290,11.895,11.326,12.886,11.942
131.072,36.824,-35.104,0.291,12.057,13.406,12.281,11.159,12.841,12.173
131.083,22.730,-56.999,-0.198,11.749,13.236,12.523,10.422,12.506,12.251
131.094,13.919,17.258,0.169,11.598,13.072,12.633,10.153,12.184,12.199
131.105,2.875,28.793,0.748,11.301,12.762,12.638,9.750,11.730,12.053
131.117,-1.189,-7.614,0.410,11.061,12.566,12.558,9.299,11.396,11.826
131.128,-9.970,-16.607,0.058,10.696,12.211,12.416,8.793,10.906,11.536
131.139,-15.183,-7.150,0.051,10.309,11.816,12.185,8.309,10.383,11.164
131.150,-19.972,2.724,0.099,9.893,11.412,11.909,7.766,9.859,10.753
131.161,-24.878,10.764,0.238,9.435,10.951,11.581,7.218,9.288,10.299
131.172,-25.835,-29.413,-0.283,8.998,10.572,11.224,6.576,8.805,9.821
131.183,-28.980,-26.855,-0.614,8.551,10.137,10.850,6.017,8.266,9.326
131.194,-34.784,-6.081,-0.503,7.978,9.540,10.411,5.414,7.575,8.774
131.205,-37.297,-2.694,-0.496,7.441,8.994,9.934,4.824,6.945,8.194
131.216,-41.889,-6.997,-0.654,6.805,8.351,9.418,4.143,6.227,7.582
131.227,-47.359,-7.815,-0.739,6.086,7.632,8.847,3.370,5.443,6.923
131.238,-52.231,-15.448,-1.002,5.364,6.919,8.234,2.586,4.673,6.230
131.249,-61.832,-16.678,-1.233,4.355,5.941,7.517,1.488,3.646,5.440
131.260,-69.577,2.994,-1.043,3.367,4.935,6.726,0.515,2.608,4.589
131.271,-73.612,-6.507,-1.103,2.414,3.995,5.884,-0.468,1.650,3.701
131.282,-79.185,-30.857,-1.547,1.311,2.947,4.985,-1.670,0.594,2.763
131.293,-80.955,-6.883,-1.395,0.395,2.013,4.077,-2.532,-0.336,1.828
131.304,-80.229,29.097,-0.764,-0.505,1.080,3.149,-3.335,-1.248,0.891
131.315,-75.464,20.254,-0.342,-1.194,0.336,2.266,-3.871,-1.953,0.019
131.326,-69.867,-24.525,-0.823,-1.886,-0.303,1.459,-4.605,-2.550,-0.768
131.337,-64.037,6.659,-0.636,-2.414,-0.865,0.718,-5.009,-3.064,-1.483
131.348,-56.021,20.492,-0.355,-2.819,-1.313,0.052,-5.262,-3.453,-2.109
131.359,-49.975,7.483,-0.331,-3.230,-1.727,-0.528,-5.596,-3.803,-2.643
131.369,-42.896,-20.104,-0.567,-3.567,-2.014,-1.015,-5.952,-4.025,-3.077
131.380,-35.466,-35.677,-0.769,-3.848,-2.245,-1.447,-6.251,-4.191,-3.455
131.391,-28.423,5.038,-0.602,-3.952,-2.356,-1.784,-6.266,-4.237,-3.734
131.402,-19.413,39.882,0.213,-3.859,-2.368,-2.035,-5.891,-4.177,-3.917
131.414,-14.676,21.007,0.333,-3.877,-2.429,-2.218,-5.746,-4.161,-4.026
131.425,-9.132,0.138,0.119,-3.851,-2.398,-2.339,-5.651,-4.059,-4.074
131.436,-2.611,-33.554,-0.327,-3.797,-2.283,-2.395,-5.642,-3.877,-4.062
131.447,2.342,-50.159,-0.888,-3.685,-2.103,-2.376,-5.593,-3.641,-3.983
131.458,7.254,-25.768,-1.065,-3.465,-1.894,-2.309,-5.293,-3.383,-3.861
131.469,11.990,-20.307,-1.160,-3.228,-1.655,-2.194,-5.008,-3.099,-3.694
131.480,19.904,-34.522,-1.307,-2.851,-1.245,-2.009,-4.647,-2.653,-3.463
131.491,25.287,-8.169,-0.835,-2.416,-0.865,-1.758,-4.065,-2.239,-3.166
131.503,29.525,2.574,-0.243,-1.960,-0.449,-1.447,-3.492,-1.789,-2.808
131.514,33.995,-23.766,-0.396,-1.502,0.028,-1.090,-3.035,-1.279,-2.406
131.525,36.248,-12.801,-0.304,-1.055,0.458,-0.703,-2.526,-0.825,-1.980
131.536,38.550,-0.495,0.092,-0.556,0.922,-0.287,-1.935,-0.339,-1.527
131.547,39.181,-6.426,0.303,-0.107,1.356,0.137,-1.436,0.112,-1.068
131.558,37.663,14.632,0.831,0.301,1.708,0.557,-0.902,0.483,-0.616
131.569,36.103,24.782,1.247,0.657,2.023,0.944,-0.450,0.816,-0.198
131.579,35.989,20.996,1.421,1.019,2.389,1.320,-0.080,1.197,0.205
131.590,38.798,12.096,1.428,1.434,2.816,1.698,0.320,1.638,0.608
131.600,39.101,-25.833,0.440,1.771,3.228,2.091,0.519,2.048,1.012
131.610,39.704,-16.331,0.075,2.133,3.616,2.478,0.821,2.421,1.396
131.621,36.889,-5.838,0.005,2.396,3.910,2.847,1.011,2.694,1.755
131.631,33.828,17.059,0.416,2.676,4.167,3.186,1.321,2.930,2.083
131.641,33.162,-10.854,0.325,2.970,4.470,3.505,1.578,3.211,2.390
131.653,27.167,-15.374,-0.312,3.119,4.655,3.824,1.629,3.358,2.680
131.664,21.115,-22.360,-1.261,3.171,4.771,4.062,1.518,3.423,2.875
131.676,14.199,-31.527,-1.690,3.103,4.749,4.205,1.316,3.338,2.961
131.687,3.979,-15.888,-1.805,2.883,4.542,4.246,1.022,3.071,2.942
131.698,-5.036,-36.792,-2.039,2.527,4.256,4.174,0.496,2.726,2.810
131.710,-11.533,-0.966,-1.698,2.209,3.930,4.011,0.159,2.351,2.591
131.721,-21.143,15.317,-1.024,1.781,3.446,3.767,-0.181,1.833,2.305
131.733,-28.104,15.325,-0.374,1.324,2.926,3.430,-0.525,1.301,1.943
131.744,-36.720,24.428,0.142,0.788,2.315,3.013,-0.910,0.693,1.515
131.756,-42.374,38.758,0.929,0.231,1.686,2.527,-1.302,0.090,1.038
131.767,-44.293,21.617,1.202,-0.320,1.123,2.010,-1.792,-0.428,0.547
131.779,-46.883,3.949,1.037,-0.862,0.576,1.485,-2.272,-0.925,0.056
131.790,-49.107,-9.089,0.709,-1.459,-0.014,0.928,-2.828,-1.461,-0.463
131.802,-50.104,-6.417,0.474,-2.070,-0.615,0.350,-3.396,-2.003,-0.999
131.813,-53.033,-19.709,0.139,-2.730,-1.236,-0.232,-4.068,-2.560,-1.536
131.824,-60.238,-37.379,-0.319,-3.626,-2.061,-0.897,-5.026,-3.317,-2.152
131.836,-57.547,-29.909,-0.638,-4.342,-2.725,-1.592,-5.761,-3.909,-2.795
131.848,-58.822,0.898,-0.455,-4.983,-3.398,-2.248,-6.255,-4.504,-3.391
131.859,-68.088,23.824,-0.183,-5.814,-4.296,-2.961,-6.860,-5.307,-4.030
131.870,-63.401,14.739,-0.018,-6.383,-4.911,-3.696,-7.233,-5.816,-4.678
131.882,-59.305,13.087,0.004,-6.948,-5.455,-4.358,-7.725,-6.248,-5.243
131.893,-59.584,13.018,-0.146,-7.620,-6.046,-4.986,-8.428,-6.721,-5.768
131.905,-55.142,7.255,-0.352,-8.164,-6.568,-5.613,-8.885,-7.124,-6.290
131.916,-45.242,5.846,-0.479,-8.517,-6.909,-6.166,-9.129,-7.342,-6.731
131.928,-31.339,10.417,-0.620,-8.658,-7.003,-6.565,-9.230,-7.317,-7.017
131.939,-23.470,14.983,-0.554,-8.684,-7.046,-6.815,-9.099,-7.244,-7.152
131.951,-13.999,11.469,-0.761,-8.684,-7.021,-6.990,-9.024,-7.107,-7.213
131.962,-4.374,24.105,-0.957,-8.549,-6.824,-7.035,-8.890,-6.808,-7.151
131.974,1.820,15.071,-1.124,-8.359,-6.644,-7.006,-8.574,-6.534,-7.021
131.985,11.910,8.411,-1.305,-8.011,-6.257,-6.868,-8.203,-6.065,-6.789
131.997,17.786,30.253,-1.013,-7.678,-5.902,-6.647,-7.819,-5.634,-6.477
132.008,25.808,37.928,-0.713,-7.175,-5.460,-6.350,-7.098,-5.106,-6.075
132.019,31.578,26.042,-0.334,-6.681,-4.981,-5.974,-6.481,-4.546,-5.596
132.030,33.275,29.801,-0.317,-6.303,-4.554,-5.562,-6.111,-4.047,-5.092
132.042,35.555,11.353,-0.288,-5.826,-4.090,-5.129,-5.534,-3.520,-4.576
132.053,39.355,21.272,-0.196,-5.309,-3.591,-4.667,-4.916,-2.970,-4.041
132.064,40.244,35.245,0.129,-4.852,-3.107,-4.182,-4.452,-2.439,-3.489
132.075,41.320,23.001,-0.190,-4.356,-2.599,-3.687,-3.933,-1.899,-2.942
132.087,43.263,10.277,-0.027,-3.799,-2.079,-3.193,-3.269,-1.358,-2.407
132.098,44.274,27.880,0.569,-3.245,-1.578,-2.682,-2.585,-0.838,-1.858
132.109,46.392,16.725,0.786,-2.659,-1.028,-2.151,-1.903,-0.270,-1.290
132.119,50.440,9.937,1.169,-2.000,-0.407,-1.624,-1.158,0.359,-0.738
132.130,52.027,34.559,2.336,-1.328,0.185,-1.061,-0.318,0.965,-0.145
132.140,53.170,36.925,3.032,-0.656,0.790,-0.477,0.501,1.590,0.476
132.151,55.795,14.538,2.989,0.041,1.471,0.128,1.234,2.283,1.111
132.161,62.534,1.492,2.759,0.801,2.244,0.777,1.957,3.053,1.775
132.172,66.632,18.859,2.941,1.597,3.009,1.466,2.789,3.800,2.467
132.182,68.612,29.833,3.527,2.387,3.765,2.191,3.614,4.536,3.190
132.193,66.099,22.174,3.395,3.025,4.420,2.910,4.178,5.161,3.898
132.203,65.326,25.785,3.300,3.641,5.058,3.593,4.702,5.757,4.557
132.214,64.840,18.073,3.343,4.311,5.733,4.273,5.299,6.379,5.200
132.224,64.556,22.219,3.756,4.991,6.391,4.942,5.957,6.980,5.828
132.235,58.828,28.977,4.056,5.476,6.883,5.575,6.361,7.413,6.417
132.246,50.683,6.092,3.282,5.766,7.278,6.138,6.367,7.738,6.920
132.256,40.223,-19.703,2.672,5.944,7.522,6.587,6.327,7.898,7.293
132.267,26.133,-11.858,2.455,5.957,7.547,6.901,6.231,7.833,7.521
132.277,12.434,-9.139,2.448,5.832,7.423,7.064,6.021,7.623,7.596
132.288,-2.346,19.489,3.164,5.581,7.130,7.080,5.781,7.255,7.530
132.298,-14.028,27.238,3.984,5.268,6.776,6.964,5.497,6.849,7.351
132.309,-22.020,23.063,4.195,4.865,6.382,6.746,5.034,6.417,7.080
132.319,-29.279,18.320,4.075,4.386,5.933,6.449,4.467,5.937,6.736
132.330,-33.875,10.264,3.504,3.867,5.468,6.085,3.809,5.444,6.326
132.340,-37.758,-22.525,2.676,3.304,4.979,5.672,3.072,4.925,5.863
132.351,-37.962,-33.470,2.204,2.861,4.564,5.247,2.549,4.477,5.387
132.362,-39.092,-16.990,2.248,2.441,4.118,4.817,2.162,4.006,4.913
132.372,-42.554,9.712,2.716,1.993,3.612,4.373,1.827,3.485,4.437
132.382,-48.355,13.258,3.120,1.459,3.014,3.887,1.428,2.891,3.934
132.393,-54.378,16.275,3.525,0.857,2.344,3.340,0.984,2.241,3.387
132.404,-58.586,10.378,3.627,0.191,1.658,2.742,0.388,1.591,2.803
132.414,-62.701,8.105,3.650,-0.514,0.941,2.113,-0.251,0.922,2.199
132.425,-70.370,7.432,3.632,-1.328,0.120,1.432,-0.999,0.159,1.551
132.435,-77.332,31.662,3.962,-2.209,-0.796,0.672,-1.739,-0.683,0.838
132.446,-80.933,35.394,3.777,-3.125,-1.701,-0.137,-2.599,-1.500,0.089
132.456,-82.424,-0.780,3.145,-4.049,-2.581,-0.975,-3.525,-2.287,-0.685
132.467,-80.487,0.063,2.904,-4.827,-3.346,-1.795,-4.239,-2.955,-1.435
132.477,-78.608,21.723,3.011,-5.580,-4.119,-2.597,-4.848,-3.622,-2.155
132.488,-74.003,32.208,3.230,-6.235,-4.818,-3.377,-5.296,-4.201,-2.840
132.498,-72.461,2.592,3.022,-6.856,-5.451,-4.082,-5.774,-4.709,-3.442
132.509,-64.680,8.528,2.911,-7.392,-5.978,-4.749,-6.207,-5.106,-3.999
132.519,-57.175,12.519,2.856,-7.793,-6.387,-5.316,-6.468,-5.381,-4.448
132.530,-49.751,7.280,2.751,-8.104,-6.706,-5.805,-6.635,-5.569,-4.818
132.540,-44.909,15.720,2.835,-8.365,-6.953,-6.212,-6.799,-5.681,-5.100
132.551,-35.218,-13.956,2.304,-8.603,-7.121,-6.572,-7.055,-5.719,-5.337
132.561,-29.101,-21.837,1.476,-8.794,-7.236,-6.840,-7.288,-5.717,-5.491
132.572,-20.490,-9.058,1.032,-8.845,-7.239,-7.033,-7.330,-5.615,-5.580
132.582,-12.581,-28.039,0.352,-8.851,-7.159,-7.134,-7.416,-5.442,-5.587
132.593,-7.196,-17.487,-0.299,-8.787,-7.048,-7.168,-7.362,-5.258,-5.541
132.603,-0.997,-31.600,-0.587,-8.703,-6.931,-7.155,-7.269,-5.076,-5.456
132.614,3.255,-51.052,-0.872,-8.569,-6.745,-7.079,-7.173,-4.832,-5.314
132.625,8.745,-40.866,-1.340,-8.382,-6.516,-6.967,-7.007,-4.559,-5.148
132.636,13.411,-17.643,-1.655,-8.108,-6.235,-6.794,-6.696,-4.245,-4.929
132.647,19.692,0.186,-1.873,-7.803,-5.905,-6.576,-6.401,-3.894,-4.678
132.659,27.554,24.864,-1.749,-7.267,-5.375,-6.261,-5.821,-3.355,-4.338
132.670,35.463,25.497,-1.599,-6.681,-4.835,-5.879,-5.117,-2.812,-3.936
132.681,42.209,30.347,-0.922,-6.027,-4.246,-5.415,-4.312,-2.221,-3.449
132.692,47.899,27.647,-0.249,-5.286,-3.560,-4.868,-3.438,-1.532,-2.876
132.703,57.568,10.276,0.150,-4.373,-2.713,-4.233,-2.382,-0.685,-2.217
132.714,63.753,-6.076,0.520,-3.522,-1.883,-3.522,-1.491,0.136,-1.487
132.726,61.517,-36.409,0.315,-2.799,-1.142,-2.754,-0.824,0.860,-0.710
132.737,66.035,-43.326,-0.436,-1.998,-0.287,-2.000,-0.170,1.673,0.028
132.749,68.241,-16.376,-1.014,-1.212,0.548,-1.216,0.450,2.440,0.770
132.760,65.931,14.981,-0.860,-0.490,1.250,-0.452,1.141,3.059,1.476
132.772,67.729,31.460,-0.268,0.304,2.047,0.317,1.854,3.768,2.184
132.783,67.208,38.849,0.471,1.085,2.779,1.085,2.656,4.415,2.890
132.795,64.321,47.974,1.027,1.767,3.406,1.813,3.378,4.957,3.555
132.806,57.164,44.085,1.683,2.346,3.913,2.507,4.025,5.384,4.188
132.818,51.150,24.421,1.609,2.842,4.385,3.124,4.486,5.773,4.737
132.829,42.554,9.003,1.565,3.169,4.689,3.643,4.767,5.991,5.182
132.841,35.938,9.666,1.787,3.452,4.942,4.073,5.021,6.157,5.534
132.852,28.459,19.675,2.128,3.643,5.114,4.425,5.161,6.246,5.809
132.864,21.012,20.443,2.449,3.742,5.195,4.689,5.212,6.251,5.997
132.875,16.420,24.299,2.819,3.865,5.281,4.885,5.331,6.266,6.122
132.887,10.867,33.616,3.208,3.902,5.279,5.021,5.373,6.199,6.190
132.898,3.312,45.663,3.614,3.817,5.152,5.090,5.303,6.016,6.197
132.910,0.151,33.373,3.575,3.728,5.060,5.093,5.157,5.877,6.145
132.921,-3.710,23.611,3.259,3.597,4.937,5.060,4.946,5.703,6.054
132.933,-10.251,11.527,2.861,3.323,4.698,4.963,4.537,5.414,5.895
132.944,-18.327,-4.514,2.357,2.942,4.350,4.783,4.023,5.015,5.651
132.956,-28.078,2.567,2.114,2.449,3.868,4.502,3.451,4.485,5.307
132.967,-37.771,0.641,1.813,1.814,3.256,4.104,2.717,3.832,4.849
132.979,-44.073,-14.418,1.213,1.128,2.613,3.610,1.897,3.152,4.296
132.991,-45.448,-12.619,0.741,0.494,2.020,3.055,1.141,2.524,3.684
133.002,-49.028,-7.127,0.476,-0.128,1.417,2.504,0.445,1.890,3.081
133.013,-51.335,-9.147,0.202,-0.809,0.758,1.906,-0.306,1.209,2.437
133.025,-56.040,-24.393,0.048,-1.509,0.086,1.296,-1.075,0.523,1.790
133.036,-63.064,-25.627,-0.237,-2.320,-0.696,0.639,-1.948,-0.263,1.105
133.047,-66.482,-3.604,0.360,-3.094,-1.501,-0.096,-2.641,-1.054,0.358
133.058,-70.867,5.676,1.084,-3.965,-2.417,-0.883,-3.376,-1.931,-0.415
133.070,-67.009,19.794,1.898,-4.575,-3.099,-1.651,-3.775,-2.549,-1.146
133.082,-62.563,26.606,2.307,-5.139,-3.711,-2.370,-4.166,-3.082,-1.809
133.093,-60.763,26.657,2.658,-5.676,-4.301,-3.028,-4.507,-3.578,-2.393
133.105,-55.353,13.154,2.785,-6.127,-4.776,-3.648,-4.816,-3.949,-2.927
133.116,-50.156,9.819,3.006,-6.492,-5.160,-4.189,-5.046,-4.221,-3.372
133.128,-52.769,14.237,3.318,-7.016,-5.698,-4.710,-5.433,-4.639,-3.786
133.139,-53.520,12.872,3.180,-7.579,-6.239,-5.248,-5.928,-5.052,-4.210
133.151,-48.523,0.923,2.711,-8.032,-6.640,-5.763,-6.372,-5.327,-4.612
133.162,-42.168,-8.345,2.116,-8.360,-6.925,-6.216,-6.678,-5.493,-4.955
133.174,-33.452,-12.657,1.604,-8.548,-7.089,-6.584,-6.813,-5.546,-5.218
133.185,-21.487,-1.675,1.536,-8.502,-7.063,-6.825,-6.624,-5.416,-5.357
133.197,-8.531,15.771,1.757,-8.282,-6.857,-6.919,-6.282,-5.111,-5.348
133.208,5.787,26.159,1.973,-7.901,-6.465,-6.852,-5.834,-4.624,-5.178
133.220,17.668,19.678,1.449,-7.457,-5.975,-6.639,-5.410,-4.055,-4.873
133.231,29.297,-14.103,0.812,-6.886,-5.365,-6.299,-4.862,-3.386,-4.456
133.243,39.407,-17.472,0.343,-6.152,-4.613,-5.826,-4.130,-2.597,-3.925
133.254,49.628,-11.090,0.080,-5.368,-3.832,-5.264,-3.316,-1.798,-3.319
133.266,58.947,-2.591,0.023,-4.515,-2.995,-4.614,-2.430,-0.960,-2.641
133.277,65.470,0.808,0.157,-3.595,-2.098,-3.873,-1.474,-0.076,-1.882
133.288,68.854,-6.485,0.105,-2.750,-1.254,-3.095,-0.656,0.741,-1.102
133.299,66.919,-14.933,0.087,-1.996,-0.507,-2.292,0.071,1.449,-0.308
133.311,66.689,-3.395,0.341,-1.245,0.206,-1.522,0.848,2.116,0.442
133.322,70.980,6.751,0.804,-0.324,1.077,-0.718,1.816,2.933,1.219
133.334,67.224,18.812,1.438,0.453,1.786,0.105,2.670,3.586,2.012
133.345,63.772,30.077,2.142,1.178,2.420,0.860,3.517,4.165,2.734
133.357,61.629,44.728,2.624,1.935,3.105,1.600,4.346,4.792,3.438
133.368,55.360,40.685,2.916,2.524,3.645,2.283,4.959,5.273,4.081
133.380,53.996,31.926,2.899,3.133,4.229,2.914,5.529,5.792,4.663
133.391,51.237,-0.296,2.271,3.663,4.781,3.524,5.911,6.265,5.210
133.403,46.404,-6.013,1.644,4.072,5.226,4.075,6.128,6.615,5.679
133.414,39.879,-8.952,1.140,4.380,5.567,4.553,6.239,6.847,6.059
133.426,35.775,-16.511,0.686,4.634,5.849,4.953,6.304,7.012,6.351
133.437,31.904,-9.590,0.347,4.899,6.128,5.311,6.400,7.165,6.590
133.449,27.876,-14.382,-0.125,5.089,6.356,5.620,6.363,7.260,6.770
133.460,21.300,-37.037,-0.489,5.163,6.455,5.861,6.236,7.221,6.877
133.471,12.298,-40.529,-0.699,5.112,6.417,6.011,6.012,7.045,6.889
133.483,5.816,-34.948,-0.392,4.984,6.285,6.057,5.754,6.784,6.803
133.494,-1.821,9.982,0.342,4.836,6.085,6.034,5.588,6.467,6.658
133.506,-12.519,16.420,1.062,4.538,5.723,5.916,5.310,6.009,6.433
133.518,-23.958,12.805,1.648,4.070,5.199,5.664,4.868,5.410,6.092
133.529,-33.381,13.034,2.172,3.545,4.632,5.309,4.358,4.787,5.665
133.540,-43.387,21.535,2.633,2.873,3.941,4.846,3.667,4.060,5.145
133.552,-54.840,27.880,3.034,2.077,3.138,4.280,2.849,3.242,4.541
133.564,-62.083,28.298,3.098,1.224,2.288,3.596,1.972,2.392,3.830
133.575,-66.980,1.717,2.437,0.348,1.485,2.861,0.937,1.599,3.078
133.586,-69.456,-10.866,1.650,-0.547,0.674,2.083,-0.135,0.798,2.283
133.598,-73.473,-17.361,0.950,-1.513,-0.224,1.255,-1.235,-0.086,1.441
133.609,-71.402,-20.926,0.517,-2.320,-1.012,0.417,-2.065,-0.855,0.595
133.621,-68.420,-3.875,0.509,-3.006,-1.723,-0.374,-2.679,-1.538,-0.193
133.632,-68.996,12.793,0.802,-3.748,-2.492,-1.142,-3.325,-2.266,-0.944
133.644,-67.107,15.378,0.760,-4.501,-3.216,-1.905,-4.091,-2.935,-1.675
133.655,-62.822,7.807,0.385,-5.148,-3.798,-2.616,-4.817,-3.459,-2.348
133.667,-58.985,-28.042,-0.382,-5.798,-4.360,-3.285,-5.589,-3.964,-2.977
133.678,-52.290,-4.525,-0.962,-6.312,-4.815,-3.911,-6.165,-4.366,-3.566
133.690,-50.088,-10.590,-1.266,-6.811,-5.298,-4.464,-6.635,-4.798,-4.080
133.701,-51.758,0.135,-1.475,-7.417,-5.884,-5.022,-7.216,-5.327,-4.594
133.713,-47.541,-2.527,-1.815,-7.909,-6.346,-5.571,-7.701,-5.731,-5.096
133.725,-36.851,4.255,-1.981,-8.091,-6.546,-6.020,-7.776,-5.876,-5.498
133.736,-29.723,11.930,-1.802,-8.209,-6.705,-6.352,-7.743,-5.977,-5.776
133.748,-26.663,26.101,-1.540,-8.379,-6.912,-6.634,-7.764,-6.120,-5.996
133.759,-15.444,23.945,-1.101,-8.261,-6.858,-6.833,-7.440,-5.998,-6.127
133.771,3.708,23.938,-0.632,-7.830,-6.422,-6.845,-6.953,-5.495,-6.063
133.782,18.615,31.066,-0.294,-7.249,-5.846,-6.641,-6.292,-4.855,-5.781
133.794,27.718,22.139,0.081,-6.665,-5.319,-6.317,-5.532,-4.267,-5.379
133.805,41.367,21.128,0.577,-5.907,-4.573,-5.862,-4.698,-3.466,-4.847
133.817,49.299,39.714,0.645,-5.167,-3.801,-5.274,-3.983,-2.652,-4.192
133.828,50.886,19.274,0.760,-4.471,-3.127,-4.635,-3.208,-1.946,-3.494
133.840,50.393,12.575,0.776,-3.865,-2.536,-4.013,-2.552,-1.332,-2.825
133.852,52.933,5.955,0.450,-3.189,-1.825,-3.362,-1.942,-0.613,-2.141
133.863,60.349,-24.596,-0.296,-2.494,-1.011,-2.689,-1.502,0.187,-1.456
133.875,64.803,-37.441,-0.756,-1.687,-0.165,-1.947,-0.807,0.996,-0.724
133.886,65.087,-16.031,-0.638,-0.897,0.590,-1.183,0.009,1.702,0.016
133.898,66.860,1.991,-0.167,-0.067,1.334,-0.424,0.964,2.391,0.745
133.909,65.439,3.716,0.275,0.718,2.073,0.347,1.785,3.070,1.482
133.921,63.865,8.881,0.708,1.438,2.750,1.088,2.531,3.684,2.183
133.932,62.260,18.965,1.264,2.155,3.434,1.826,3.243,4.303,2.878
133.944,57.283,23.048,1.535,2.733,4.000,2.515,3.773,4.803,3.521
133.955,53.106,-1.701,1.075,3.210,4.533,3.148,4.052,5.259,4.094
133.967,47.739,-37.201,0.289,3.567,5.001,3.721,4.086,5.634,4.588
133.978,41.402,-21.714,0.499,3.863,5.317,4.203,4.243,5.850,4.982
133.990,28.973,20.163,1.450,3.971,5.383,4.581,4.354,5.827,5.278
134.001,20.587,24.558,2.239,4.059,5.423,4.839,4.467,5.794,5.466
134.013,11.700,20.344,2.290,3.999,5.402,5.017,4.260,5.705,5.575
134.025,4.338,9.844,2.126,3.880,5.293,5.089,4.058,5.532,5.580
134.036,-4.107,-20.052,1.629,3.648,5.105,5.075,3.672,5.279,5.493
134.048,-11.121,-29.550,1.315,3.326,4.807,4.950,3.241,4.916,5.293
134.059,-20.363,-2.259,1.751,2.938,4.402,4.749,2.837,4.455,5.025
134.071,-27.508,24.057,2.613,2.532,3.937,4.455,2.520,3.954,4.681
134.082,-38.621,32.343,3.012,1.925,3.336,4.075,1.886,3.335,4.264
134.094,-43.142,-11.780,2.267,1.263,2.763,3.606,1.033,2.753,3.766
134.105,-47.015,-43.209,1.643,0.585,2.156,3.081,0.204,2.135,3.208
134.117,-50.223,-3.695,2.056,-0.077,1.488,2.504,-0.435,1.467,2.610
134.128,-52.596,29.584,2.997,-0.675,0.822,1.915,-0.859,0.825,2.021
134.140,-53.856,39.993,3.636,-1.241,0.214,1.326,-1.289,0.262,1.455
134.151,-54.103,15.519,3.087,-1.886,-0.388,0.724,-1.962,-0.288,0.883
134.163,-49.563,-35.309,2.069,-2.420,-0.841,0.155,-2.609,-0.694,0.340
134.174,-45.343,-28.037,1.763,-2.836,-1.269,-0.369,-2.946,-1.078,-0.158
134.186,-42.790,-1.782,2.229,-3.187,-1.692,-0.845,-3.090,-1.449,-0.599
134.197,-40.464,37.151,2.720,-3.497,-2.087,-1.290,-3.156,-1.778,-0.993
134.209,-36.385,24.737,3.335,-3.754,-2.387,-1.692,-3.251,-2.003,-1.332
134.221,-33.842,13.957,3.143,-4.066,-2.663,-2.043,-3.555,-2.196,-1.612
134.232,-30.456,-13.157,2.405,-4.407,-2.904,-2.365,-4.026,-2.361,-1.868
134.244,-27.111,-35.001,1.746,-4.687,-3.094,-2.651,-4.419,-2.486,-2.097
134.255,-21.971,4.672,1.957,-4.774,-3.203,-2.880,-4.384,-2.531,-2.268
134.267,-19.522,6.148,2.129,-4.897,-3.360,-3.076,-4.361,-2.619,-2.401
134.278,-15.778,5.110,2.164,-4.936,-3.418,-3.225,-4.286,-2.608,-2.484
134.290,-11.762,7.583,2.173,-4.926,-3.419,-3.330,-4.182,-2.541,-2.523
134.301,-8.015,-4.874,2.128,-4.903,-3.380,-3.386,-4.120,-2.438,-2.515
134.312,-3.075,-16.972,2.070,-4.774,-3.284,-3.397,-3.858,-2.280,-2.462
134.324,2.547,-3.619,1.981,-4.515,-3.079,-3.337,-3.431,-2.015,-2.337
134.335,8.677,40.552,1.796,-4.248,-2.832,-3.226,-3.074,-1.723,-2.176
134.346,87.881,-17.402,5.175,-1.476,-0.141,-2.439,-0.074,1.035,-1.289
134.358,40.449,-56.741,7.197,-1.665,-0.259,-1.643,-0.341,0.994,-0.388
134.369,26.314,-21.405,4.407,-1.750,-0.213,-1.213,-0.622,1.112,0.130
134.379,10.384,0.571,4.423,-1.915,-0.310,-0.957,-0.875,1.063,0.445
134.390,1.381,-23.975,5.004,-2.021,-0.455,-0.866,-0.834,0.974,0.597
134.401,6.267,-28.093,5.142,-1.778,-0.243,-0.760,-0.475,1.239,0.762
134.411,8.098,-40.199,5.482,-1.573,-0.064,-0.622,-0.163,1.468,0.957
134.422,-0.796,-62.158,5.558,-1.579,-0.014,-0.471,-0.207,1.597,1.196
134.433,-2.290,-27.748,3.100,-1.827,-0.049,-0.449,-0.841,1.604,1.264
134.444,5.096,-31.162,2.438,-1.823,0.139,-0.377,-1.192,1.791,1.344
134.455,-3.440,-4.687,2.693,-1.819,0.040,-0.331,-0.940,1.690,1.393
134.465,0.093,-29.662,0.641,-1.958,0.141,-0.304,-1.575,1.764,1.399
134.476,-0.409,-14.575,0.282,-1.996,0.131,-0.291,-1.678,1.703,1.366
134.487,-0.141,14.918,0.521,-1.901,0.147,-0.277,-1.422,1.664,1.330
134.498,12.201,2.452,-0.292,-1.534,0.538,-0.165,-1.146,1.965,1.364
134.508,6.253,5.980,0.067,-1.526,0.481,-0.074,-1.032,1.835,1.390
134.519,3.423,21.469,0.544,-1.460,0.468,-0.012,-0.818,1.758,1.395
134.530,-7.307,37.267,1.490,-1.359,0.341,0.011,-0.246,1.583,1.375
134.541,-6.769,-13.969,2.446,-1.469,0.271,-0.049,-0.436,1.516,1.318
134.551,1.091,11.785,2.220,-1.358,0.408,-0.029,-0.372,1.651,1.340
134.562,-7.926,-3.549,2.126,-1.528,0.209,-0.054,-0.470,1.449,1.313
134.573,5.012,-0.247,1.185,-1.438,0.426,-0.029,-0.675,1.639,1.314
134.583,1.848,-40.347,1.497,-1.551,0.447,0.034,-1.081,1.642,1.365
134.594,-1.517,1.558,1.654,-1.567,0.393,0.060,-1.006,1.572,1.375
134.605,-6.462,4.932,2.522,-1.606,0.252,0.032,-0.801,1.425,1.339
134.616,3.211,0.548,0.959,-1.563,0.359,0.026,-0.905,1.510,1.312
134.626,0.293,16.153,2.219,-1.397,0.397,0.086,-0.444,1.530,1.356
134.637,-5.267,-9.854,2.174,-1.473,0.297,0.086,-0.456,1.434,1.359
134.647,-0.316,-13.612,0.379,-1.540,0.363,0.079,-0.846,1.471,1.323
134.658,-0.554,7.468,1.174,-1.394,0.393,0.100,-0.454,1.467,1.310
134.669,-1.943,-5.093,0.617,-1.447,0.366,0.104,-0.588,1.408,1.283
134.679,-0.769,5.944,0.763,-1.399,0.378,0.105,-0.484,1.382,1.245
134.690,0.385,-4.958,0.399,-1.384,0.408,0.120,-0.535,1.375,1.223
134.701,-0.733,3.321,0.478,-1.357,0.410,0.133,-0.483,1.335,1.194
134.711,-0.367,-2.237,0.414,-1.337,0.418,0.140,-0.470,1.305,1.163
134.722,0.756,0.832,0.288,-1.316,0.435,0.150,-0.474,1.279,1.131
134.732,0.646,-0.726,0.259,-1.281,0.455,0.173,-0.444,1.258,1.113
134.743,0.631,0.254,0.221,-1.263,0.459,0.189,-0.434,1.221,1.087
134.753,0.515,-0.796,0.187,-1.230,0.480,0.207,-0.408,1.200,1.064
134.763,1.155,-0.166,0.126,-1.198,0.501,0.222,-0.392,1.180,1.038
134.774,0.614,-0.330,0.121,-1.187,0.495,0.241,-0.385,1.134,1.016
134.784,1.948,-0.166,0.079,-1.137,0.533,0.263,-0.349,1.131,0.997
134.795,1.025,-0.331,0.050,-1.121,0.535,0.286,-0.345,1.093,0.979
134.805,1.145,-0.247,0.031,-1.100,0.541,0.301,-0.335,1.060,0.954
134.816,1.898,-0.163,0.020,-1.049,0.578,0.325,-0.293,1.057,0.939
134.826,-0.724,-0.247,0.009,-1.070,0.542,0.337,-0.324,0.983,0.911
134.836,-0.329,-0.081,-0.003,-1.070,0.528,0.333,-0.333,0.933,0.869
134.847,1.050,-0.206,-0.014,-1.017,0.566,0.345,-0.290,0.935,0.844
134.857,0.807,-0.289,-0.031,-0.996,0.573,0.362,-0.282,0.907,0.825
134.868,-0.555,-0.039,-0.033,-1.001,0.552,0.369,-0.296,0.852,0.795
134.878,-0.010,-0.039,-0.036,-0.983,0.555,0.372,-0.287,0.822,0.763
134.889,0.421,-0.206,-0.051,-0.961,0.564,0.377,-0.278,0.799,0.735
134.899,-0.579,-0.247,-0.057,-0.948,0.562,0.387,-0.275,0.766,0.712
134.909,0.347,-0.330,-0.069,-0.913,0.584,0.391,-0.252,0.757,0.683
134.920,0.516,-0.039,-0.070,-0.882,0.601,0.407,-0.232,0.743,0.667
134.930,0.557,-0.122,-0.080,-0.868,0.600,0.415,-0.231,0.713,0.645
134.941,-0.010,-0.414,-0.080,-0.865,0.589,0.422,-0.237,0.674,0.621
134.951,0.587,-0.205,-0.096,-0.842,0.599,0.428,-0.229,0.656,0.597
134.962,0.548,0.002,-0.078,-0.825,0.600,0.436,-0.218,0.630,0.577
134.972,0.292,0.044,-0.077,-0.806,0.605,0.447,-0.209,0.609,0.560
134.982,0.477,-0.122,-0.072,-0.778,0.618,0.458,-0.192,0.597,0.544
134.993,0.357,0.002,-0.074,-0.764,0.618,0.467,-0.189,0.573,0.527
135.003,-0.290,-0.081,-0.084,-0.752,0.618,0.475,-0.190,0.549,0.509
135.014,-1.172,-0.081,-0.084,-0.762,0.595,0.470