R
Px,Ix,Dx,Py,Iy,Dy,Pz,Iz,FFrx,FFry,FFdrx,FFdry,satI,satPID,DTermC,GparamC,AparamC,KFQAng,KFQbias,KFRmeas,CPx,CIx,CPy,CIy,CsatI,CsatPID,CFFdrx,CFFdry
175,25,1900,200,25,2100,500,150,0,0,0,0,7,75,10,10.0,32.0,0.000001,0.000300,50,250,1,250,1,50,500,0,0
sysTime,GPT1X,aPT1R,aPT2R,aKFRawR,aKFPT10R,aKFPT11R
226.304,0.936,0.325,0.325,0.359,0.353,0.340
226.315,0.734,0.318,0.324,0.368,0.362,0.350
226.326,-0.911,0.325,0.323,0.337,0.330,0.349
226.337,-0.000,0.317,0.322,0.364,0.358,0.347
226.348,-0.699,0.323,0.322,0.346,0.340,0.342
226.360,0.195,0.318,0.321,0.345,0.338,0.331
226.371,-0.219,0.314,0.321,0.346,0.340,0.330
226.382,0.877,0.309,0.319,0.363,0.357,0.332
226.393,1.077,0.308,0.318,0.375,0.369,0.341
226.404,1.203,0.310,0.316,0.393,0.387,0.352
226.415,1.394,0.304,0.315,0.419,0.413,0.366
226.426,0.653,0.294,0.313,0.408,0.402,0.373
226.437,-0.694,0.302,0.310,0.389,0.383,0.373
226.448,-0.885,0.317,0.310,0.384,0.377,0.365
226.459,-0.989,0.313,0.311,0.374,0.368,0.355
226.470,0.908,0.323,0.313,0.398,0.392,0.352
226.481,0.392,0.320,0.315,0.391,0.385,0.354
226.492,0.724,0.298,0.314,0.405,0.399,0.361
226.503,0.540,0.312,0.312,0.396,0.389,0.361
226.514,0.322,0.323,0.313,0.397,0.391,0.364
226.525,-0.346,0.323,0.314,0.382,0.375,0.362
226.536,1.153,0.325,0.315,0.408,0.402,0.367
226.547,0.626,0.299,0.314,0.402,0.397,0.374
226.558,0.588,0.305,0.314,0.405,0.399,0.378
226.569,1.270,0.333,0.316,0.422,0.416,0.386
226.581,0.937,0.326,0.317,0.422,0.416,0.393
226.592,0.443,0.331,0.320,0.425,0.418,0.402
226.603,0.194,0.317,0.320,0.431,0.425,0.407
226.614,-0.519,0.320,0.320,0.425,0.419,0.408
226.625,-0.249,0.327,0.321,0.431,0.424,0.403
226.636,1.078,0.318,0.321,0.460,0.454,0.407
226.647,1.223,0.324,0.321,0.472,0.466,0.417
226.658,0.483,0.315,0.321,0.460,0.454,0.423
226.669,0.058,0.303,0.319,0.455,0.450,0.425
226.680,-0.276,0.307,0.317,0.449,0.443,0.421
226.691,-0.821,0.316,0.316,0.434,0.428,0.414
226.702,-2.005,0.339,0.318,0.394,0.388,0.397
226.713,-0.913,0.349,0.323,0.397,0.390,0.379
226.724,-0.423,0.321,0.325,0.408,0.402,0.372
226.735,-0.241,0.339,0.326,0.406,0.400,0.366
226.747,-1.110,0.327,0.327,0.392,0.386,0.361
226.758,-0.201,0.328,0.327,0.398,0.392,0.353
226.769,0.427,0.310,0.326,0.400,0.394,0.351
226.780,0.229,0.290,0.322,0.396,0.390,0.351
226.791,-0.086,0.302,0.318,0.379,0.374,0.349
226.802,-0.522,0.320,0.318,0.363,0.357,0.342
226.813,0.593,0.326,0.320,0.380,0.374,0.338
226.824,-0.234,0.324,0.320,0.366,0.360,0.337
226.835,-0.402,0.330,0.320,0.356,0.350,0.331
226.846,-0.632,0.330,0.321,0.338,0.331,0.324
226.857,0.005,0.316,0.321,0.350,0.344,0.319
226.868,1.009,0.288,0.317,0.363,0.357,0.319
226.879,0.768,0.285,0.311,0.371,0.366,0.327
226.890,0.312,0.302,0.308,0.365,0.359,0.331
226.901,-0.469,0.310,0.308,0.356,0.350,0.330
226.912,-0.305,0.333,0.310,0.360,0.354,0.326
226.923,0.874,0.325,0.313,0.389,0.383,0.330
226.934,0.671,0.331,0.315,0.390,0.384,0.336
226.945,1.080,0.324,0.317,0.407,0.401,0.346
226.956,0.250,0.337,0.319,0.409,0.403,0.354
226.968,0.255,0.327,0.321,0.412,0.406,0.356
226.980,-0.477,0.334,0.323,0.393,0.387,0.354
226.991,-0.468,0.322,0.323,0.370,0.364,0.342
227.001,0.320,0.339,0.324,0.397,0.391,0.342
227.013,1.511,0.349,0.326,0.433,0.427,0.351
227.025,0.829,0.348,0.330,0.422,0.415,0.362
227.035,0.552,0.355,0.333,0.418,0.412,0.366
227.047,0.566,0.351,0.336,0.422,0.416,0.371
227.058,-0.356,0.358,0.338,0.403,0.396,0.371
227.070,0.158,0.354,0.342,0.414,0.408,0.368
227.082,1.157,0.345,0.342,0.447,0.440,0.377
227.094,0.221,0.228,0.337,0.428,0.424,0.382
227.104,1.047,0.351,0.335,0.465,0.459,0.390
227.116,1.109,0.367,0.333,0.471,0.464,0.398
227.128,0.043,0.187,0.306,0.437,0.433,0.399
227.139,0.559,0.204,0.293,0.445,0.441,0.400
227.151,-0.031,0.398,0.291,0.429,0.421,0.399
227.163,-0.617,0.159,0.270,0.403,0.398,0.390
227.175,-0.807,0.114,0.259,0.391,0.389,0.380
227.187,-0.977,-0.021,0.226,0.378,0.378,0.371
227.197,-0.770,0.031,0.206,0.356,0.356,0.356
227.207,-0.262,-0.039,0.175,0.348,0.349,0.344
227.217,-0.701,-0.004,0.154,0.336,0.336,0.339
227.227,0.133,0.022,0.139,0.358,0.358,0.336
227.239,-0.010,0.128,0.137,0.359,0.356,0.335
227.251,-0.309,0.078,0.146,0.356,0.355,0.335
227.261,-0.098,0.081,0.167,0.360,0.358,0.332
227.271,0.137,0.098,0.186,0.366,0.363,0.331
227.281,1.144,0.073,0.193,0.391,0.388,0.336
227.292,1.395,0.190,0.187,0.410,0.405,0.346
227.302,1.642,0.394,0.216,0.437,0.428,0.360
227.312,1.215,0.579,0.259,0.437,0.425,0.374
227.322,1.470,0.338,0.292,0.449,0.441,0.386
227.332,1.284,0.257,0.304,0.464,0.458,0.402
227.342,1.710,0.310,0.285,0.485,0.478,0.413
227.352,1.596,0.119,0.260,0.499,0.495,0.428
227.364,0.621,0.097,0.218,0.489,0.486,0.439
227.376,0.978,0.167,0.218,0.509,0.504,0.449
227.387,0.926,0.265,0.240,0.526,0.519,0.461
227.399,0.272,0.006,0.214,0.508,0.506,0.464
227.411,-0.051,-0.185,0.187,0.500,0.502,0.465
227.423,0.097,0.197,0.172,0.508,0.502,0.461
227.434,0.776,0.020,0.154,0.521,0.518,0.464
227.446,1.033,0.309,0.155,0.543,0.535,0.474
227.458,1.269,0.222,0.163,0.560,0.553,0.483
227.469,1.327,0.313,0.158,0.576,0.566,0.496
227.481,0.910,0.292,0.159,0.571,0.562,0.503
227.493,1.593,0.141,0.180,0.584,0.577,0.511
227.505,2.032,-0.262,0.116,0.607,0.606,0.530
227.517,0.545,0.135,0.106,0.590,0.582,0.539
227.528,-0.104,0.110,0.099,0.578,0.570,0.537
227.540,-0.110,-0.000,0.089,0.574,0.569,0.534
227.552,-0.348,-0.030,0.065,0.564,0.558,0.530
227.563,-0.053,0.102,0.055,0.557,0.549,0.522
227.575,-1.131,0.290,0.036,0.505,0.494,0.505
227.587,-0.275,0.315,0.033,0.523,0.510,0.496
227.599,0.724,-0.348,-0.004,0.525,0.519,0.492
227.610,0.066,0.263,0.020,0.515,0.498,0.494
227.622,-1.257,1.567,0.184,0.498,0.457,0.486
227.634,0.119,1.330,0.322,0.551,0.516,0.488
227.646,1.833,0.394,0.362,0.601,0.582,0.503
227.658,2.615,0.348,0.333,0.640,0.621,0.523
227.669,0.001,0.514,0.326,0.579,0.556,0.529
227.681,1.423,0.602,0.327,0.622,0.600,0.537
227.693,0.876,0.945,0.335,0.624,0.598,0.549
227.705,0.139,1.426,0.397,0.613,0.590,0.557
227.716,2.175,1.967,0.545,0.667,0.645,0.570
227.728,-0.910,1.835,0.780,0.592,0.579,0.576
227.740,-3.849,1.734,0.974,0.476,0.478,0.551
227.752,-0.893,0.298,1.039,0.504,0.533,0.528
227.764,-0.019,-0.954,0.822,0.473,0.523,0.512
227.776,-2.800,-0.444,0.559,0.401,0.450,0.494
227.788,-3.407,0.268,0.397,0.359,0.391,0.450
227.799,-4.691,1.684,0.502,0.303,0.312,0.404
227.811,-10.654,2.464,0.806,0.078,0.090,0.320
227.823,-18.645,2.938,1.132,-0.282,-0.279,0.146
227.835,-24.428,2.878,1.416,-0.710,-0.702,-0.121
227.847,-37.875,2.551,1.602,-1.413,-1.398,-0.495
227.858,-36.616,2.394,1.724,-1.847,-1.831,-0.937
227.870,-34.330,3.755,1.927,-2.177,-2.188,-1.342
227.882,-36.104,3.929,2.233,-2.618,-2.628,-1.744
227.894,-32.862,3.510,2.439,-2.943,-2.944,-2.135
227.906,-27.224,2.363,2.544,-3.145,-3.134,-2.466
227.918,-22.808,1.584,2.435,-3.309,-3.286,-2.743
227.930,-17.959,0.687,2.246,-3.432,-3.393,-2.969
227.942,-9.284,-0.299,1.956,-3.396,-3.341,-3.119
227.954,-2.695,-0.239,1.730,-3.307,-3.251,-3.183
227.965,9.346,-1.201,1.488,-2.960,-2.892,-3.123
227.977,22.740,-2.130,1.056,-2.437,-2.368,-2.919
227.989,33.121,-2.112,0.514,-1.830,-1.774,-2.582
228.001,45.108,-1.498,0.105,-1.052,-1.014,-2.113
228.013,54.058,-0.813,-0.155,-0.245,-0.218,-1.518
228.023,60.126,-0.457,-0.228,0.494,0.509,-0.935
228.033,66.638,-0.906,-0.291,1.268,1.288,-0.299
228.045,73.971,-1.073,-0.420,2.259,2.278,0.526
228.057,77.285,-0.964,-0.524,3.240,3.253,1.433
228.067,73.195,-0.946,-0.564,3.889,3.904,2.192
228.079,65.323,-1.305,-0.618,4.487,4.525,2.996
228.089,56.447,-0.052,-0.616,4.865,4.891,3.595
228.100,45.175,0.039,-0.557,5.062,5.098,4.094
228.110,35.430,-1.048,-0.581,5.205,5.258,4.487
228.120,22.452,-0.789,-0.615,5.162,5.207,4.765
228.131,6.161,-1.339,-0.670,4.872,4.921,4.891
228.141,-12.493,-1.253,-0.749,4.338,4.385,4.830
228.152,-29.857,-0.128,-0.733,3.630,3.664,4.573
228.162,-46.210,0.819,-0.608,2.793,2.803,4.147
228.173,-60.047,-0.379,-0.543,1.859,1.882,3.572
228.183,-69.278,-0.460,-0.523,0.930,0.952,2.880
228.193,-76.820,0.728,-0.451,0.028,0.017,2.129
228.204,-83.353,1.451,-0.293,-0.947,-0.971,1.296
228.214,-86.176,0.674,-0.152,-1.881,-1.894,0.417
228.224,-85.731,-0.430,-0.154,-2.786,-2.781,-0.486
228.235,-78.386,-0.199,-0.144,-3.458,-3.456,-1.345
228.245,-69.419,-0.419,-0.154,-3.968,-3.962,-2.099
228.256,-58.468,-0.558,-0.154,-4.323,-4.322,-2.759
228.266,-42.664,-0.726,-0.175,-4.393,-4.396,-3.262
228.277,-27.277,-0.151,-0.156,-4.344,-4.366,-3.621
228.287,-10.315,-0.256,-0.130,-4.091,-4.105,-3.800
228.298,4.475,0.842,-0.066,-3.689,-3.710,-3.803
228.308,19.543,1.590,0.068,-3.153,-3.194,-3.660
228.319,34.133,1.546,0.197,-2.496,-2.537,-3.363
228.329,48.474,1.449,0.309,-1.699,-1.736,-2.921
228.341,61.116,1.580,0.427,-0.719,-0.763,-2.247
228.353,72.031,1.815,0.615,0.308,0.257,-1.460
228.364,76.336,2.243,0.895,1.324,1.254,-0.559
228.374,78.379,2.445,1.084,2.163,2.085,0.222
228.386,76.427,3.077,1.372,3.031,2.957,1.151
228.398,72.779,3.614,1.696,3.814,3.735,2.034
228.410,66.199,3.062,1.943,4.492,4.424,2.887
228.421,56.431,2.939,2.051,4.878,4.814,3.525
228.431,43.912,2.773,2.128,5.072,5.010,4.030
228.442,27.834,1.969,2.135,5.005,4.953,4.390
228.452,11.883,1.224,2.067,4.774,4.743,4.582
228.463,-5.503,1.072,1.980,4.319,4.293,4.588
228.473,-21.079,1.138,1.887,3.741,3.713,4.419
228.483,-37.445,1.749,1.831,2.998,2.966,4.096
228.494,-54.360,1.763,1.801,2.042,2.005,3.586
228.504,-64.753,0.734,1.723,1.146,1.109,2.952
228.515,-73.050,0.920,1.605,0.237,0.193,2.238
228.525,-79.767,1.140,1.558,-0.748,-0.793,1.439
228.535,-82.654,2.107,1.562,-1.628,-1.686,0.613
228.545,-80.251,2.572,1.632,-2.436,-2.501,-0.240
228.556,-73.863,3.496,1.747,-3.098,-3.168,-1.043
228.566,-66.576,2.587,1.843,-3.623,-3.675,-1.754
228.577,-55.458,-1.055,1.661,-3.989,-3.990,-2.381
228.587,-42.234,-2.668,1.269,-4.122,-4.120,-2.872
228.598,-31.799,-3.457,0.821,-4.236,-4.228,-3.259
228.608,-17.813,-3.528,0.344,-4.115,-4.108,-3.513
228.619,-1.011,-2.400,0.011,-3.762,-3.777,-3.607
228.629,12.691,-1.976,-0.235,-3.310,-3.332,-3.528
228.640,26.650,-1.337,-0.402,-2.730,-2.764,-3.309
228.650,37.982,-2.946,-0.603,-2.136,-2.155,-2.978
228.660,50.594,-2.610,-0.826,-1.303,-1.327,-2.495
228.671,60.970,-0.977,-0.900,-0.411,-0.462,-1.904
228.681,70.656,-0.622,-0.880,0.522,0.465,-1.215
228.692,75.109,-0.317,-0.820,1.429,1.363,-0.444
228.702,76.700,0.466,-0.716,2.255,2.177,0.346
228.713,77.760,1.989,-0.518,3.057,2.953,1.149
228.723,74.785,0.667,-0.363,3.779,3.685,1.955
228.734,68.643,-0.640,-0.398,4.366,4.293,2.705
228.744,58.544,-2.967,-0.618,4.764,4.709,3.356
228.755,47.695,-3.220,-0.876,5.017,4.961,3.884
228.765,35.093,-2.865,-1.091,5.108,5.053,4.293
228.776,20.228,-1.451,-1.188,4.985,4.917,4.550
228.786,6.184,-0.838,-1.179,4.722,4.640,4.652
228.796,-9.401,-1.712,-1.198,4.283,4.213,4.614
228.807,-25.558,-1.662,-1.244,3.684,3.610,4.409
228.817,-40.255,-0.340,-1.216,2.939,2.839,4.033
228.828,-56.444,0.584,-1.099,2.021,1.893,3.505
228.838,-66.676,-0.196,-1.013,1.086,0.970,2.838
228.849,-70.535,-1.164,-1.003,0.294,0.186,2.120
228.859,-75.670,-0.854,-0.999,-0.587,-0.702,1.348
228.869,-76.324,-0.343,-0.947,-1.379,-1.512,0.558
228.881,-74.858,-0.226,-0.895,-2.205,-2.353,-0.339
228.893,-70.752,-0.532,-0.840,-2.982,-3.129,-1.217
228.904,-64.864,1.241,-0.670,-3.531,-3.702,-1.922
228.914,-55.123,2.430,-0.339,-3.869,-4.064,-2.533
228.924,-43.739,1.337,-0.138,-4.089,-4.270,-3.034
228.935,-31.740,1.166,-0.010,-4.177,-4.354,-3.418
228.945,-18.282,1.063,0.096,-4.084,-4.255,-3.666
228.956,-1.329,0.134,0.126,-3.750,-3.905,-3.751
228.966,14.641,0.976,0.173,-3.238,-3.406,-3.663
228.977,27.356,1.148,0.267,-2.656,-2.826,-3.420
228.987,40.537,0.676,0.335,-1.943,-2.103,-3.050
228.999,53.003,0.002,0.376,-1.043,-1.192,-2.464
229.009,63.944,-0.191,0.349,-0.159,-0.299,-1.840
229.019,71.899,0.374,0.361,0.758,0.611,-1.121
229.030,75.217,1.419,0.468,1.617,1.458,-0.344
229.040,77.086,2.437,0.670,2.489,2.317,0.465
229.051,77.402,2.458,0.863,3.314,3.146,1.297
229.062,74.798,2.087,1.000,4.016,3.860,2.094
229.072,68.433,1.277,1.058,4.593,4.451,2.839
229.082,60.455,0.207,1.031,5.045,4.917,3.506
229.093,50.432,-0.635,0.933,5.320,5.196,4.062
229.103,36.684,-0.709,0.804,5.398,5.269,4.494
229.114,20.383,0.275,0.707,5.257,5.108,4.764
229.124,0.871,0.963,0.656,4.855,4.688,4.849
229.135,-17.147,0.780,0.615,4.257,4.096,4.733
229.145,-35.199,0.012,0.545,3.471,3.326,4.434
229.156,-49.189,-1.254,0.431,2.588,2.464,3.954
229.166,-60.119,-1.599,0.268,1.693,1.584,3.357
229.177,-71.720,-1.140,0.128,0.657,0.548,2.628
229.187,-79.031,-0.517,0.018,-0.332,-0.455,1.825
229.199,-85.161,0.691,-0.049,-1.455,-1.602,0.818
229.212,-85.582,1.391,0.243,-2.530,-2.696,-0.237
229.222,-81.771,1.798,0.453,-3.299,-3.478,-1.110
229.232,-75.230,2.102,0.652,-3.900,-4.087,-1.911
229.243,-66.530,1.698,0.807,-4.379,-4.556,-2.631
229.253,-54.472,1.436,0.911,-4.655,-4.829,-3.241
229.264,-39.568,2.276,1.045,-4.695,-4.883,-3.701
229.274,-23.197,2.868,1.229,-4.521,-4.714,-3.989
229.285,-7.993,2.308,1.366,-4.233,-4.413,-4.118
229.295,7.222,2.070,1.457,-3.838,-4.011,-4.099
229.306,23.197,2.286,1.546,-3.249,-3.424,-3.915
229.316,35.881,2.323,1.625,-2.571,-2.746,-3.572
229.327,48.493,1.561,1.636,-1.802,-1.960,-3.107
229.337,61.328,0.153,1.520,-0.893,-1.018,-2.505
229.347,71.925,-0.794,1.307,0.060,-0.045,-1.794
229.358,79.091,-0.978,1.073,1.028,0.925,-0.996
229.368,82.172,-1.023,0.852,1.942,1.840,-0.151
229.379,84.488,-1.317,0.638,2.876,2.775,0.720
229.389,81.320,-1.449,0.418,3.669,3.560,1.580
229.400,74.872,-1.924,0.226,4.335,4.213,2.401
229.410,65.679,-1.499,0.069,4.802,4.663,3.115
229.421,53.466,-0.694,-0.018,5.064,4.908,3.708
229.431,37.881,0.170,-0.051,5.104,4.930,4.155
229.442,21.966,0.315,-0.072,4.966,4.785,4.442
229.452,3.676,-0.486,-0.135,4.588,4.425,4.548
229.463,-13.007,-1.482,-0.268,4.108,3.958,4.482
229.473,-27.896,-2.071,-0.438,3.453,3.317,4.229
229.484,-42.887,-2.037,-0.595,2.679,2.533,3.824
229.494,-56.677,-1.464,-0.693,1.796,1.633,3.280
229.505,-67.642,-0.752,-0.728,0.828,0.643,2.600
229.515,-77.666,-0.082,-0.703,-0.223,-0.429,1.807
229.526,-82.607,0.216,-0.647,-1.182,-1.402,0.961
229.536,-83.085,0.177,-0.590,-2.061,-2.288,0.087
229.546,-81.647,-0.046,-0.552,-2.905,-3.128,-0.781
229.557,-75.901,-0.900,-0.559,-3.629,-3.836,-1.615
229.567,-69.126,-1.054,-0.602,-4.226,-4.431,-2.371
229.578,-57.064,-0.863,-0.632,-4.567,-4.775,-3.020
229.588,-44.730,-0.504,-0.636,-4.796,-5.013,-3.548
229.599,-30.101,-0.135,-0.618,-4.809,-5.032,-3.929
229.609,-16.020,-0.136,-0.587,-4.646,-4.867,-4.147
229.620,1.107,-1.232,-0.625,-4.278,-4.477,-4.212
229.630,17.745,-1.797,-0.729,-3.707,-3.894,-4.088
229.641,34.179,-0.812,-0.776,-2.968,-3.175,-3.800
229.651,49.388,1.052,-0.664,-2.070,-2.313,-3.341
229.662,58.277,1.780,-0.446,-1.250,-1.503,-2.755
229.672,64.502,2.132,-0.182,-0.419,-0.686,-2.095
229.683,72.120,1.167,-0.009,0.488,0.235,-1.366
229.693,77.636,0.046,0.030,1.423,1.184,-0.573
229.704,76.977,0.028,0.030,2.238,1.997,0.238
229.714,71.924,-0.930,-0.022,2.865,2.643,1.009
229.725,67.650,-2.473,-0.223,3.455,3.259,1.725
229.735,60.595,-2.681,-0.521,3.960,3.768,2.393
229.746,50.634,-0.707,-0.645,4.288,4.055,2.952
229.756,41.870,-0.309,-0.657,4.524,4.293,3.415
229.766,30.097,-1.205,-0.725,4.555,4.344,3.768
229.777,20.438,-1.786,-0.843,4.523,4.325,4.008
229.787,9.750,-3.128,-1.051,4.351,4.172,4.131
229.798,-1.186,-4.935,-1.388,4.088,3.940,4.155
229.808,-17.378,-3.072,-1.667,3.583,3.387,4.020
229.819,-31.250,-1.424,-1.707,2.907,2.700,3.726
229.829,-43.882,-1.674,-1.686,2.217,2.000,3.329
229.839,-55.047,-2.515,-1.747,1.423,1.217,2.803
229.849,-62.430,-2.121,-1.800,0.635,0.407,2.177
229.859,-70.747,0.417,-1.658,-0.191,-0.483,1.487
229.870,-77.246,0.593,-1.464,-1.149,-1.455,0.705
229.880,-77.865,-0.295,-1.326,-1.971,-2.270,-0.094
229.890,-76.009,-2.686,-1.398,-2.699,-2.975,-0.876
229.900,-69.018,-2.453,-1.470,-3.248,-3.549,-1.632
229.911,-61.123,-1.989,-1.503,-3.705,-4.008,-2.297
229.921,-52.274,0.061,-1.388,-4.050,-4.372,-2.875
229.933,-37.303,2.271,-1.049,-4.204,-4.562,-3.407
229.945,-20.637,2.070,-0.643,-4.150,-4.507,-3.733
229.957,-4.421,2.328,-0.209,-3.853,-4.211,-3.843
229.969,12.352,2.632,0.212,-3.391,-3.730,-3.760
229.981,27.600,2.666,0.573,-2.773,-3.101,-3.487
229.991,36.418,3.061,0.836,-2.183,-2.528,-3.135
230.001,47.877,1.321,0.965,-1.456,-1.773,-2.680
230.012,58.854,1.606,1.043,-0.624,-0.947,-2.120
230.022,66.706,2.177,1.156,0.237,-0.100,-1.466
230.032,72.062,3.221,1.341,1.104,0.751,-0.744
230.043,73.987,3.161,1.487,1.946,1.606,0.068
230.055,73.281,3.517,1.671,2.755,2.418,0.914
230.066,72.135,4.064,1.900,3.553,3.213,1.763
230.078,66.544,4.067,2.148,4.158,3.825,2.561
230.090,53.178,3.973,2.344,4.464,4.133,3.247
230.101,38.948,2.783,2.434,4.551,4.241,3.769
230.113,19.068,1.067,2.321,4.306,4.031,4.099
230.124,-8.949,0.739,2.120,3.515,3.254,4.124
230.136,-41.034,1.032,1.923,2.258,1.994,3.795
230.148,-72.449,0.793,1.742,0.621,0.389,3.094
230.159,-105.480,0.434,1.589,-1.409,-1.621,2.024
230.171,-137.594,1.457,1.514,-3.733,-3.970,0.591
230.182,-166.273,1.779,1.511,-6.371,-6.615,-1.210
230.194,-189.288,0.885,1.441,-9.111,-9.329,-3.283
230.206,-204.902,-0.093,1.286,-11.938,-12.112,-5.615
230.217,-217.102,-0.395,1.107,-14.678,-14.845,-8.038
230.229,-223.040,0.665,1.024,-17.413,-17.592,-10.596
230.241,-222.368,2.290,1.101,-19.908,-20.130,-13.159
230.252,-218.051,2.662,1.272,-22.284,-22.514,-15.676
230.264,-206.269,2.813,1.455,-24.386,-24.598,-18.090
230.276,-185.792,3.108,1.684,-26.002,-26.218,-20.299
230.287,-159.569,2.542,1.897,-27.118,-27.319,-22.182
230.299,-129.372,2.822,2.079,-27.799,-28.014,-23.778
230.311,-100.857,2.345,2.190,-28.200,-28.403,-25.028
230.322,-66.023,2.036,2.193,-28.013,-28.204,-25.884
230.334,-33.862,1.438,2.108,-27.527,-27.703,-26.350
230.346,-0.968,1.478,1.973,-26.643,-26.820,-26.437
230.358,29.083,1.285,1.867,-25.497,-25.667,-26.163
230.369,52.766,0.963,1.787,-24.237,-24.403,-25.585
230.381,73.604,0.918,1.706,-22.758,-22.922,-24.739
230.392,91.783,-0.366,1.555,-21.201,-21.334,-23.686
230.404,104.492,-0.486,1.347,-19.603,-19.754,-22.479
230.415,112.734,0.547,1.220,-18.085,-18.260,-21.194
230.426,120.953,0.433,1.134,-16.459,-16.634,-19.788
230.438,125.476,0.238,1.032,-14.925,-15.095,-18.347
230.449,132.242,0.067,0.934,-13.254,-13.419,-16.846
230.460,135.803,-0.515,0.801,-11.616,-11.752,-15.292
230.471,144.751,0.628,0.717,-9.807,-9.963,-13.712
230.482,152.855,0.823,0.712,-7.957,-8.130,-12.086
230.492,163.771,0.005,0.633,-5.985,-6.152,-10.370
230.503,173.442,-1.031,0.468,-3.924,-4.068,-8.547
230.513,182.806,-1.933,0.251,-1.800,-1.917,-6.644
230.523,192.965,0.488,0.146,0.377,0.224,-4.732
230.533,199.224,0.180,0.158,2.492,2.353,-2.747
230.545,193.760,-1.121,0.058,4.662,4.560,-0.395
230.557,187.980,-1.773,-0.149,6.771,6.681,1.872
230.569,167.750,-1.647,-0.312,8.358,8.273,3.973
230.581,144.271,-2.233,-0.518,9.601,9.524,5.796
230.593,113.695,-4.034,-0.923,10.328,10.300,7.286
230.605,79.187,-3.442,-1.348,10.590,10.552,8.368
230.617,41.454,-2.239,-1.607,10.338,10.279,9.010
230.629,4.646,-2.873,-1.830,9.622,9.591,9.208
230.640,-29.062,-2.414,-1.950,8.625,8.577,8.993
230.652,-57.328,-0.701,-1.942,7.413,7.337,8.424
230.663,-76.618,-0.724,-1.815,6.149,6.087,7.683
230.673,-89.930,-2.194,-1.820,4.908,4.878,6.813
230.683,-102.434,-1.830,-1.829,3.597,3.561,5.807
230.693,-108.692,-1.811,-1.827,2.320,2.283,4.694
230.703,-110.562,-1.531,-1.808,1.156,1.114,3.570
230.715,-113.355,-1.432,-1.755,-0.253,-0.295,2.219
230.727,-105.456,-3.053,-1.817,-1.433,-1.419,0.906
230.739,-90.550,-3.302,-1.973,-2.248,-2.236,-0.266
230.751,-83.252,-2.281,-2.066,-3.072,-3.087,-1.296
230.763,-72.178,-0.842,-2.054,-3.689,-3.732,-2.213
230.775,-56.662,-1.073,-1.989,-4.012,-4.085,-2.965
230.787,-37.898,-0.826,-1.898,-4.065,-4.170,-3.505
230.798,-16.004,0.642,-1.599,-3.822,-3.944,-3.793
230.810,6.373,1.543,-1.115,-3.292,-3.427,-3.810
230.822,26.636,1.085,-0.736,-2.617,-2.733,-3.588
230.834,44.685,-0.444,-0.578,-1.788,-1.863,-3.140
230.844,55.454,-0.936,-0.585,-0.977,-1.045,-2.606
230.855,66.566,-0.275,-0.569,-0.040,-0.131,-1.971
230.865,70.993,-0.162,-0.518,0.860,0.751,-1.208
230.876,75.235,0.621,-0.431,1.748,1.631,-0.415
230.887,76.697,1.411,-0.286,2.625,2.493,0.424
230.899,74.331,1.263,-0.152,3.445,3.315,1.296
230.910,71.469,1.035,-0.045,4.210,4.087,2.145
230.922,66.660,0.894,0.058,4.826,4.714,2.930
230.934,57.837,0.766,0.156,5.258,5.150,3.628
230.945,46.078,0.985,0.257,5.530,5.418,4.217
230.957,33.954,1.445,0.394,5.636,5.516,4.664
230.968,16.430,1.676,0.596,5.368,5.255,4.928
230.980,-2.185,1.784,0.730,4.880,4.763,4.981
230.991,-22.097,1.644,0.810,4.208,4.086,4.832
231.002,-37.331,1.006,0.854,3.446,3.332,4.486
231.013,-52.716,-0.879,0.726,2.503,2.416,3.973
231.024,-64.169,-2.371,0.453,1.496,1.426,3.298
231.035,-71.926,-3.143,0.072,0.490,0.427,2.515
231.046,-75.987,-3.118,-0.309,-0.457,-0.523,1.672
231.057,-79.509,-2.489,-0.589,-1.372,-1.453,0.813
231.069,-77.984,-1.300,-0.708,-2.225,-2.332,-0.092
231.080,-73.593,0.567,-0.618,-2.924,-3.076,-0.948
231.091,-64.613,0.975,-0.412,-3.396,-3.567,-1.688
231.102,-52.518,0.821,-0.228,-3.694,-3.861,-2.315
231.113,-38.208,0.312,-0.095,-3.777,-3.934,-2.790
231.124,-22.536,0.086,-0.012,-3.682,-3.840,-3.113
231.134,-4.592,0.543,0.053,-3.319,-3.497,-3.234
231.146,16.217,1.212,0.234,-2.708,-2.912,-3.134
231.158,34.049,1.573,0.457,-1.935,-2.149,-2.797
231.170,49.783,1.884,0.619,-0.994,-1.215,-2.261
231.182,62.917,2.582,0.759,0.038,-0.189,-1.550
231.192,69.868,2.837,0.953,0.893,0.660,-0.857
231.202,74.624,2.350,1.094,1.751,1.528,-0.101
231.213,78.322,0.515,1.099,2.604,2.414,0.687
231.223,79.743,-0.116,1.023,3.494,3.311,1.537
231.234,77.376,-0.258,0.942,4.280,4.102,2.397
231.246,71.556,-0.266,0.868,4.924,4.749,3.238
231.258,61.773,-0.206,0.753,5.415,5.239,4.012
231.269,50.940,-0.024,0.646,5.694,5.516,4.631
231.281,36.437,0.281,0.549,5.751,5.567,5.104
231.292,21.868,0.519,0.465,5.685,5.490,5.413
231.304,6.240,1.199,0.458,5.350,5.141,5.547
231.316,-2.772,1.054,0.529,5.039,4.846,5.540
231.328,-6.707,1.159,0.625,4.816,4.640,5.460
231.339,-3.995,1.073,0.723,4.759,4.610,5.374
231.351,8.277,1.118,0.786,5.146,4.992,5.393
231.363,30.414,1.599,0.846,6.009,5.848,5.621
231.374,58.966,1.872,0.934,7.374,7.203,6.152
231.386,94.642,1.415,1.023,9.324,9.164,7.077
231.398,132.979,1.194,1.022,11.827,11.675,8.450
231.410,168.455,0.909,1.029,14.636,14.492,10.226
231.421,199.516,1.301,1.062,17.641,17.488,12.354
231.433,222.894,1.724,1.093,20.769,20.606,14.797
231.445,233.275,2.135,1.157,23.743,23.564,17.437
231.456,231.717,1.975,1.239,26.416,26.238,20.161
231.468,214.030,1.586,1.295,28.440,28.269,22.732
231.480,185.331,0.610,1.224,29.858,29.715,25.000
231.491,146.199,0.148,1.170,30.479,30.344,26.752
231.503,102.488,0.119,1.018,30.519,30.387,28.037
231.514,53.601,-0.276,0.913,29.873,29.751,28.815
231.526,3.122,0.483,0.833,28.639,28.500,29.004
231.537,-45.246,1.386,0.828,26.882,26.720,28.623
231.549,-83.060,1.583,0.844,24.909,24.736,27.749
231.560,-113.573,2.182,0.896,22.792,22.599,26.491
231.572,-136.479,2.802,1.059,20.563,20.360,24.930
231.584,-149.717,2.834,1.279,18.403,18.204,23.172
231.595,-152.576,3.157,1.496,16.452,16.252,21.327
231.607,-149.672,4.055,1.731,14.726,14.508,19.510
231.619,-141.203,4.908,2.038,13.228,13.001,17.765
231.631,-132.207,4.602,2.385,11.881,11.660,16.122
231.642,-124.821,4.351,2.682,10.588,10.370,14.600
231.654,-119.620,3.700,2.866,9.319,9.111,13.161
231.665,-118.130,2.956,2.895,8.003,7.813,11.771
231.677,-121.742,2.523,2.828,6.488,6.323,10.349
231.689,-125.171,2.475,2.773,4.954,4.793,8.893
231.700,-134.321,2.549,2.774,3.165,3.007,7.360
231.712,-143.048,2.147,2.786,1.270,1.123,5.723
231.724,-151.294,1.588,2.711,-0.700,-0.847,3.991
231.735,-156.023,1.638,2.613,-2.530,-2.688,2.287
231.746,-156.574,2.362,2.576,-4.262,-4.440,0.544
231.757,-150.702,3.275,2.650,-5.812,-6.010,-1.198
231.768,-138.962,3.715,2.789,-7.030,-7.234,-2.755
231.779,-119.777,3.722,2.914,-7.847,-8.048,-4.091
231.789,-95.903,4.260,3.049,-8.308,-8.522,-5.172
231.799,-69.006,4.152,3.211,-8.422,-8.632,-5.960
231.811,-35.415,3.812,3.340,-8.166,-8.364,-6.520
231.823,-0.080,3.445,3.416,-7.468,-7.650,-6.664
231.833,25.529,3.716,3.442,-6.638,-6.821,-6.482
231.843,47.719,3.351,3.474,-5.674,-5.850,-6.070
231.854,67.690,2.732,3.448,-4.442,-4.609,-5.386
231.866,80.779,2.691,3.404,-3.135,-3.302,-4.471
231.877,90.084,2.142,3.283,-1.891,-2.047,-3.483
231.888,92.697,2.141,3.122,-0.726,-0.881,-2.415
231.900,87.618,1.818,2.957,0.214,0.064,-1.334
231.912,75.966,1.310,2.826,0.837,0.700,-0.368
231.924,52.436,0.624,2.594,0.889,0.768,0.380
231.936,24.937,0.054,2.333,0.489,0.374,0.808
231.947,-10.118,0.151,2.119,-0.478,-0.597,0.861
231.959,-47.393,-0.327,1.891,-1.947,-2.049,0.492
231.971,-89.466,0.289,1.742,-4.064,-4.172,-0.365
231.983,-132.671,1.002,1.581,-6.629,-6.746,-1.697
231.995,-174.570,1.249,1.580,-9.806,-9.921,-3.589
232.007,-211.108,1.484,1.564,-13.188,-13.306,-5.892
232.018,-238.784,0.721,1.482,-16.671,-16.768,-8.561
232.030,-258.429,0.833,1.365,-20.215,-20.299,-11.514
232.042,-263.677,0.891,1.235,-23.269,-23.360,-14.468
232.053,-255.636,1.316,1.194,-25.995,-26.096,-17.423
232.065,-237.036,2.355,1.334,-28.262,-28.384,-20.282
232.077,-206.407,3.049,1.528,-29.837,-29.976,-22.802
232.089,-165.020,2.993,1.745,-30.710,-30.842,-24.892
232.101,-117.658,2.994,1.843,-30.830,-30.953,-26.429
232.113,-64.765,2.942,1.957,-30.224,-30.347,-27.386
232.124,-12.082,2.615,2.047,-29.003,-29.108,-27.684
232.136,38.616,1.738,2.019,-27.210,-27.297,-27.374
232.147,83.083,1.636,1.971,-25.125,-25.209,-26.547
232.158,117.372,1.613,1.914,-22.912,-23.002,-25.301
232.170,145.932,1.646,1.813,-20.511,-20.609,-23.704
232.181,164.245,1.334,1.706,-18.159,-18.258,-21.859
232.192,175.665,0.959,1.611,-15.866,-15.961,-19.867
232.204,182.635,0.598,1.529,-13.583,-13.667,-17.759
232.215,184.637,0.087,1.375,-11.348,-11.423,-15.569
232.227,186.354,-0.143,1.154,-9.049,-9.137,-13.333
232.239,184.854,0.020,0.963,-6.926,-7.030,-11.144
232.250,184.763,-0.144,0.841,-4.791,-4.892,-8.974
232.262,183.181,0.230,0.769,-2.689,-2.796,-6.821
232.273,179.903,0.215,0.751,-0.734,-0.842,-4.770
232.284,175.527,0.981,0.769,1.111,0.995,-2.799
232.294,168.853,1.569,0.845,2.652,2.539,-1.055
232.304,161.559,3.379,1.067,4.163,4.020,0.631
232.314,150.361,2.778,1.248,5.436,5.317,2.228
232.325,135.735,2.405,1.370,6.516,6.409,3.686
232.335,117.818,2.190,1.479,7.303,7.204,4.970
232.345,97.548,0.887,1.503,7.830,7.752,6.040
232.355,77.745,0.329,1.448,8.171,8.092,6.900
232.366,54.193,0.923,1.393,8.190,8.108,7.531
232.377,24.484,0.208,1.199,7.922,7.846,7.962
232.389,0.244,-0.326,0.950,7.418,7.355,8.058
232.400,-16.414,-1.751,0.711,6.843,6.804,7.931
232.410,-34.262,-2.053,0.413,6.100,6.072,7.633
232.420,-53.695,-3.619,0.024,5.107,5.100,7.141
232.430,-67.995,-4.235,-0.395,4.101,4.099,6.478
232.440,-76.853,-3.721,-0.773,3.132,3.108,5.696
232.451,-82.177,-1.628,-0.962,2.213,2.135,4.857
232.462,-88.152,-0.848,-0.985,1.065,0.965,3.853
232.474,-91.046,-0.332,-0.913,-0.050,-0.163,2.799
232.485,-89.424,-0.090,-0.831,-1.073,-1.190,1.736
232.497,-85.145,-0.008,-0.770,-1.983,-2.095,0.715
232.509,-74.362,-0.149,-0.702,-2.596,-2.702,-0.207
232.520,-60.914,-0.728,-0.641,-2.971,-3.070,-0.977
232.531,-40.993,-1.463,-0.682,-2.965,-3.045,-1.533
232.543,-14.099,-1.449,-0.746,-2.514,-2.595,-1.820
232.554,17.019,-0.763,-0.764,-1.594,-1.693,-1.779
232.565,54.284,-0.782,-0.785,-0.136,-0.238,-1.352
232.576,94.894,-0.693,-0.786,1.879,1.774,-0.475
232.588,134.590,-0.005,-0.752,4.329,4.214,0.850
232.599,174.262,-0.251,-0.711,7.286,7.168,2.657
232.611,209.484,-0.909,-0.719,10.536,10.429,4.907
232.622,238.109,-1.369,-0.810,13.855,13.746,7.436
232.633,261.354,-1.359,-0.909,17.277,17.161,10.226
232.644,277.613,-0.884,-0.968,20.728,20.598,13.224
232.656,286.179,0.095,-0.907,24.091,23.944,16.345
232.667,286.178,0.410,-0.809,27.231,27.071,19.511
232.678,277.193,0.085,-0.730,30.048,29.895,22.603
232.689,263.737,-0.412,-0.710,32.608,32.466,25.574
232.701,238.065,0.131,-0.663,34.595,34.438,28.271
232.712,207.819,0.198,-0.556,36.117,35.962,30.656
232.723,172.661,-0.745,-0.571,37.069,36.945,32.640
232.734,132.414,-1.300,-0.673,37.511,37.401,34.200
232.745,93.454,-1.040,-0.682,37.508,37.407,35.312
232.757,56.493,-1.250,-0.716,37.132,37.033,36.016
232.768,24.309,-1.833,-0.815,36.523,36.431,36.316
232.779,-8.479,-1.587,-0.880,35.548,35.435,36.244
232.790,-36.793,-0.596,-0.889,34.329,34.186,35.824
232.802,-66.051,0.528,-0.812,32.824,32.656,35.102
232.813,-90.785,0.321,-0.700,31.036,30.875,34.051
232.825,-111.912,0.310,-0.520,29.087,28.926,32.732
232.836,-131.431,-0.259,-0.415,27.072,26.917,31.240
232.847,-152.358,-1.086,-0.408,24.817,24.672,29.538
232.859,-172.287,-1.706,-0.506,22.331,22.207,27.602
232.870,-191.649,-2.534,-0.651,19.597,19.480,25.424
232.882,-207.319,-2.027,-0.804,16.731,16.599,22.995
232.893,-224.992,-1.839,-0.964,13.666,13.530,20.392
232.905,-241.414,-0.935,-1.064,10.427,10.279,17.586
232.917,-253.893,0.525,-0.931,7.113,6.928,14.593
232.928,-263.170,1.817,-0.642,3.825,3.607,11.541
232.940,-268.049,2.589,-0.246,0.670,0.432,8.466
232.951,-267.419,3.056,0.161,-2.313,-2.562,5.419
232.962,-259.669,2.128,0.448,-4.866,-5.096,2.638
232.972,-245.776,3.018,0.684,-7.090,-7.344,0.035
232.982,-221.205,3.758,1.023,-8.779,-9.060,-2.320
232.992,-190.609,3.298,1.307,-10.065,-10.331,-4.388
233.002,-158.399,3.086,1.545,-10.963,-11.224,-6.122
233.013,-121.032,3.267,1.714,-11.353,-11.615,-7.495
233.023,-84.120,3.434,1.870,-11.367,-11.621,-8.488
233.033,-47.581,2.193,1.934,-11.028,-11.260,-9.092
233.044,-13.598,2.733,1.994,-10.380,-10.622,-9.341
233.054,15.938,2.568,2.081,-9.570,-9.797,-9.271
233.064,45.223,2.569,2.128,-8.435,-8.662,-8.898
233.074,68.192,3.112,2.216,-7.188,-7.422,-8.261
233.084,83.556,3.289,2.332,-5.960,-6.195,-7.436
233.095,94.508,3.519,2.435,-4.743,-4.976,-6.489
233.105,101.729,3.693,2.571,-3.530,-3.764,-5.452
233.115,105.630,3.020,2.623,-2.360,-2.568,-4.357
233.125,106.347,2.130,2.596,-1.281,-1.467,-3.261
233.136,102.748,0.870,2.449,-0.320,-0.467,-2.166
233.146,95.676,1.870,2.349,0.518,0.360,-1.148
233.156,86.757,2.219,2.313,1.245,1.081,-0.204
233.166,77.952,1.166,2.230,1.825,1.682,0.627
233.176,71.183,0.771,2.098,2.407,2.273,1.381
233.188,63.114,0.614,1.980,2.930,2.793,2.114
233.199,52.269,0.886,1.906,3.289,3.143,2.772
233.211,41.353,0.779,1.744,3.501,3.370,3.301
233.223,27.066,1.368,1.617,3.473,3.341,3.675
233.234,10.084,1.156,1.555,3.172,3.044,3.862
233.246,-6.909,2.189,1.672,2.669,2.528,3.853
233.258,-24.308,2.336,1.808,1.948,1.811,3.644
233.270,-48.384,1.574,1.925,0.785,0.655,3.186
233.282,-75.196,0.804,1.867,-0.751,-0.871,2.430
233.293,-105.073,1.001,1.715,-2.694,-2.816,1.337
233.305,-133.277,1.751,1.675,-4.955,-5.091,-0.106
233.317,-162.436,1.954,1.698,-7.559,-7.720,-1.880
233.329,-191.622,3.289,1.885,-10.567,-10.722,-3.998
233.341,-218.593,3.739,2.125,-13.846,-14.003,-6.460
233.353,-237.863,3.358,2.316,-17.099,-17.249,-9.157
233.365,-253.811,3.272,2.479,-20.426,-20.591,-12.051
233.377,-263.432,3.004,2.546,-23.768,-23.924,-15.115
233.389,-264.202,3.383,2.560,-26.837,-26.984,-18.198
233.400,-256.611,4.040,2.688,-29.596,-29.758,-21.215
233.412,-238.197,4.201,2.878,-31.900,-32.062,-24.067
233.424,-212.249,3.426,2.997,-33.699,-33.842,-26.631
233.436,-178.670,3.219,3.055,-34.875,-35.003,-28.813
233.448,-137.785,3.082,3.102,-35.428,-35.560,-30.565
233.460,-97.256,3.548,3.111,-35.430,-35.565,-31.791
233.471,-54.686,3.442,3.157,-34.918,-35.049,-32.519
233.483,-15.201,3.291,3.196,-34.021,-34.145,-32.779
233.495,20.743,2.925,3.191,-32.755,-32.870,-32.592
233.507,49.401,2.517,3.196,-31.319,-31.438,-32.025
233.519,70.249,1.974,3.139,-29.821,-29.924,-31.167
233.531,84.496,1.789,3.017,-28.345,-28.445,-30.120
233.543,91.175,1.161,2.749,-26.979,-27.086,-28.967
233.555,93.806,1.219,2.495,-25.691,-25.806,-27.760
233.566,89.520,0.945,2.283,-24.657,-24.760,-26.580
233.578,82.429,1.213,2.179,-23.759,-23.857,-25.472
233.590,70.599,0.887,2.062,-23.106,-23.191,-24.476
233.602,57.779,0.630,1.853,-22.638,-22.721,-23.636
233.614,44.824,1.187,1.676,-22.335,-22.427,-22.951
233.626,28.366,1.358,1.593,-22.283,-22.410,-22.449
233.638,11.404,1.241,1.541,-22.520,-22.623,-22.153
233.650,-3.641,1.600,1.568,-22.880,-22.981,-22.050
233.662,-14.468,1.408,1.561,-23.277,-23.371,-22.101
233.673,-22.538,1.591,1.497,-23.651,-23.754,-22.252
233.685,-27.658,1.071,1.386,-23.968,-24.072,-22.452
233.696,-25.105,0.876,1.254,-24.110,-24.224,-22.677
233.708,-15.466,1.026,1.151,-23.983,-24.119,-22.836
233.719,0.732,0.962,1.109,-23.545,-23.692,-22.841
233.730,29.837,0.422,1.052,-22.527,-22.657,-22.586
233.741,64.262,0.351,0.992,-20.966,-21.096,-21.966
233.752,104.204,-0.052,0.898,-18.786,-18.908,-20.909
233.764,145.491,-0.590,0.756,-16.134,-16.240,-19.405
233.775,186.468,-0.608,0.634,-12.958,-13.055,-17.386
233.787,222.816,-0.151,0.530,-9.468,-9.580,-14.934
233.798,253.276,-0.435,0.437,-5.738,-5.846,-12.086
233.810,273.332,-0.414,0.377,-2.032,-2.145,-8.967
233.821,282.484,-0.592,0.279,1.328,1.215,-5.846
233.832,277.891,-0.725,0.157,4.383,4.275,-2.651
233.843,261.596,-1.712,0.014,6.772,6.679,0.211
233.853,234.673,-1.979,-0.178,8.569,8.479,2.719
233.864,202.964,-2.065,-0.389,9.981,9.891,4.962
233.875,164.567,-2.881,-0.697,10.930,10.855,6.984
233.886,120.882,-1.840,-0.868,11.224,11.122,8.503
233.898,74.616,-1.500,-0.964,10.947,10.839,9.547
233.909,28.789,-2.525,-1.123,10.112,10.022,10.065
233.921,-10.938,-2.991,-1.279,8.979,8.894,10.092
233.932,-42.878,-4.058,-1.520,7.682,7.606,9.712
233.944,-65.679,-4.310,-1.801,6.322,6.234,9.008
233.956,-81.506,-4.191,-2.091,4.930,4.836,8.077
233.968,-85.944,-4.053,-2.358,3.741,3.684,7.040
233.979,-81.341,-3.802,-2.605,2.880,2.825,6.038
233.991,-67.152,-3.350,-2.765,2.402,2.328,5.142
234.003,-46.750,-3.052,-2.818,2.309,2.227,4.448
234.015,-25.196,-3.071,-2.828,2.568,2.484,4.029
234.027,1.619,-4.048,-2.932,3.253,3.195,3.906
234.039,29.182,-4.205,-3.095,4.255,4.189,4.091
234.050,57.525,-4.185,-3.248,5.595,5.518,4.596
234.062,85.730,-4.273,-3.332,7.258,7.181,5.434
234.074,110.565,-3.990,-3.345,9.175,9.076,6.594
234.086,132.339,-4.419,-3.389,11.296,11.202,8.045
234.098,147.800,-5.003,-3.570,13.429,13.342,9.701
234.109,157.561,-5.354,-3.793,15.410,15.322,11.403
234.121,158.520,-5.435,-4.011,17.146,17.056,13.124
234.132,155.855,-5.514,-4.197,18.752,18.661,14.814
234.143,147.819,-5.081,-4.313,20.170,20.070,16.451
234.155,140.513,-4.634,-4.322,21.576,21.465,18.055
234.166,130.166,-4.254,-4.271,22.778,22.640,19.553
234.178,116.011,-3.795,-4.225,23.693,23.534,20.869
234.189,102.131,-2.665,-4.101,24.438,24.246,21.989
234.200,86.982,-1.162,-3.849,25.000,24.773,22.950
234.212,72.457,0.168,-3.414,25.394,25.156,23.764
234.223,59.921,1.153,-2.919,25.673,25.424,24.409
234.234,49.691,1.869,-2.406,25.904,25.644,24.933
234.246,40.163,2.454,-1.868,26.071,25.800,25.367
234.257,32.871,2.862,-1.328,26.172,25.893,25.688
234.268,26.709,3.447,-0.801,26.247,25.957,25.933
234.280,21.868,4.153,-0.274,26.309,26.000,26.120
234.291,18.044,4.892,0.264,26.370,26.036,26.262
234.302,16.128,5.600,0.821,26.439,26.082,26.374
234.313,14.137,6.139,1.447,26.469,26.113,26.474
234.325,12.233,6.553,2.051,26.440,26.087,26.542
234.336,11.770,6.928,2.622,26.473,26.120,26.603
234.347,12.887,6.950,3.158,26.549,26.198,26.672
234.358,15.034,7.097,3.609,26.667,26.317,26.755
234.370,19.248,7.392,3.996,26.893,26.546,26.879
234.381,21.263,7.999,4.398,27.073,26.718,27.029
234.392,23.664,8.579,4.809,27.324,26.952,27.212
234.403,26.824,8.664,5.202,27.647,27.259,27.432
234.415,28.452,8.011,5.521,27.934,27.548,27.675
234.426,29.992,7.273,5.730,28.240,27.873,27.942
234.437,32.545,5.907,5.765,28.553,28.223,28.220
234.448,33.339,4.153,5.609,28.795,28.518,28.506
234.460,33.482,3.059,5.286,29.073,28.827,28.797
234.471,31.401,2.135,4.923,29.283,29.060,29.067
234.482,29.591,1.200,4.547,29.484,29.280,29.316
234.493,28.581,0.283,4.154,29.679,29.492,29.547
234.504,25.923,-0.499,3.739,29.831,29.651,29.756
234.516,22.399,-1.290,3.245,29.900,29.743,29.925
234.527,18.088,-2.498,2.684,29.915,29.773,30.051
234.538,11.968,-3.349,2.067,29.793,29.660,30.103
234.549,7.206,-3.908,1.432,29.665,29.541,30.100
234.561,-1.605,-3.090,0.797,29.322,29.209,30.012
234.573,-12.567,-2.634,0.330,28.793,28.696,29.810
234.584,-21.004,-1.862,0.044,28.263,28.149,29.496
234.596,-32.337,-1.537,-0.095,27.522,27.411,29.071
234.608,-43.492,-2.303,-0.268,26.647,26.547,28.510
234.619,-59.649,-3.318,-0.550,25.493,25.404,27.802
234.631,-79.030,-2.641,-0.910,24.009,23.923,26.865
234.643,-98.365,-2.482,-1.185,22.323,22.242,25.709
234.654,-117.932,-1.883,-1.329,20.495,20.396,24.390
234.665,-136.517,-0.797,-1.310,18.476,18.352,22.859
234.677,-151.629,0.075,-1.117,16.310,16.182,21.116
234.689,-160.615,0.121,-0.849,14.120,14.001,19.194
234.701,-166.186,0.937,-0.551,11.971,11.833,17.175
234.712,-166.681,0.666,-0.353,9.958,9.812,15.145
234.724,-160.206,1.124,-0.201,8.206,8.051,13.157
234.736,-146.594,1.835,-0.025,6.789,6.613,11.301
234.748,-129.745,2.784,0.238,5.630,5.432,9.627
234.760,-109.687,3.513,0.566,4.860,4.650,8.212
234.772,-87.390,3.529,0.898,4.378,4.171,7.052
234.783,-65.861,2.916,1.153,4.143,3.952,6.203
234.793,-46.929,2.742,1.348,4.072,3.891,5.620
234.804,-34.594,2.365,1.514,3.960,3.787,5.182
234.814,-27.027,1.485,1.591,3.871,3.708,4.866
234.825,-21.641,1.395,1.621,3.748,3.592,4.604
234.836,-23.178,1.726,1.703,3.452,3.302,4.341
234.848,-28.842,1.618,1.740,3.004,2.858,4.032
234.859,-41.001,1.942,1.734,2.200,2.054,3.591
234.871,-53.357,1.867,1.742,1.239,1.104,3.006
234.883,-66.334,2.135,1.782,0.149,0.009,2.280
234.895,-79.223,2.247,1.823,-1.065,-1.204,1.409
234.907,-93.033,2.916,1.879,-2.495,-2.642,0.372
234.919,-105.086,3.721,2.003,-4.003,-4.167,-0.805
234.931,-115.636,4.710,2.280,-5.687,-5.870,-2.148
234.943,-124.117,4.220,2.643,-7.386,-7.548,-3.574
234.955,-126.723,4.448,2.968,-8.888,-9.041,-5.032
234.966,-126.621,3.324,3.050,-10.359,-10.486,-6.504
234.978,-121.919,3.325,3.017,-11.678,-11.809,-7.963
234.990,-115.165,3.400,3.057,-12.838,-12.971,-9.333
235.002,-104.716,3.938,3.159,-13.744,-13.891,-10.584
235.014,-90.710,4.784,3.326,-14.422,-14.587,-11.688
235.026,-75.840,5.553,3.573,-14.909,-15.089,-12.623
235.038,-59.400,5.577,3.809,-15.137,-15.311,-13.349
235.050,-48.069,5.736,4.001,-15.335,-15.514,-13.919
235.062,-40.083,5.442,4.148,-15.553,-15.729,-14.374
235.073,-36.776,5.188,4.239,-15.850,-16.024,-14.771
235.085,-37.820,5.648,4.325,-16.273,-16.450,-15.157
235.097,-45.834,5.346,4.431,-16.949,-17.116,-15.599
235.109,-55.918,5.026,4.600,-17.805,-17.972,-16.153
235.121,-70.264,4.379,4.645,-18.908,-19.070,-16.848
235.133,-90.348,3.731,4.551,-20.393,-20.534,-17.743
235.145,-105.201,3.500,4.432,-21.924,-22.057,-18.843
235.157,-120.610,3.509,4.303,-23.639,-23.771,-20.122
235.169,-134.627,3.791,4.222,-25.510,-25.648,-21.586
235.181,-144.677,3.486,4.196,-27.426,-27.523,-23.169
235.192,-146.779,2.883,4.128,-29.185,-29.253,-24.823
235.204,-143.560,2.991,4.023,-30.668,-30.733,-26.431
235.216,-134.903,2.228,3.804,-31.937,-31.988,-27.969
235.228,-118.685,2.344,3.580,-32.862,-32.916,-29.364
235.240,-95.122,1.955,3.378,-33.282,-33.327,-30.498
235.252,-68.337,1.736,3.246,-33.374,-33.397,-31.342
235.263,-41.245,1.889,3.059,-33.084,-33.107,-31.854
235.275,-12.712,1.856,2.911,-32.424,-32.446,-32.043
235.287,14.058,2.389,2.820,-31.492,-31.528,-31.900
235.299,37.903,2.273,2.708,-30.361,-30.369,-31.450
235.311,57.475,1.902,2.651,-29.112,-29.112,-30.763
235.323,68.098,1.767,2.555,-27.897,-27.896,-29.890
235.335,74.328,0.132,2.300,-26.752,-26.717,-28.926
235.346,73.184,-0.543,1.965,-25.820,-25.774,-27.956
235.358,68.914,-1.227,1.652,-25.034,-24.975,-27.030
235.370,60.868,-2.057,1.301,-24.405,-24.328,-26.170
235.382,43.872,-2.689,0.931,-24.214,-24.141,-25.484
235.394,27.269,-2.260,0.616,-24.229,-24.169,-24.999
235.406,9.581,-2.413,0.232,-24.423,-24.361,-24.705
235.418,-11.350,-1.678,-0.032,-24.974,-24.926,-24.658
235.429,-32.772,-0.924,-0.211,-25.828,-25.795,-24.866
235.441,-50.721,0.449,-0.211,-26.799,-26.797,-25.304
235.453,-65.044,2.035,-0.014,-27.800,-27.833,-25.907
235.465,-77.591,1.828,0.301,-28.986,-29.000,-26.685
235.477,-84.583,2.446,0.633,-30.037,-30.064,-27.551
235.489,-87.387,1.736,0.891,-31.041,-31.074,-28.473
235.500,-85.281,0.660,0.984,-31.881,-31.909,-29.394
235.512,-80.140,-0.688,0.858,-32.637,-32.627,-30.273
235.524,-69.488,-0.753,0.667,-33.097,-33.089,-31.049
235.536,-52.932,-0.974,0.508,-33.239,-33.225,-31.664
235.548,-33.290,-1.661,0.378,-33.055,-33.027,-32.053
235.560,-12.030,-2.302,0.192,-32.571,-32.523,-32.193
235.572,9.230,-1.696,-0.000,-31.822,-31.781,-32.082
235.583,30.671,-1.407,-0.199,-30.826,-30.793,-31.719
235.595,51.491,-0.494,-0.245,-29.610,-29.591,-31.112
235.607,68.107,0.072,-0.145,-28.286,-28.270,-30.280
235.619,83.173,-0.266,-0.062,-26.807,-26.798,-29.256
235.631,92.011,-0.475,-0.122,-25.391,-25.376,-28.101
235.643,94.818,0.191,-0.117,-24.107,-24.111,-26.904
235.654,93.987,1.328,0.027,-22.915,-22.930,-25.686
235.666,87.676,1.568,0.278,-21.933,-21.942,-24.507
235.678,75.912,0.199,0.377,-21.249,-21.237,-23.451
235.690,60.416,-0.408,0.225,-20.812,-20.787,-22.561
235.702,43.559,-1.351,0.040,-20.686,-20.630,-21.892
235.714,23.918,-1.047,-0.139,-20.807,-20.752,-21.436
235.726,6.429,-0.048,-0.218,-21.059,-21.041,-21.200
235.737,-6.824,1.156,-0.116,-21.399,-21.406,-21.148
235.749,-15.117,1.165,0.059,-21.763,-21.753,-21.219
235.761,-13.845,0.979,0.219,-21.859,-21.833,-21.320
235.773,-5.901,0.552,0.299,-21.663,-21.639,-21.355
235.785,6.819,-0.753,0.217,-21.208,-21.141,-21.255
235.797,28.178,-1.548,0.009,-20.288,-20.209,-20.957
235.809,52.638,-2.556,-0.306,-19.056,-18.959,-20.400
235.821,79.529,-2.792,-0.662,-17.377,-17.277,-19.525
235.833,107.748,-3.493,-0.974,-15.344,-15.233,-18.323
235.844,133.660,-4.160,-1.316,-13.103,-12.979,-16.822
235.856,152.314,-4.391,-1.731,-10.752,-10.644,-15.042
235.868,165.754,-4.199,-2.069,-8.388,-8.295,-13.091
235.880,172.363,-3.700,-2.334,-6.110,-6.043,-11.032
235.892,171.123,-4.446,-2.547,-4.063,-3.980,-8.960
235.904,160.731,-5.084,-2.751,-2.384,-2.298,-6.965
235.916,144.334,-5.328,-3.091,-1.046,-0.955,-5.157
235.928,123.737,-6.428,-3.479,-0.137,-0.015,-3.590
235.939,100.978,-6.820,-3.952,0.464,0.591,-2.366
235.949,77.887,-7.434,-4.332,0.745,0.878,-1.466
235.960,57.809,-8.704,-4.759,0.847,1.007,-0.797
235.970,38.589,-7.304,-5.064,0.815,0.961,-0.325
235.981,25.298,-6.506,-5.245,0.743,0.869,-0.030
235.991,18.646,-6.541,-5.384,0.769,0.891,0.172
236.002,12.581,-6.778,-5.525,0.761,0.879,0.307
236.012,10.764,-5.470,-5.555,0.839,0.919,0.407
236.023,10.440,-4.290,-5.468,0.959,1.007,0.513
236.035,11.274,-3.339,-5.243,1.110,1.137,0.627
236.047,11.444,-3.465,-4.974,1.246,1.273,0.756
236.059,14.062,-3.805,-4.792,1.470,1.499,0.903
236.071,17.121,-3.917,-4.687,1.733,1.766,1.079
236.082,19.218,-4.148,-4.660,2.026,2.052,1.289
236.094,19.498,-3.955,-4.650,2.263,2.272,1.504
236.106,21.263,-4.279,-4.633,2.515,2.525,1.722
236.118,22.383,-4.379,-4.610,2.764,2.778,1.960
236.130,22.342,-3.995,-4.635,3.040,3.047,2.217
236.142,23.138,-4.571,-4.677,3.302,3.323,2.469
236.154,24.726,-4.951,-4.771,3.581,3.623,2.730
236.166,25.974,-4.985,-4.872,3.923,3.961,3.016
236.177,29.622,-5.534,-4.905,4.319,4.364,3.322
236.189,32.150,-6.807,-5.004,4.726,4.771,3.658
236.201,36.090,-7.917,-5.295,5.239,5.299,4.041
236.213,42.131,-8.091,-5.635,5.886,5.943,4.481
236.225,49.662,-7.792,-5.871,6.591,6.646,4.983
236.236,57.809,-7.045,-5.989,7.418,7.463,5.575
236.248,68.603,-6.338,-5.979,8.406,8.440,6.273
236.260,78.184,-6.074,-5.906,9.508,9.534,7.101
236.272,84.064,-7.094,-5.885,10.596,10.617,8.020
236.283,89.086,-8.514,-6.046,11.737,11.757,8.997
236.295,93.512,-8.502,-6.274,12.929,12.941,10.033
236.307,97.302,-9.650,-6.661,14.103,14.139,11.106
236.319,97.861,-10.250,-7.126,15.187,15.241,12.176
236.330,94.892,-10.085,-7.560,16.145,16.206,13.229
236.342,89.192,-9.050,-7.850,17.003,17.032,14.236
236.354,81.756,-8.423,-7.982,17.714,17.730,15.177
236.366,71.541,-6.935,-7.866,18.225,18.222,15.993
236.378,56.634,-6.292,-7.667,18.431,18.433,16.660
236.390,40.087,-5.256,-7.373,18.377,18.389,17.135
236.402,22.841,-4.658,-7.085,18.162,18.155,17.418
236.414,6.694,-4.263,-6.802,17.793,17.763,17.502
236.425,-8.473,-3.847,-6.467,17.240,17.197,17.398
236.437,-23.001,-3.961,-6.217,16.572,16.515,17.132
236.449,-32.516,-3.701,-5.894,15.851,15.792,16.716
236.461,-39.488,-3.671,-5.631,15.145,15.085,16.212
236.473,-41.538,-3.334,-5.324,14.546,14.467,15.660
236.485,-43.352,-2.589,-5.011,13.947,13.840,15.086
236.497,-41.496,-2.659,-4.698,13.479,13.372,14.537
236.509,-37.461,-2.882,-4.419,13.082,12.973,14.015
236.520,-31.273,-3.986,-4.364,12.853,12.755,13.572
236.532,-24.354,-4.381,-4.379,12.671,12.571,13.188
236.544,-16.209,-4.002,-4.358,12.608,12.499,12.889
236.556,-5.895,-3.367,-4.256,12.757,12.633,12.715
236.568,0.665,-3.053,-4.111,12.886,12.749,12.636
236.579,7.822,-2.865,-3.986,13.131,12.989,12.648
236.591,14.999,-2.248,-3.874,13.423,13.265,12.731
236.603,21.758,-1.512,-3.688,13.770,13.601,12.894
236.615,25.107,-0.928,-3.375,14.129,13.948,13.132
236.627,27.901,-0.897,-3.061,14.506,14.325,13.408
236.639,29.029,-0.709,-2.823,14.815,14.631,13.695
236.651,28.864,-0.629,-2.627,15.068,14.885,13.981
236.662,26.100,0.015,-2.372,15.273,15.066,14.253
236.674,24.085,0.646,-2.012,15.434,15.219,14.492
236.686,20.949,0.201,-1.640,15.536,15.320,14.702
236.698,14.407,0.178,-1.365,15.500,15.281,14.857
236.710,7.635,-0.600,-1.222,15.393,15.189,14.939
236.722,1.053,-1.268,-1.165,15.202,15.005,14.929
236.733,-6.899,-1.563,-1.195,14.878,14.687,14.827
236.745,-15.315,-1.185,-1.214,14.442,14.242,14.629
236.757,-20.296,-0.844,-1.099,13.989,13.788,14.344
236.769,-28.064,-0.332,-0.934,13.435,13.217,13.997
236.781,-35.115,-0.216,-0.798,12.841,12.620,13.582
236.792,-38.832,0.098,-0.652,12.262,12.028,13.102
236.804,-40.464,0.585,-0.528,11.704,11.455,12.590
236.816,-41.691,1.616,-0.352,11.153,10.884,12.063
236.827,-38.723,2.927,-0.031,10.713,10.423,11.541
236.840,-31.865,2.879,0.399,10.455,10.171,11.088
236.851,-24.141,2.140,0.702,10.332,10.054,10.735
236.863,-16.098,1.252,0.802,10.306,10.047,10.483
236.874,-3.345,0.873,0.761,10.555,10.302,10.352
236.886,9.284,0.392,0.664,10.956,10.706,10.372
236.898,21.004,0.652,0.574,11.455,11.188,10.520
236.909,33.622,0.815,0.568,12.117,11.846,10.816
236.921,43.735,1.657,0.667,12.838,12.552,11.241
236.933,54.092,1.658,0.802,13.672,13.387,11.788
236.945,62.466,1.908,0.941,14.559,14.277,12.442
236.956,67.426,2.062,1.073,15.457,15.173,13.188
236.968,69.037,2.424,1.212,16.261,15.960,13.951
236.980,64.871,2.626,1.354,16.911,16.607,14.706
236.992,60.575,2.094,1.446,17.469,17.181,15.403
237.003,51.497,1.337,1.462,17.776,17.515,15.993
237.015,37.726,1.480,1.420,17.816,17.550,16.443
237.027,19.639,1.815,1.414,17.512,17.254,16.704
237.039,2.299,1.604,1.454,17.059,16.807,16.763
237.051,-15.395,1.507,1.530,16.388,16.150,16.619
237.063,-30.038,0.734,1.480,15.596,15.374,16.277
237.074,-45.085,0.823,1.367,14.648,14.423,15.763
237.086,-55.880,0.535,1.269,13.669,13.447,15.099
237.098,-62.261,0.482,1.191,12.694,12.481,14.332
237.110,-64.883,0.985,1.169,11.832,11.618,13.546
237.121,-61.612,1.043,1.174,11.174,10.963,12.794
237.132,-52.727,0.847,1.173,10.758,10.539,12.117
237.143,-40.367,1.769,1.215,10.595,10.345,11.566
237.155,-23.606,2.544,1.320,10.720,10.440,11.190
237.166,-2.425,2.572,1.456,11.135,10.855,11.009
237.178,22.006,2.138,1.560,11.920,11.651,11.102
237.190,47.584,1.951,1.649,13.088,12.824,11.506
237.202,69.315,1.352,1.671,14.422,14.165,12.190
237.214,84.044,0.546,1.530,15.716,15.516,13.085
237.226,90.330,0.500,1.323,16.853,16.688,14.061
237.238,83.385,0.668,1.183,17.583,17.442,15.024
237.249,64.514,1.065,1.093,17.867,17.715,15.816
237.260,30.215,1.023,1.081,17.380,17.230,16.270
237.271,-11.566,2.360,1.225,16.329,16.157,16.287
237.281,-59.170,2.231,1.372,14.634,14.462,15.829
237.293,-120.980,3.394,1.529,11.998,11.813,14.655
237.305,-177.423,3.971,1.956,8.760,8.577,12.779
237.317,-218.589,4.144,2.311,5.342,5.155,10.340
237.327,-241.404,4.236,2.529,2.308,2.124,7.892
237.338,-247.957,4.673,2.782,-0.471,-0.659,5.300
237.348,-243.279,5.193,3.029,-3.025,-3.209,2.635
237.360,-226.314,5.543,3.316,-5.212,-5.401,-0.048
237.372,-199.373,5.227,3.521,-6.873,-7.052,-2.516
237.384,-164.484,4.990,3.687,-7.953,-8.126,-4.618
237.395,-124.466,4.500,3.836,-8.458,-8.609,-6.270
237.407,-81.183,4.539,3.908,-8.280,-8.432,-7.401
237.419,-39.073,4.608,3.975,-7.662,-7.821,-8.032
237.431,-1.438,4.970,4.061,-6.725,-6.888,-8.197
237.443,29.532,4.614,4.221,-5.563,-5.721,-7.956
237.454,49.200,5.313,4.386,-4.444,-4.603,-7.424
237.466,57.702,4.743,4.497,-3.531,-3.663,-6.738
237.478,56.704,3.895,4.423,-2.822,-2.948,-6.012
237.490,45.785,2.875,4.279,-2.546,-2.654,-5.386
237.502,28.029,2.080,4.082,-2.631,-2.719,-4.935
237.513,-0.444,1.150,3.768,-3.329,-3.384,-4.777
237.525,-31.323,0.698,3.475,-4.433,-4.471,-4.965
237.537,-67.944,0.537,3.118,-6.102,-6.136,-5.562
237.549,-104.801,0.614,2.766,-8.232,-8.261,-6.603
237.560,-139.521,0.928,2.509,-10.717,-10.743,-8.052
237.572,-170.042,1.553,2.338,-13.476,-13.503,-9.905
237.584,-191.130,1.948,2.267,-16.205,-16.236,-12.021
237.596,-202.385,2.013,2.204,-18.831,-18.871,-14.324
237.608,-201.852,1.631,2.101,-21.164,-21.202,-16.683
237.620,-192.074,1.340,1.993,-23.152,-23.184,-18.954
237.632,-172.808,1.429,1.932,-24.675,-24.707,-21.037
237.644,-143.732,1.325,1.864,-25.570,-25.595,-22.798
237.655,-108.944,0.727,1.757,-25.928,-25.943,-24.176
237.667,-70.253,1.069,1.686,-25.730,-25.748,-25.113
237.679,-29.115,1.612,1.653,-24.948,-24.980,-25.569
237.691,9.737,1.343,1.618,-23.745,-23.769,-25.548
237.703,43.052,1.322,1.592,-22.334,-22.354,-25.113
237.715,68.820,1.840,1.586,-20.772,-20.799,-24.325
237.727,85.533,2.455,1.623,-19.247,-19.285,-23.299
237.738,95.359,2.681,1.646,-17.770,-17.815,-22.123
237.750,93.633,3.654,1.802,-16.575,-16.651,-20.910
237.762,84.348,3.339,2.017,-15.774,-15.839,-19.789
237.774,67.748,2.832,2.179,-15.327,-15.375,-18.821
237.786,47.406,2.315,2.217,-15.221,-15.253,-18.090
237.798,23.193,2.292,2.233,-15.480,-15.512,-17.623
237.810,-4.658,2.850,2.246,-16.212,-16.253,-17.483
237.822,-34.075,3.877,2.310,-17.231,-17.299,-17.660
237.833,-59.697,4.484,2.522,-18.513,-18.592,-18.169
237.845,-81.095,4.294,2.748,-19.956,-20.024,-18.954
237.857,-97.350,3.921,2.909,-21.431,-21.485,-19.945
237.869,-106.888,3.678,3.046,-22.888,-22.932,-21.093
237.881,-110.519,3.932,3.097,-24.194,-24.234,-22.300
237.893,-106.222,4.069,3.119,-25.274,-25.297,-23.491
237.905,-93.130,4.128,3.214,-25.967,-25.998,-24.564
237.916,-72.155,3.541,3.327,-26.241,-26.250,-25.429
237.928,-46.042,2.482,3.327,-26.053,-26.046,-26.016
237.940,-12.580,2.311,3.255,-25.272,-25.255,-26.226
237.952,21.859,2.002,3.129,-24.099,-24.072,-26.047
237.964,56.384,1.673,2.956,-22.496,-22.456,-25.452
237.976,89.088,1.350,2.752,-20.522,-20.478,-24.454
237.987,114.622,0.944,2.512,-18.450,-18.402,-23.128
237.999,135.615,0.737,2.218,-16.272,-16.220,-21.547
238.011,145.223,1.517,2.035,-14.239,-14.207,-19.798
238.023,147.596,2.634,2.026,-12.380,-12.372,-18.018
238.035,142.862,2.009,2.183,-10.772,-10.718,-16.200
238.047,129.838,2.365,2.230,-9.458,-9.406,-14.512
238.058,111.777,1.618,2.213,-8.585,-8.516,-13.055
238.070,87.685,1.410,2.051,-8.062,-8.002,-11.836
238.082,63.129,1.608,1.993,-7.881,-7.822,-10.919
238.094,35.611,1.792,1.911,-8.087,-8.034,-10.313
238.106,13.098,2.103,1.936,-8.490,-8.444,-10.012
238.118,-7.457,1.515,1.937,-9.078,-9.016,-9.962
238.130,-21.575,1.263,1.993,-9.677,-9.601,-10.111
238.141,-32.496,1.459,2.035,-10.274,-10.208,-10.395
238.153,-36.362,0.167,1.839,-10.780,-10.680,-10.760
238.165,-37.322,0.434,1.567,-11.250,-11.155,-11.175
238.177,-31.248,0.442,1.351,-11.436,-11.344,-11.537
238.189,-20.704,0.557,1.277,-11.374,-11.291,-11.788
238.201,-6.926,0.555,1.167,-11.055,-10.964,-11.887
238.213,10.646,0.000,1.051,-10.474,-10.373,-11.809
238.224,28.184,-0.042,0.938,-9.755,-9.655,-11.548
238.235,49.500,-0.021,0.788,-8.657,-8.546,-11.049
238.246,68.589,-0.064,0.608,-7.388,-7.265,-10.322
238.257,86.798,-0.186,0.510,-5.969,-5.837,-9.399
238.269,104.163,-0.329,0.430,-4.346,-4.211,-8.255
238.280,120.232,-0.249,0.276,-2.497,-2.373,-6.891
238.292,130.868,0.602,0.280,-0.764,-0.659,-5.448
238.303,136.421,0.782,0.351,0.849,0.949,-3.965
238.314,137.558,0.721,0.343,2.420,2.516,-2.433
238.325,130.660,0.023,0.294,3.706,3.808,-0.954
238.336,122.582,-0.894,0.230,4.855,4.981,0.440
238.347,108.062,-1.725,0.027,5.724,5.874,1.721
238.358,89.463,-2.774,-0.204,6.232,6.381,2.780
238.369,65.930,-2.697,-0.468,6.404,6.541,3.637
238.380,41.352,-2.558,-0.739,6.291,6.422,4.198
238.391,15.360,-2.359,-0.941,5.879,6.002,4.457
238.401,-7.754,-2.874,-1.204,5.294,5.419,4.467
238.412,-28.902,-3.901,-1.493,4.528,4.679,4.246
238.422,-44.863,-4.149,-1.745,3.696,3.848,3.829
238.432,-56.374,-1.878,-1.839,2.885,2.994,3.279
238.442,-64.577,-0.517,-1.731,2.016,2.104,2.631
238.452,-70.977,0.290,-1.547,1.172,1.234,1.925
238.463,-71.586,-0.838,-1.446,0.419,0.500,1.191
238.474,-71.115,-1.071,-1.451,-0.323,-0.242,0.418
238.485,-66.380,-1.511,-1.497,-0.994,-0.908,-0.370
238.497,-59.324,-1.378,-1.501,-1.547,-1.463,-1.098
238.508,-49.005,-1.158,-1.503,-1.830,-1.747,-1.713
238.520,-36.582,-0.653,-1.426,-1.931,-1.858,-2.187
238.531,-22.541,-0.390,-1.280,-1.873,-1.804,-2.513
238.543,-6.277,-0.125,-1.184,-1.532,-1.479,-2.654
238.555,10.612,0.199,-1.043,-1.016,-0.973,-2.609
238.566,30.560,0.056,-0.855,-0.194,-0.151,-2.344
238.578,50.469,0.246,-0.732,0.872,0.910,-1.847
238.589,71.085,0.395,-0.602,2.208,2.245,-1.107
238.601,90.890,0.302,-0.479,3.707,3.752,-0.150
238.612,111.556,0.160,-0.382,5.444,5.497,1.031
238.624,130.011,0.347,-0.299,7.361,7.409,2.432
238.635,145.491,0.316,-0.196,9.412,9.462,4.035
238.646,156.885,0.210,-0.074,11.381,11.433,5.718
238.658,164.294,-0.169,-0.018,13.342,13.398,7.503
238.669,167.061,-0.544,-0.049,15.266,15.329,9.341
238.680,168.057,-1.322,-0.089,17.109,17.181,11.180
238.691,164.982,-1.601,-0.160,18.836,18.904,13.012
238.703,156.036,-1.520,-0.280,20.356,20.422,14.774
238.714,143.518,-1.493,-0.425,21.598,21.662,16.384
238.725,125.324,-1.074,-0.542,22.496,22.549,17.809
238.736,108.776,-1.223,-0.706,23.261,23.317,19.043
238.748,86.684,-2.382,-0.926,23.624,23.689,20.062
238.759,64.586,-2.359,-1.097,23.759,23.822,20.819
238.770,41.692,-2.249,-1.259,23.613,23.670,21.312
238.781,19.988,-1.960,-1.324,23.251,23.300,21.560
238.792,0.085,-1.304,-1.312,22.690,22.728,21.574
238.804,-17.128,-0.660,-1.297,22.014,22.028,21.381
238.815,-32.308,0.024,-1.208,21.238,21.218,21.010
238.826,-40.630,0.296,-1.051,20.519,20.489,20.522
238.837,-43.527,0.290,-0.885,19.866,19.841,19.974
238.848,-42.853,0.281,-0.738,19.312,19.295,19.418
238.860,-38.191,0.579,-0.611,18.936,18.915,18.899
238.871,-31.206,1.352,-0.449,18.709,18.663,18.457
238.882,-20.976,2.099,-0.243,18.684,18.610,18.114
238.893,-9.026,2.101,-0.031,18.814,18.719,17.901
238.904,1.926,1.705,0.145,19.063,18.960,17.822
238.915,15.280,1.408,0.280,19.475,19.374,17.871
238.926,27.186,1.590,0.401,19.991,19.888,18.059
238.938,41.250,2.399,0.572,20.701,20.582,18.393
238.949,52.693,3.370,0.811,21.481,21.341,18.867
238.960,61.020,3.972,1.106,22.295,22.139,19.455
238.971,69.937,4.612,1.481,23.228,23.055,20.142
238.983,76.903,4.355,1.794,24.170,24.004,20.920
238.994,80.101,3.892,2.009,25.084,24.918,21.744
239.005,78.251,3.358,2.137,25.855,25.688,22.567
239.016,74.083,2.678,2.214,26.490,26.331,23.348
239.028,69.169,2.066,2.213,27.036,26.888,24.064
239.039,60.714,1.272,2.138,27.420,27.292,24.704
239.050,49.574,0.964,2.035,27.631,27.518,25.233
239.061,33.912,1.556,2.004,27.541,27.436,25.601
239.072,19.575,3.330,2.133,27.325,27.199,25.803
239.084,4.045,3.655,2.364,26.887,26.782,25.840
239.095,-12.716,3.519,2.525,26.276,26.183,25.706
239.106,-28.058,2.874,2.625,25.497,25.424,25.381
239.117,-42.186,1.823,2.632,24.591,24.533,24.889
239.129,-55.664,0.870,2.508,23.597,23.541,24.259
239.140,-65.495,0.548,2.306,22.578,22.519,23.498
239.151,-73.084,0.816,2.115,21.512,21.448,22.637
239.162,-78.902,1.374,1.997,20.417,20.350,21.704
239.173,-78.392,1.521,1.941,19.476,19.407,20.750
239.184,-73.514,0.990,1.881,18.684,18.625,19.836
239.196,-66.694,0.419,1.786,18.034,17.980,18.995
239.207,-58.358,0.647,1.691,17.541,17.461,18.241
239.218,-48.266,1.018,1.606,17.188,17.092,17.585
239.229,-38.196,1.229,1.550,16.940,16.847,17.054
239.240,-30.377,0.699,1.476,16.726,16.650,16.621
239.252,-19.322,-0.147,1.358,16.721,16.659,16.299
239.263,-13.365,-0.823,1.181,16.675,16.624,16.067
239.275,-8.862,-0.496,0.966,16.648,16.589,15.886
239.286,-6.651,-0.562,0.778,16.569,16.511,15.739
239.298,-8.242,-0.582,0.630,16.365,16.307,15.588
239.310,-14.545,-0.754,0.506,16.003,15.948,15.399
239.321,-23.904,-1.313,0.339,15.452,15.404,15.115
239.333,-35.000,-1.919,0.086,14.757,14.722,14.718
239.344,-50.984,-2.136,-0.148,13.722,13.691,14.151
239.356,-68.393,-1.902,-0.361,12.423,12.389,13.371
239.368,-89.678,-0.914,-0.493,10.864,10.809,12.382
239.379,-111.998,-0.559,-0.473,8.959,8.896,11.127
239.391,-134.759,0.808,-0.345,6.865,6.770,9.664
239.402,-156.971,1.636,-0.156,4.618,4.505,8.002
239.413,-174.573,1.872,0.033,2.250,2.143,6.121
239.424,-189.271,1.672,0.192,-0.233,-0.320,4.055
239.435,-196.522,0.483,0.289,-2.437,-2.498,2.034
239.446,-198.424,0.581,0.379,-4.769,-4.836,-0.267
239.457,-191.910,-0.782,0.307,-6.760,-6.806,-2.445
239.469,-178.529,-0.455,0.222,-8.462,-8.519,-4.584
239.481,-156.534,0.142,0.170,-9.753,-9.828,-6.537
239.493,-129.912,0.290,0.153,-10.598,-10.683,-8.186
239.505,-100.188,0.230,0.196,-11.024,-11.110,-9.494
239.516,-66.614,0.902,0.274,-10.881,-10.989,-10.399
239.528,-35.627,1.637,0.413,-10.478,-10.602,-10.929
239.540,-7.395,2.076,0.589,-9.833,-9.970,-11.116
239.552,14.826,2.342,0.763,-9.083,-9.220,-11.013
239.564,33.293,2.325,0.964,-8.183,-8.316,-10.661
239.575,39.870,1.979,1.129,-7.477,-7.604,-10.164
239.587,39.416,2.024,1.229,-6.987,-7.114,-9.655
239.599,33.553,1.947,1.279,-6.709,-6.819,-9.190
239.611,20.552,2.480,1.321,-6.759,-6.870,-8.850
239.623,1.732,3.902,1.572,-7.098,-7.234,-8.682
239.635,-21.324,5.004,2.004,-7.927,-8.055,-8.784
239.646,-46.820,5.454,2.436,-9.024,-9.136,-9.139
239.658,-72.804,5.246,2.809,-10.430,-10.529,-9.805
239.669,-100.711,4.354,3.036,-12.256,-12.335,-10.801
239.681,-129.648,3.533,3.051,-14.473,-14.520,-12.134
239.693,-151.054,3.407,2.989,-16.636,-16.678,-13.705
239.705,-167.509,3.875,2.985,-18.953,-19.004,-15.544
239.716,-176.640,4.195,3.072,-21.214,-21.279,-17.534
239.728,-176.507,4.617,3.232,-23.233,-23.300,-19.556
239.740,-167.789,4.204,3.419,-24.886,-24.939,-21.494
239.752,-151.468,3.499,3.495,-26.194,-26.232,-23.277
239.764,-128.179,3.549,3.484,-27.037,-27.078,-24.820
239.776,-96.045,3.158,3.470,-27.325,-27.354,-26.028
239.788,-61.353,2.878,3.400,-27.080,-27.107,-26.822
239.799,-25.610,2.788,3.356,-26.396,-26.416,-27.192
239.811,8.408,3.471,3.307,-25.305,-25.351,-27.156
239.823,39.539,3.136,3.266,-23.989,-24.030,-26.740
239.835,65.366,2.844,3.233,-22.457,-22.485,-25.978
239.847,83.083,2.354,3.181,-20.938,-20.952,-24.974
239.858,92.642,1.799,3.086,-19.577,-19.582,-23.858
239.870,95.058,1.454,2.957,-18.359,-18.354,-22.699
239.881,88.959,1.764,2.853,-17.424,-17.406,-21.565
239.893,75.348,1.602,2.761,-16.810,-16.779,-20.527
239.905,53.875,0.964,2.549,-16.642,-16.595,-19.701
239.917,30.123,0.899,2.243,-16.786,-16.733,-19.143
239.929,5.503,0.805,2.057,-17.254,-17.205,-18.880
239.941,-22.913,0.721,1.894,-18.165,-18.118,-18.948
239.952,-50.423,0.557,1.720,-19.354,-19.300,-19.331
239.964,-71.841,0.367,1.568,-20.673,-20.614,-20.007
239.976,-92.434,0.638,1.411,-22.176,-22.116,-20.919
239.988,-106.490,0.435,1.286,-23.698,-23.633,-22.034
240.000,-114.618,0.536,1.165,-25.124,-25.055,-23.247
240.011,-113.095,0.354,0.994,-26.342,-26.265,-24.496
240.023,-103.896,-0.006,0.809,-27.261,-27.183,-25.673
240.035,-83.405,0.764,0.745,-27.698,-27.640,-26.686
240.046,-55.461,1.995,0.878,-27.552,-27.533,-27.376
240.058,-22.684,2.416,1.041,-26.898,-26.893,-27.690
240.070,12.843,1.819,1.166,-25.784,-25.764,-27.605
240.081,46.565,2.040,1.260,-24.330,-24.315,-27.124
240.093,79.467,2.710,1.340,-22.530,-22.528,-26.266
240.104,105.605,3.667,1.524,-20.593,-20.606,-25.072
240.116,125.685,4.785,1.829,-18.630,-18.663,-23.659
240.127,140.358,4.668,2.162,-16.557,-16.587,-21.993
240.139,147.917,4.346,2.433,-14.634,-14.653,-20.257
240.150,149.689,3.754,2.595,-12.803,-12.811,-18.470
240.161,149.532,3.113,2.624,-11.043,-11.043,-16.699
240.172,145.642,1.863,2.550,-9.510,-9.481,-14.989
240.184,140.758,0.488,2.351,-8.047,-7.985,-13.338
240.194,133.212,-0.529,2.059,-6.811,-6.724,-11.845
240.205,125.403,0.134,1.791,-5.633,-5.564,-10.456
240.215,116.357,0.688,1.587,-4.566,-4.521,-9.161
240.226,109.402,-0.890,1.324,-3.567,-3.491,-7.946
240.236,103.315,-3.357,0.871,-2.635,-2.500,-6.807
240.247,94.608,-4.957,0.231,-1.847,-1.674,-5.761
240.257,85.843,-5.324,-0.374,-1.164,-0.978,-4.814
240.268,72.702,-4.557,-0.844,-0.679,-0.496,-3.972
240.278,65.044,-3.730,-1.173,-0.180,-0.015,-3.258
240.289,56.632,-3.079,-1.395,0.223,0.371,-2.630
240.299,48.728,-2.495,-1.541,0.542,0.677,-2.091
240.310,41.198,-1.955,-1.624,0.800,0.917,-1.626
240.320,34.508,-1.881,-1.683,0.978,1.092,-1.245
240.331,28.276,-2.473,-1.756,1.129,1.247,-0.916
240.341,23.484,-4.493,-1.945,1.228,1.377,-0.654
240.353,14.261,-5.607,-2.329,1.177,1.341,-0.453
240.364,7.113,-6.503,-2.779,1.114,1.285,-0.339
240.375,-0.224,-6.947,-3.232,0.932,1.104,-0.318
240.386,-5.836,-7.628,-3.707,0.684,0.864,-0.386
240.398,-11.789,-7.698,-4.142,0.376,0.544,-0.520
240.410,-19.015,-7.093,-4.487,-0.014,0.138,-0.721
240.422,-23.897,-7.210,-4.720,-0.459,-0.312,-1.004
240.434,-28.112,-6.840,-4.929,-0.905,-0.787,-1.337
240.445,-29.851,-7.014,-5.149,-1.313,-1.196,-1.695
240.457,-30.684,-7.075,-5.339,-1.750,-1.637,-2.082
240.469,-29.131,-7.040,-5.458,-2.068,-1.974,-2.453
240.481,-26.530,-6.737,-5.537,-2.272,-2.199,-2.782
240.493,-22.542,-6.595,-5.640,-2.421,-2.362,-3.076
240.504,-16.129,-6.313,-5.707,-2.462,-2.419,-3.310
240.516,-10.167,-6.096,-5.725,-2.404,-2.374,-3.458
240.528,-1.118,-5.407,-5.685,-2.162,-2.150,-3.512
240.540,6.531,-4.940,-5.649,-1.868,-1.874,-3.471
240.552,15.605,-4.457,-5.538,-1.471,-1.493,-3.338
240.564,24.959,-3.252,-5.304,-0.931,-0.979,-3.090
240.576,34.741,-2.388,-4.984,-0.275,-0.340,-2.727
240.587,42.637,-1.461,-4.604,0.408,0.323,-2.266
240.598,49.744,0.016,-4.146,1.137,1.018,-1.743
240.609,54.193,1.441,-3.594,1.871,1.724,-1.149
240.621,53.743,2.342,-2.917,2.468,2.314,-0.523
240.632,54.039,2.347,-2.276,3.061,2.909,0.088
240.643,50.100,1.609,-1.774,3.505,3.368,0.670
240.654,42.859,0.819,-1.438,3.812,3.692,1.193
240.666,30.651,0.586,-1.215,3.872,3.758,1.599
240.677,21.128,0.904,-0.981,3.892,3.769,1.884
240.688,7.938,1.500,-0.739,3.674,3.539,2.033
240.699,-4.434,1.550,-0.553,3.332,3.198,2.046
240.711,-18.036,1.023,-0.384,2.757,2.632,1.892
240.723,-29.459,0.612,-0.213,2.091,1.983,1.593
240.735,-40.484,-0.050,-0.133,1.341,1.247,1.169
240.747,-46.469,-1.273,-0.178,0.645,0.570,0.646
240.759,-51.015,-1.207,-0.302,-0.072,-0.147,0.062
240.771,-49.863,-1.348,-0.471,-0.647,-0.732,-0.542
240.782,-42.849,-0.934,-0.536,-0.995,-1.086,-1.089
240.794,-30.758,-0.734,-0.539,-1.070,-1.158,-1.511
240.806,-12.832,0.204,-0.491,-0.769,-0.884,-1.746
240.818,7.729,1.118,-0.334,-0.147,-0.296,-1.749
240.829,32.412,1.150,-0.158,0.872,0.719,-1.469
240.841,58.973,0.886,-0.037,2.190,2.044,-0.905
240.853,86.769,0.346,0.024,3.864,3.731,-0.016
240.865,115.088,-0.296,0.050,5.941,5.820,1.224
240.877,137.481,-0.477,0.067,8.112,7.993,2.742
240.889,156.872,-1.290,-0.016,10.433,10.330,4.505
240.901,166.960,-1.771,-0.179,12.678,12.580,6.441
240.913,170.212,-1.879,-0.356,14.773,14.678,8.433
240.924,169.030,-2.630,-0.643,16.729,16.644,10.421
240.936,159.060,-2.993,-0.908,18.316,18.238,12.314
240.948,146.733,-3.268,-1.179,19.660,19.594,14.054
240.960,128.452,-3.314,-1.451,20.662,20.597,15.605
240.972,102.060,-2.570,-1.564,21.154,21.077,16.889
240.984,74.078,-1.609,-1.575,21.279,21.196,17.861
240.996,47.006,-1.370,-1.513,21.055,20.982,18.480
241.007,20.239,-0.664,-1.468,20.575,20.485,18.786
241.019,-7.473,-0.594,-1.395,19.736,19.641,18.773
241.031,-29.993,-0.532,-1.295,18.720,18.631,18.460
241.043,-46.387,-0.304,-1.169,17.674,17.586,17.925
241.055,-55.927,-0.233,-1.057,16.714,16.629,17.246
241.067,-61.575,0.049,-0.965,15.785,15.690,16.479
241.079,-59.292,0.320,-0.867,15.063,14.961,15.703
241.090,-53.444,1.366,-0.607,14.501,14.385,14.977
241.102,-44.058,1.036,-0.270,14.172,14.057,14.367
241.114,-32.347,0.510,-0.124,14.052,13.939,13.882
241.126,-16.736,0.797,-0.078,14.197,14.080,13.562
241.138,0.306,1.430,-0.003,14.592,14.459,13.440
241.150,16.780,1.609,0.076,15.144,15.005,13.510
241.162,33.707,2.770,0.312,15.928,15.763,13.785
241.174,51.843,2.451,0.639,16.959,16.795,14.280
241.186,64.912,2.267,0.885,18.006,17.841,14.947
241.197,78.345,1.466,0.967,19.191,19.049,15.765
241.209,86.603,1.321,0.952,20.389,20.250,16.711
241.221,89.196,0.700,0.901,21.444,21.317,17.703
241.233,87.373,0.740,0.824,22.369,22.253,18.709
241.245,81.677,1.221,0.800,23.132,23.004,19.642
241.257,70.995,0.668,0.832,23.655,23.542,20.482
241.269,58.651,-0.311,0.827,23.955,23.850,21.170
241.281,39.614,-0.462,0.658,23.888,23.791,21.666
241.292,16.855,-1.402,0.430,23.388,23.338,21.894
241.304,-9.141,-1.248,0.236,22.558,22.503,21.830
241.316,-34.846,-0.889,0.100,21.459,21.397,21.474
241.328,-59.696,-0.512,0.047,20.053,19.997,20.815
241.340,-83.047,-0.127,0.019,18.407,18.350,19.868
241.352,-101.965,0.109,-0.000,16.661,16.605,18.685
241.364,-114.098,0.441,0.003,14.942,14.878,17.321
241.375,-120.816,1.176,0.082,13.284,13.206,15.862
241.387,-117.700,2.140,0.199,11.931,11.839,14.402
241.399,-110.485,3.587,0.460,10.779,10.647,13.011
241.411,-97.324,4.523,0.808,9.937,9.764,11.750
241.423,-79.154,4.919,1.241,9.441,9.249,10.695
241.435,-57.730,4.597,1.648,9.217,9.054,9.879
241.447,-31.454,4.175,2.003,9.449,9.310,9.357
241.458,-6.980,4.026,2.319,9.972,9.821,9.136
241.470,16.242,3.314,2.492,10.692,10.556,9.192
241.482,38.466,2.634,2.506,11.661,11.553,9.519
241.494,56.679,2.741,2.501,12.705,12.608,10.062
241.506,71.813,2.544,2.508,13.873,13.779,10.806
241.518,81.252,2.378,2.526,14.999,14.944,11.695
241.530,85.836,3.070,2.571,16.068,16.013,12.655
241.541,82.537,3.998,2.683,16.960,16.896,13.634
241.553,73.902,3.939,2.778,17.569,17.505,14.520
241.565,61.536,4.537,2.903,17.945,17.871,15.274
241.577,41.768,5.748,3.104,17.929,17.832,15.836
241.589,17.196,4.729,3.273,17.434,17.375,16.124
241.601,-10.791,4.231,3.380,16.552,16.516,16.095
241.613,-42.916,4.386,3.464,15.203,15.157,15.702
241.625,-77.284,4.410,3.541,13.404,13.364,14.921
241.637,-111.368,4.674,3.601,11.175,11.137,13.722
241.649,-143.358,4.922,3.671,8.649,8.611,12.146
241.659,-172.170,3.470,3.711,6.148,6.158,10.433
241.670,-197.264,4.993,3.745,3.556,3.526,8.454
241.680,-212.505,4.602,3.863,0.964,0.936,6.262
241.691,-219.401,1.858,3.727,-1.589,-1.592,3.901
241.703,-215.998,1.153,3.470,-3.971,-3.989,1.390
241.715,-206.402,0.857,3.232,-6.125,-6.170,-1.081
241.726,-187.490,0.594,2.996,-7.826,-7.870,-3.372
241.738,-162.607,1.219,2.668,-9.135,-9.179,-5.441
241.750,-129.584,1.842,2.420,-9.811,-9.866,-7.119
241.762,-97.532,3.356,2.426,-10.124,-10.226,-8.417
241.774,-61.427,2.553,2.572,-9.931,-10.010,-9.285
241.786,-26.584,3.712,2.785,-9.324,-9.438,-9.733
241.798,1.882,2.377,2.888,-8.510,-8.608,-9.786
241.810,22.460,-0.457,2.658,-7.697,-7.758,-9.576
241.821,39.454,-1.028,2.262,-6.727,-6.815,-9.149
241.833,46.027,-0.570,1.963,-5.936,-6.059,-8.598
241.845,45.141,-0.398,1.706,-5.383,-5.518,-8.025
241.857,39.842,0.022,1.512,-5.031,-5.169,-7.496
241.869,29.052,-0.650,1.315,-4.930,-5.049,-7.069
241.881,15.189,-0.635,1.134,-5.065,-5.176,-6.788
241.893,-3.617,-0.325,0.958,-5.557,-5.658,-6.714
241.904,-26.688,0.655,0.868,-6.387,-6.507,-6.886
241.916,-50.782,0.752,0.826,-7.552,-7.668,-7.334
241.928,-71.859,1.241,0.837,-8.902,-9.038,-8.060
241.940,-92.960,2.605,0.987,-10.471,-10.630,-9.025
241.952,-112.043,2.969,1.211,-12.181,-12.342,-10.204
241.964,-125.410,2.991,1.395,-13.955,-14.114,-11.584
241.976,-134.274,1.307,1.447,-15.800,-15.930,-13.123
241.987,-136.586,0.839,1.320,-17.403,-17.540,-14.684
241.999,-131.407,0.612,1.169,-18.770,-18.907,-16.218
242.011,-119.640,2.187,1.152,-19.840,-20.006,-17.647
242.023,-99.276,2.411,1.326,-20.454,-20.631,-18.867
242.035,-72.303,2.759,1.566,-20.595,-20.769,-19.795
242.047,-39.939,2.318,1.719,-20.168,-20.338,-20.346
242.059,-4.816,2.447,1.734,-19.278,-19.460,-20.503
242.071,28.008,2.212,1.738,-18.112,-18.295,-20.273
242.083,58.852,3.149,1.880,-16.524,-16.730,-19.639
242.095,82.739,3.672,2.186,-14.843,-15.068,-18.681
242.107,99.430,3.255,2.372,-13.183,-13.402,-17.503
242.118,107.990,3.058,2.414,-11.620,-11.823,-16.183
242.130,106.126,2.586,2.418,-10.349,-10.531,-14.834
242.142,97.815,2.578,2.461,-9.350,-9.550,-13.574
242.154,83.184,3.365,2.566,-8.643,-8.864,-12.455
242.166,61.801,4.655,2.827,-8.403,-8.608,-11.550
242.178,35.734,4.681,3.083,-8.593,-8.778,-10.935
242.190,6.995,3.672,3.225,-9.195,-9.359,-10.660
242.201,-24.150,2.631,3.193,-10.222,-10.355,-10.740
242.213,-51.601,2.151,3.065,-11.448,-11.576,-11.155
242.225,-78.965,1.837,2.903,-12.997,-13.123,-11.896
242.237,-98.445,0.812,2.662,-14.656,-14.757,-12.928
242.249,-110.584,0.419,2.352,-16.248,-16.336,-14.141
242.261,-116.225,0.402,2.111,-17.666,-17.755,-15.423
242.273,-114.023,0.647,1.933,-18.909,-19.009,-16.733
242.284,-101.957,0.256,1.789,-19.743,-19.833,-17.929
242.296,-83.048,-0.451,1.575,-20.200,-20.272,-18.935
242.308,-58.796,-0.185,1.325,-20.243,-20.322,-19.691
242.320,-28.456,0.339,1.142,-19.786,-19.873,-20.117
242.332,5.182,0.786,1.104,-18.796,-18.896,-20.150
242.344,39.784,0.361,1.053,-17.401,-17.488,-19.768
242.355,72.612,0.231,0.932,-15.693,-15.776,-19.007
242.367,99.774,0.682,0.861,-13.793,-13.887,-17.902
242.379,121.615,1.083,0.919,-11.712,-11.817,-16.487
242.391,132.988,0.306,0.992,-9.767,-9.879,-14.887
242.403,134.123,0.312,0.982,-8.078,-8.209,-13.241
242.415,128.509,-0.595,0.794,-6.700,-6.795,-11.651
242.427,114.916,-0.815,0.568,-5.611,-5.700,-10.171
242.439,92.369,-0.821,0.413,-5.006,-5.094,-8.914
242.451,65.394,-1.239,0.268,-4.881,-4.974,-7.961
242.462,34.957,-1.095,0.062,-5.220,-5.317,-7.381
242.474,0.285,-1.554,-0.069,-6.060,-6.135,-7.178
242.486,-33.998,-0.681,-0.123,-7.313,-7.399,-7.390
242.498,-62.451,0.199,-0.170,-8.728,-8.845,-7.968
242.510,-83.976,0.972,-0.080,-10.204,-10.347,-8.822
242.521,-97.993,0.987,0.039,-11.694,-11.840,-9.879
242.533,-104.125,0.725,0.074,-13.015,-13.171,-11.039
242.545,-100.996,0.360,0.068,-14.077,-14.239,-12.207
242.557,-90.435,0.560,0.097,-14.868,-15.035,-13.299
242.569,-69.233,0.757,0.180,-15.156,-15.333,-14.204
242.581,-45.018,1.324,0.337,-14.999,-15.211,-14.803
242.593,-17.370,1.420,0.483,-14.417,-14.633,-15.071
242.605,13.351,0.963,0.545,-13.456,-13.662,-15.003
242.616,42.725,0.580,0.551,-12.211,-12.406,-14.595
242.628,71.331,-0.066,0.520,-10.613,-10.793,-13.832
242.640,94.779,-0.407,0.445,-8.841,-9.008,-12.764
242.652,112.828,-1.627,0.220,-7.036,-7.176,-11.469
242.664,126.128,-1.868,-0.095,-5.204,-5.337,-10.005
242.676,129.783,-1.643,-0.331,-3.540,-3.674,-8.444
242.688,127.859,-1.833,-0.458,-2.042,-2.177,-6.876
242.699,116.509,-1.979,-0.585,-0.908,-1.047,-5.413
242.711,99.061,-3.111,-0.866,-0.143,-0.251,-4.123
242.723,75.222,-3.957,-1.203,0.169,0.072,-3.098
242.735,45.894,-3.903,-1.540,-0.011,-0.109,-2.410
242.747,15.164,-3.955,-1.814,-0.568,-0.671,-2.073
242.758,-15.948,-3.529,-1.998,-1.534,-1.657,-2.118
242.770,-42.790,-2.984,-2.135,-2.709,-2.845,-2.499
242.782,-64.412,-2.261,-2.132,-4.004,-4.140,-3.152
242.794,-79.007,-2.571,-2.034,-5.325,-5.455,-4.023
242.806,-84.808,-2.038,-1.947,-6.476,-6.620,-5.010
242.818,-85.664,-2.244,-1.938,-7.466,-7.621,-5.999
242.830,-77.417,-1.734,-1.944,-8.170,-8.341,-6.946
242.840,-61.080,-2.036,-1.934,-8.443,-8.604,-7.654
242.851,-38.479,-1.815,-1.932,-8.330,-8.503,-8.133
242.862,-5.811,-1.476,-1.892,-7.751,-7.930,-8.334
242.874,29.396,-1.568,-1.860,-6.705,-6.884,-8.125
242.886,66.557,-1.692,-1.853,-5.206,-5.385,-7.502
242.898,100.026,-0.820,-1.758,-3.378,-3.580,-6.468
242.910,124.806,-0.997,-1.613,-1.443,-1.639,-5.090
242.922,140.276,-0.430,-1.426,0.592,0.382,-3.446
242.934,145.135,-0.343,-1.253,2.441,2.233,-1.719
242.946,141.139,-0.042,-1.143,4.057,3.835,-0.011
242.957,131.577,-0.622,-1.147,5.436,5.236,1.619
242.969,113.456,-0.939,-1.195,6.395,6.216,3.054
242.981,87.255,-0.389,-1.137,6.964,6.769,4.228
242.993,66.627,-1.503,-1.117,7.335,7.170,5.116
243.005,38.497,-1.352,-1.196,7.240,7.071,5.695
243.017,9.454,-1.988,-1.307,6.793,6.630,5.937
243.029,-16.036,-2.476,-1.387,6.106,5.951,5.854
243.041,-36.390,-1.910,-1.469,5.271,5.104,5.500
243.053,-52.842,-2.804,-1.674,4.278,4.133,4.924
243.065,-65.442,-2.898,-1.852,3.269,3.122,4.199
243.077,-78.581,-2.852,-1.979,2.087,1.936,3.314
243.088,-83.972,-2.755,-2.098,0.948,0.790,2.309
243.100,-80.854,-2.369,-2.175,0.026,-0.140,1.312
243.112,-77.737,-1.744,-2.181,-0.847,-1.030,0.354
243.124,-70.977,-0.308,-2.001,-1.542,-1.757,-0.525
243.136,-67.189,0.369,-1.619,-2.268,-2.497,-1.344
243.148,-54.835,0.049,-1.298,-2.697,-2.923,-2.049
243.160,-42.403,-0.112,-1.019,-2.931,-3.181,-2.605
243.172,-29.511,0.296,-0.829,-3.001,-3.268,-3.009
243.184,-18.694,-0.460,-0.794,-3.034,-3.275,-3.274
243.196,-1.648,-1.663,-0.961,-2.725,-2.953,-3.368
243.207,11.942,-2.193,-1.118,-2.296,-2.518,-3.274
243.219,21.740,-3.154,-1.361,-1.861,-2.064,-3.055
243.231,30.848,-3.227,-1.676,-1.348,-1.554,-2.745
243.243,42.837,-2.790,-1.913,-0.612,-0.829,-2.302
243.255,53.087,-0.968,-1.905,0.197,-0.042,-1.733
243.267,61.628,0.775,-1.622,1.105,0.836,-1.042
243.279,68.476,0.208,-1.280,2.023,1.778,-0.248
243.291,72.344,0.759,-0.933,2.946,2.691,0.597
243.303,66.992,0.265,-0.628,3.624,3.393,1.444
243.315,62.816,-0.558,-0.460,4.246,4.054,2.215
243.327,55.884,-0.602,-0.397,4.770,4.576,2.911
243.338,49.587,-0.906,-0.388,5.210,5.015,3.520
243.350,38.847,-0.232,-0.367,5.447,5.240,4.020
243.362,20.500,0.203,-0.228,5.318,5.111,4.343
243.374,0.975,-0.010,-0.129,4.912,4.724,4.438
243.386,-13.842,0.667,-0.025,4.445,4.251,4.332
243.398,-30.200,0.778,0.072,3.730,3.541,4.036
243.410,-48.567,0.955,0.161,2.786,2.599,3.540
243.422,-64.349,1.254,0.335,1.716,1.532,2.851
243.434,-73.231,1.037,0.498,0.628,0.465,2.009
243.446,-68.840,0.607,0.579,-0.142,-0.292,1.164
243.457,-68.489,1.110,0.656,-0.943,-1.101,0.353
243.469,-65.916,1.358,0.854,-1.669,-1.831,-0.431
243.481,-61.133,0.422,0.957,-2.331,-2.476,-1.178
243.493,-60.564,1.116,1.084,-3.002,-3.156,-1.882
243.505,-52.764,1.426,1.194,-3.436,-3.594,-2.522
243.517,-41.423,0.217,1.074,-3.723,-3.847,-3.056
243.529,-27.242,-0.917,0.738,-3.786,-3.882,-3.440
243.541,-10.360,-1.617,0.425,-3.610,-3.687,-3.642
243.553,8.153,-2.497,0.129,-3.157,-3.233,-3.627
243.565,27.887,-2.395,-0.245,-2.412,-2.510,-3.384
243.577,42.972,-1.692,-0.532,-1.574,-1.689,-2.937
243.588,57.814,-1.513,-0.744,-0.567,-0.692,-2.305
243.600,68.310,-1.508,-0.904,0.483,0.354,-1.525
243.612,74.180,-0.950,-1.012,1.474,1.341,-0.672
243.624,79.042,-1.082,-1.113,2.484,2.372,0.247
243.636,81.041,-1.167,-1.174,3.458,3.354,1.198
243.648,80.191,-0.256,-1.093,4.399,4.278,2.155
243.660,72.067,0.358,-0.877,5.096,4.968,3.051
243.672,58.882,0.209,-0.672,5.507,5.400,3.811
243.684,43.327,-0.116,-0.600,5.710,5.615,4.405
243.696,29.340,-0.214,-0.596,5.758,5.671,4.808
243.707,5.697,0.512,-0.550,5.367,5.265,4.982
243.719,-15.386,1.733,-0.274,4.801,4.668,4.895
243.731,-32.189,2.044,0.031,4.114,3.970,4.596
243.743,-49.284,2.188,0.253,3.210,3.053,4.089
243.755,-64.622,3.579,0.525,2.182,2.000,3.397
243.767,-75.559,2.985,0.834,1.043,0.873,2.547
243.779,-79.628,3.607,1.096,0.022,-0.166,1.615
243.791,-79.897,3.892,1.557,-0.952,-1.139,0.666
243.803,-81.011,3.564,1.897,-1.974,-2.136,-0.286
243.813,-74.323,6.981,2.341,-2.534,-2.740,-1.037
243.825,-66.753,5.457,2.784,-3.207,-3.381,-1.851
243.837,-53.356,5.606,3.226,-3.579,-3.745,-2.525
243.849,-39.087,5.136,3.600,-3.780,-3.908,-3.026
243.861,-26.078,3.858,3.759,-3.881,-3.965,-3.382
243.872,-9.224,3.516,3.731,-3.701,-3.771,-3.565
243.884,5.968,4.580,3.814,-3.288,-3.385,-3.535
243.896,25.336,3.915,3.925,-2.621,-2.714,-3.305
243.908,47.154,3.945,3.943,-1.662,-1.758,-2.837
243.920,60.444,3.676,3.904,-0.700,-0.781,-2.167
243.931,69.315,3.737,3.862,0.220,0.150,-1.422
243.942,73.453,4.334,3.884,1.139,1.054,-0.599
243.952,76.349,5.555,4.020,1.989,1.888,0.186
243.964,74.419,5.164,4.121,2.804,2.721,1.063
243.975,71.869,4.842,4.217,3.562,3.505,1.906
243.986,66.406,4.375,4.257,4.148,4.103,2.678
243.996,56.333,3.991,4.255,4.535,4.496,3.339
244.007,40.945,4.061,4.225,4.621,4.595,3.845
244.017,22.552,3.222,4.134,4.449,4.445,4.171
244.028,1.177,2.613,3.971,4.005,4.019,4.285
244.038,-21.039,3.525,3.869,3.324,3.320,4.165
244.049,-43.035,2.692,3.747,2.364,2.373,3.806
244.059,-62.090,1.779,3.544,1.254,1.286,3.229
244.070,-80.380,2.136,3.354,0.012,0.036,2.468
244.080,-96.048,2.256,3.195,-1.313,-1.300,1.538
244.091,-105.960,1.573,3.007,-2.654,-2.613,0.478
244.101,-113.432,0.848,2.777,-4.000,-3.938,-0.665
244.112,-113.118,0.497,2.537,-5.180,-5.107,-1.845
244.123,-109.618,0.828,2.338,-6.324,-6.259,-3.082
244.134,-100.616,2.038,2.255,-7.207,-7.174,-4.233
244.145,-87.692,2.544,2.273,-7.841,-7.820,-5.247
244.156,-68.043,1.869,2.281,-8.144,-8.101,-6.075
244.168,-47.427,1.432,2.253,-8.176,-8.114,-6.685
244.179,-23.260,1.124,2.219,-7.854,-7.793,-7.036
244.190,2.875,0.325,2.116,-7.173,-7.110,-7.099
244.202,30.230,-0.368,1.933,-6.171,-6.097,-6.859
244.212,52.667,-0.276,1.686,-5.067,-5.002,-6.367
244.223,75.194,0.740,1.550,-3.719,-3.677,-5.632
244.234,92.639,0.828,1.443,-2.255,-2.219,-4.648
244.246,103.792,1.068,1.382,-0.817,-0.785,-3.516
244.257,111.223,1.176,1.359,0.623,0.657,-2.281
244.268,112.644,1.631,1.376,1.937,1.966,-1.012
244.279,110.721,2.494,1.452,3.142,3.151,0.247
244.290,101.104,3.326,1.614,4.115,4.097,1.454
244.301,89.382,2.139,1.720,4.811,4.812,2.497
244.311,77.414,0.821,1.647,5.332,5.350,3.333
244.323,51.574,1.011,1.545,5.462,5.473,4.079
244.335,26.478,1.887,1.547,5.340,5.316,4.522
244.347,3.278,1.578,1.554,4.930,4.901,4.674
244.359,-21.110,2.231,1.587,4.221,4.182,4.544
244.371,-39.531,2.329,1.655,3.405,3.373,4.167
244.383,-51.639,1.287,1.709,2.529,2.535,3.616
244.395,-62.212,-0.009,1.618,1.513,1.559,2.911
244.407,-67.508,-0.300,1.371,0.581,0.635,2.122
244.419,-69.589,-1.374,1.028,-0.316,-0.230,1.298
244.431,-69.151,-1.725,0.614,-1.124,-1.023,0.480
244.443,-65.984,-1.368,0.266,-1.850,-1.748,-0.329
244.454,-54.504,-0.915,-0.024,-2.242,-2.158,-1.031
244.466,-45.823,-0.925,-0.270,-2.578,-2.484,-1.604
244.478,-35.730,1.177,-0.257,-2.804,-2.726,-2.078
244.491,-24.481,1.269,-0.038,-2.893,-2.814,-2.427
244.502,-15.270,1.173,0.107,-2.815,-2.734,-2.614
244.513,-6.522,-0.102,0.141,-2.683,-2.578,-2.707
244.524,5.090,-1.434,0.034,-2.373,-2.254,-2.699
244.535,15.465,-2.880,-0.260,-1.934,-1.807,-2.556
244.546,24.978,-3.434,-0.605,-1.434,-1.301,-2.321
244.556,33.443,-4.121,-0.975,-0.898,-0.751,-2.000
244.567,39.538,-4.274,-1.352,-0.336,-0.191,-1.603
244.578,41.570,-5.004,-1.741,0.170,0.326,-1.158
244.588,40.061,-4.884,-2.101,0.586,0.735,-0.734
244.599,38.179,-4.252,-2.364,0.916,1.049,-0.342
244.609,31.932,-4.184,-2.557,1.137,1.269,0.019
244.620,22.596,-3.983,-2.708,1.150,1.279,0.280
244.630,12.867,-3.333,-2.790,1.054,1.169,0.442
244.641,2.182,-2.834,-2.817,0.837,0.944,0.503
244.651,-9.027,-2.275,-2.793,0.507,0.603,0.455
244.662,-23.129,-2.012,-2.728,-0.035,0.053,0.272
244.672,-36.938,-1.343,-2.632,-0.756,-0.677,-0.066
244.683,-49.435,-0.972,-2.498,-1.572,-1.499,-0.537
244.693,-60.584,-2.962,-2.492,-2.497,-2.385,-1.128
244.704,-71.082,-4.160,-2.658,-3.508,-3.376,-1.854
244.716,-80.215,-4.575,-2.900,-4.653,-4.519,-2.743
244.728,-83.790,-4.357,-3.116,-5.711,-5.589,-3.718
244.739,-86.532,-3.700,-3.242,-6.725,-6.619,-4.673
244.751,-86.320,-2.864,-3.264,-7.733,-7.644,-5.684
244.763,-78.759,-1.950,-3.156,-8.452,-8.381,-6.651
244.774,-67.313,-2.294,-2.964,-9.008,-8.915,-7.503
244.786,-52.736,-2.100,-2.776,-9.235,-9.154,-8.178
244.798,-37.934,-2.787,-2.693,-9.284,-9.206,-8.679
244.810,-19.976,-2.712,-2.715,-9.036,-8.960,-8.977
244.822,-2.474,-2.361,-2.751,-8.606,-8.534,-9.063
244.834,14.331,-0.904,-2.671,-8.003,-7.957,-8.958
244.846,31.527,-0.185,-2.431,-7.156,-7.141,-8.641
244.858,45.382,1.079,-2.078,-6.182,-6.208,-8.125
244.869,56.082,0.430,-1.750,-5.250,-5.261,-7.478
244.881,63.824,-1.338,-1.629,-4.286,-4.256,-6.730
244.893,71.648,-2.935,-1.745,-3.235,-3.172,-5.890
244.905,71.034,-2.864,-1.924,-2.375,-2.326,-5.026
244.917,66.971,-2.021,-1.921,-1.705,-1.652,-4.202
244.929,59.588,-2.211,-1.886,-1.217,-1.146,-3.453
244.940,47.471,-3.108,-1.976,-0.969,-0.877,-2.821
244.952,32.485,-4.297,-2.184,-0.962,-0.855,-2.353
244.964,11.633,-4.249,-2.399,-1.338,-1.239,-2.115
244.976,-7.495,-4.526,-2.632,-1.897,-1.793,-2.116
244.987,-26.445,-4.389,-2.784,-2.631,-2.536,-2.322
244.999,-45.549,-3.926,-2.871,-3.610,-3.553,-2.765
245.011,-61.064,-3.623,-3.012,-4.707,-4.660,-3.413
245.023,-70.597,-3.039,-3.062,-5.766,-5.740,-4.197
245.035,-74.558,-2.914,-3.052,-6.790,-6.766,-5.063
245.047,-71.268,-2.372,-2.996,-7.555,-7.540,-5.915
245.058,-64.384,-1.868,-2.859,-8.095,-8.084,-6.660
245.068,-53.416,0.142,-2.590,-8.374,-8.387,-7.242
245.079,-38.524,1.263,-2.187,-8.406,-8.427,-7.689
245.090,-19.054,1.152,-1.840,-8.157,-8.168,-7.965
245.101,1.049,1.072,-1.525,-7.664,-7.675,-8.012
245.112,21.739,0.038,-1.331,-6.994,-6.986,-7.848
245.123,47.540,-1.018,-1.284,-5.930,-5.907,-7.432
245.133,71.285,-1.764,-1.337,-4.650,-4.618,-6.759
245.144,90.115,-2.304,-1.433,-3.242,-3.204,-5.860
245.154,107.728,-2.858,-1.567,-1.733,-1.675,-4.791
245.165,123.722,-1.769,-1.643,-0.065,-0.025,-3.550
245.176,132.526,-1.230,-1.612,1.565,1.595,-2.140
245.187,137.491,-1.513,-1.546,3.169,3.202,-0.647
245.197,137.912,-0.731,-1.483,4.591,4.598,0.746
245.209,129.451,-0.387,-1.341,5.965,5.965,2.325
245.220,113.361,-1.181,-1.280,6.983,7.005,3.750
245.232,93.680,-2.576,-1.316,7.676,7.725,4.964
245.243,74.096,-3.039,-1.487,7.967,8.035,5.773
245.253,50.054,-2.733,-1.628,7.955,8.012,6.368
245.263,26.070,-3.467,-1.807,7.694,7.761,6.716
245.273,5.015,-3.372,-1.991,7.263,7.325,6.829
245.283,-14.716,-2.602,-2.075,6.669,6.713,6.735
245.294,-31.899,-3.263,-2.184,5.960,6.015,6.462
245.304,-48.315,-2.603,-2.275,5.115,5.140,6.014
245.314,-59.865,-2.248,-2.295,4.260,4.272,5.437
245.324,-68.662,-2.417,-2.303,3.356,3.366,4.753
245.334,-75.964,-2.489,-2.327,2.413,2.422,3.991
245.345,-77.706,-2.439,-2.341,1.548,1.556,3.169
245.355,-76.509,-2.441,-2.353,0.772,0.777,2.352
245.366,-71.818,-2.495,-2.364,0.138,0.142,1.571
245.376,-64.643,-2.462,-2.378,-0.395,-0.396,0.855
245.387,-58.478,-2.274,-2.385,-0.871,-0.875,0.213
245.398,-49.867,-1.632,-2.348,-1.235,-1.253,-0.400
245.409,-40.547,-0.673,-2.203,-1.458,-1.490,-0.904
245.421,-29.482,-0.560,-2.042,-1.529,-1.557,-1.291
245.432,-19.502,-0.080,-1.826,-1.545,-1.575,-1.558
245.444,-10.617,-0.177,-1.633,-1.451,-1.475,-1.712
245.456,0.745,-0.655,-1.553,-1.135,-1.153,-1.741
245.468,13.904,-1.005,-1.545,-0.632,-0.655,-1.631
245.480,25.511,-1.148,-1.583,-0.044,-0.075,-1.384
245.492,39.444,-1.392,-1.584,0.764,0.735,-0.979
245.503,53.828,-1.746,-1.567,1.697,1.675,-0.431
245.515,67.979,-2.395,-1.585,2.832,2.815,0.296
245.527,80.852,-3.295,-1.736,4.117,4.115,1.198
245.539,88.341,-3.422,-1.952,5.356,5.349,2.209
245.551,93.840,-3.664,-2.187,6.602,6.594,3.291
245.563,96.788,-3.534,-2.409,7.820,7.806,4.420
245.574,95.653,-3.401,-2.559,8.907,8.883,5.547
245.586,92.429,-3.297,-2.702,9.918,9.884,6.652
245.598,81.443,-3.460,-2.827,10.603,10.565,7.654
245.610,65.428,-3.116,-2.889,10.963,10.912,8.479
245.622,45.801,-2.624,-2.907,10.988,10.919,9.086
245.634,25.172,-2.965,-2.956,10.701,10.643,9.445
245.646,3.567,-3.051,-3.007,10.170,10.113,9.560
245.658,-18.375,-3.019,-3.010,9.370,9.312,9.417
245.670,-37.272,-2.991,-3.023,8.427,8.375,9.033
245.681,-52.652,-3.086,-3.067,7.381,7.342,8.453
245.693,-61.801,-3.075,-3.117,6.380,6.353,7.731
245.705,-66.707,-3.383,-3.164,5.450,5.426,6.934
245.717,-67.153,-3.720,-3.248,4.615,4.598,6.105
245.729,-59.396,-3.264,-3.368,4.114,4.083,5.342
245.741,-49.213,-4.238,-3.500,3.755,3.720,4.676
245.753,-33.616,-4.747,-3.633,3.745,3.713,4.184
245.765,-19.026,-4.824,-3.743,3.848,3.806,3.858
245.777,-0.841,-4.595,-3.840,4.261,4.197,3.725
245.788,17.732,-4.346,-3.926,4.923,4.849,3.822
245.800,35.454,-3.822,-3.911,5.735,5.655,4.126
245.812,52.901,-3.728,-3.804,6.743,6.682,4.646
245.824,64.899,-2.807,-3.700,7.808,7.730,5.338
245.836,74.424,-1.823,-3.621,8.932,8.839,6.168
245.848,79.644,-1.337,-3.484,10.000,9.898,7.072
245.860,78.380,-0.974,-3.248,10.880,10.777,7.993
245.872,74.647,-1.596,-3.019,11.620,11.535,8.873
245.884,64.119,-2.507,-2.867,12.113,12.032,9.666
245.896,46.465,-2.451,-2.735,12.207,12.112,10.273
245.907,25.501,-2.981,-2.724,11.950,11.861,10.642
245.919,3.246,-3.324,-2.769,11.383,11.306,10.750
245.931,-18.679,-3.420,-2.801,10.558,10.498,10.594
245.943,-38.937,-3.279,-2.843,9.544,9.476,10.188
245.955,-58.119,-3.104,-2.890,8.322,8.251,9.547
245.967,-71.410,-2.870,-2.929,7.072,7.009,8.711
245.978,-79.402,-2.855,-2.905,5.923,5.851,7.782
245.990,-81.941,-2.840,-2.866,4.860,4.774,6.786
246.002,-78.229,-2.469,-2.841,4.032,3.932,5.822
246.014,-66.119,-3.459,-2.892,3.482,3.413,4.946
246.026,-49.213,-4.094,-3.017,3.310,3.257,4.262
246.038,-32.727,-4.447,-3.239,3.300,3.257,3.766
246.050,-11.878,-3.771,-3.419,3.675,3.637,3.506
246.061,9.934,-4.102,-3.496,4.317,4.289,3.498
246.073,30.852,-4.029,-3.496,5.217,5.164,3.745
246.085,50.750,-4.392,-3.559,6.255,6.198,4.215
246.097,67.866,-4.852,-3.708,7.483,7.439,4.924
246.109,83.108,-3.983,-3.760,8.816,8.764,5.804
246.121,92.206,-2.605,-3.653,10.092,10.015,6.821
246.132,92.306,-1.772,-3.450,11.135,11.039,7.880
246.144,86.754,-1.377,-3.220,11.986,11.881,8.902
246.156,76.027,-1.475,-3.000,12.623,12.520,9.836
246.168,59.985,-1.928,-2.808,12.876,12.792,10.574
246.180,40.240,-1.984,-2.642,12.831,12.751,11.115
246.191,15.866,-2.051,-2.583,12.359,12.278,11.379
246.203,-10.417,-1.168,-2.495,11.530,11.426,11.334
246.215,-36.581,-0.968,-2.338,10.392,10.277,10.987
246.227,-58.197,-0.087,-2.072,9.122,8.998,10.366
246.239,-76.586,0.893,-1.767,7.714,7.571,9.511
246.251,-89.099,1.450,-1.432,6.296,6.145,8.478
246.263,-97.449,1.678,-1.133,4.916,4.763,7.342
246.274,-96.351,2.533,-0.735,3.788,3.612,6.165
246.286,-90.014,2.800,-0.352,2.891,2.712,5.063
246.298,-77.754,1.972,-0.096,2.256,2.104,4.075
246.310,-57.791,0.949,0.052,2.068,1.934,3.297
246.322,-31.579,0.116,0.101,2.328,2.210,2.788
246.334,-6.362,0.261,0.065,2.905,2.782,2.589
246.346,18.888,-0.545,-0.018,3.760,3.654,2.687
246.358,43.571,-0.777,-0.125,4.871,4.769,3.074
246.369,65.961,-0.706,-0.170,6.213,6.096,3.733
246.381,84.162,-0.610,-0.216,7.617,7.500,4.621
246.393,92.271,0.239,-0.240,8.887,8.760,5.640
246.404,93.630,0.816,-0.168,10.015,9.882,6.709
246.416,87.879,1.229,-0.001,10.875,10.734,7.736
246.427,74.553,2.049,0.222,11.387,11.220,8.626
246.438,55.487,2.433,0.428,11.539,11.370,9.314
246.450,30.995,1.589,0.560,11.294,11.148,9.778
246.461,-1.257,1.360,0.688,10.453,10.319,9.890
246.473,-30.833,1.210,0.801,9.323,9.205,9.651
246.485,-61.696,1.391,0.862,7.783,7.662,9.042
246.496,-89.589,1.939,0.949,6.083,5.950,8.121
246.508,-112.770,2.734,1.144,4.216,4.077,6.917
246.519,-128.983,3.538,1.415,2.331,2.183,5.522
246.530,-134.085,4.501,1.769,0.697,0.537,4.032
246.542,-131.974,4.087,2.120,-0.764,-0.906,2.537
246.553,-122.493,3.829,2.368,-1.884,-2.013,1.132
246.565,-105.511,3.343,2.556,-2.720,-2.827,-0.177
246.576,-83.373,3.216,2.711,-3.179,-3.270,-1.251
246.587,-55.608,2.868,2.742,-3.137,-3.216,-1.984
246.599,-26.147,2.491,2.672,-2.687,-2.766,-2.397
246.610,5.120,1.519,2.565,-1.891,-1.950,-2.478
246.622,34.091,0.721,2.375,-0.811,-0.848,-2.207
246.633,62.507,-0.046,2.120,0.573,0.555,-1.617
246.645,81.380,-0.614,1.875,1.971,1.954,-0.757
246.657,94.806,-0.886,1.601,3.407,3.395,0.287
246.668,103.054,-1.555,1.312,4.803,4.798,1.447
246.680,101.891,-2.209,0.965,5.951,5.948,2.633
246.691,96.660,-2.747,0.522,6.909,6.917,3.760
246.703,83.136,-2.775,0.217,7.545,7.548,4.776
246.715,65.808,-2.959,-0.155,7.889,7.895,5.623
246.726,43.399,-2.891,-0.435,7.820,7.814,6.208
246.738,15.620,-1.925,-0.662,7.336,7.305,6.505
246.749,-11.257,-1.593,-0.790,6.545,6.505,6.485
246.761,-40.619,-1.316,-0.823,5.307,5.265,6.126
246.773,-64.988,-1.066,-0.897,3.945,3.903,5.467
246.784,-85.452,-0.675,-0.887,2.464,2.413,4.561
246.796,-98.816,-0.370,-0.830,1.004,0.948,3.475
246.807,-105.921,-0.336,-0.734,-0.424,-0.471,2.272
246.819,-104.914,-0.393,-0.673,-1.630,-1.679,1.045
246.830,-95.928,-0.376,-0.688,-2.545,-2.590,-0.118
246.842,-81.717,-0.031,-0.608,-3.165,-3.218,-1.145
246.854,-61.475,0.204,-0.577,-3.305,-3.369,-1.930
246.865,-34.920,0.683,-0.368,-3.108,-3.171,-2.472
246.877,-7.291,1.116,-0.158,-2.526,-2.600,-2.684
246.888,22.267,1.223,0.009,-1.537,-1.613,-2.554
246.900,47.004,1.518,0.182,-0.386,-0.469,-2.114
246.911,65.171,0.938,0.310,0.810,0.744,-1.440
246.922,75.516,-0.630,0.255,1.842,1.826,-0.649
246.934,80.689,-0.792,0.151,2.899,2.892,0.267
246.945,80.775,-0.945,0.032,3.826,3.819,1.195
246.957,76.338,-0.721,-0.064,4.611,4.577,2.084
246.968,68.325,-0.663,-0.126,5.186,5.151,2.896
246.979,58.410,-0.757,-0.196,5.586,5.546,3.561
246.989,46.737,-0.770,-0.242,5.780,5.751,4.068
246.999,33.649,-0.478,-0.278,5.855,5.797,4.451
247.009,15.781,-0.529,-0.294,5.620,5.561,4.675
247.021,-114.458,-2.941,-0.360,1.944,1.895,4.024
247.033,-64.546,-3.844,-1.346,1.819,1.766,2.890
247.045,-17.664,-6.403,-2.468,2.453,2.430,2.410
247.057,-11.648,-6.100,-3.117,2.494,2.428,2.233
247.069,-17.278,-5.296,-3.484,2.253,2.092,2.026
247.079,-22.306,-4.754,-3.665,2.009,1.741,1.802
247.091,-20.075,-4.662,-3.832,1.680,1.443,1.488
247.103,2.020,-4.865,-3.956,2.135,1.900,1.404
247.115,-7.228,-4.145,-4.000,1.929,1.638,1.353
247.125,-12.580,-4.560,-4.027,1.622,1.361,1.222
247.135,2.526,-3.734,-4.011,1.979,1.675,1.164
247.145,3.068,1.404,-3.681,2.048,1.756,1.198
247.156,0.854,1.704,-2.682,1.983,1.693,1.202
247.167,0.890,1.800,-2.038,1.998,1.703,1.214
247.179,1.957,1.929,-1.523,2.022,1.730,1.235
247.190,-3.271,0.465,-1.226,1.890,1.620,1.222
247.201,0.541,1.110,-0.938,1.958,1.659,1.202
247.212,0.261,-0.704,-0.873,1.972,1.694,1.208
247.223,-2.451,-1.283,-0.785,1.793,1.637,1.196
247.235,-4.202,-0.679,-0.757,1.791,1.548,1.149
247.246,2.462,-1.538,-0.789,1.909,1.679,1.149
247.257,2.701,0.372,-0.714,1.948,1.683,1.163
247.268,-0.590,0.406,-0.555,1.915,1.653,1.181
247.279,-2.155,0.383,-0.365,1.858,1.597,1.163
247.290,-1.230,0.313,-0.276,1.846,1.582,1.139
247.301,-1.497,0.819,-0.123,1.827,1.551,1.120
247.312,-0.845,0.454,-0.013,1.803,1.536,1.101
247.324,-0.118,0.758,0.094,1.819,1.543,1.097
247.335,-0.368,0.618,0.173,1.804,1.532,1.093
247.347,0.246,0.770,0.250,1.809,1.533,1.088
247.359,0.479,0.659,0.312,1.818,1.546,1.094
247.371,1.234,0.764,0.371,1.842,1.568,1.104
247.382,1.301,0.657,0.416,1.856,1.585,1.120
247.394,1.629,0.730,0.457,1.880,1.608,1.138
247.406,0.409,0.641,0.487,1.838,1.569,1.142
247.418,0.700,0.704,0.515,1.850,1.580,1.150
247.430,0.087,0.643,0.536,1.829,1.562,1.154
247.442,-0.379,0.662,0.554,1.809,1.542,1.149
247.453,-0.108,0.656,0.568,1.805,1.539,1.144
247.465,-0.849,0.672,0.582,1.772,1.506,1.137
247.477,-0.960,0.664,0.595,1.760,1.495,1.127
247.487,-0.551,0.661,0.602,1.758,1.494,1.119
247.497,-1.470,0.689,0.610,1.714,1.449,1.106
247.507,-1.408,0.687,0.619,1.698,1.434,1.091
247.518,-0.976,0.674,0.626,1.690,1.427,1.077
247.529,-0.817,0.703,0.635,1.669,1.406,1.063
247.540,-1.235,0.696,0.645,1.653,1.391,1.052
247.551,-0.934,0.688,0.651,1.644,1.383,1.038
247.562,-0.155,0.656,0.655,1.659,1.400,1.036
247.573,0.286,0.659,0.656,1.657,1.399,1.036
247.584,0.703,0.664,0.657,1.675,1.418,1.043
247.595,-0.012,0.669,0.659,1.664,1.408,1.048
247.606,-0.134,0.673,0.662,1.662,1.407,1.049
247.617,0.753,0.680,0.665,1.680,1.425,1.052
247.628,-1.288,0.696,0.670,1.633,1.379,1.050
247.639,-1.562,0.706,0.676,1.608,1.355,1.035
247.649,-0.720,0.710,0.680,1.607,1.355,1.022
247.660,-0.651,0.712,0.685,1.596,1.344,1.012
247.671,-0.672,0.686,0.686,1.578,1.327,1.003
247.682,1.026,0.699,0.687,1.612,1.362,1.007
247.693,0.880,0.688,0.687,1.605,1.357,1.013
247.704,-0.551,0.693,0.689,1.576,1.328,1.015
247.715,0.503,0.684,0.689,1.587,1.340,1.017
247.726,0.427,0.665,0.686,1.587,1.342,1.023
247.737,0.596,0.646,0.680,1.582,1.338,1.024
247.748,-0.355,0.644,0.675,1.562,1.319,1.024
247.759,0.059,0.634,0.669,1.564,1.322,1.022
247.770,-0.203,0.639,0.664,1.550,1.309,1.020
247.781,-0.227,0.643,0.660,1.536,1.296,1.013
247.792,0.794,0.641,0.656,1.556,1.317,1.014
247.803,0.677,0.653,0.655,1.559,1.320,1.020
247.814,1.235,0.637,0.654,1.565,1.328,1.030
247.825,1.102,0.629,0.650,1.570,1.334,1.044
247.836,0.817,0.632,0.646,1.563,1.327,1.049
247.847,-0.104,0.619,0.642,1.542,1.307,1.050
247.858,-0.393,0.625,0.639,1.519,1.285,1.042
247.869,0.667,0.649,0.639,1.550,1.316,1.048
247.880,0.542,0.633,0.640,1.553,1.321,1.053
247.890,-0.456,0.636,0.640,1.539,1.308,1.057
247.901,-0.760,0.622,0.638,1.526,1.295,1.049
247.912,-0.308,0.648,0.637,1.531,1.300,1.045
247.923,0.380,0.656,0.638,1.532,1.302,1.042
247.934,0.163,0.647,0.641,1.526,1.297,1.043
247.945,-0.690,0.631,0.640,1.501,1.273,1.039
247.956,-0.174,0.612,0.637,1.490,1.264,1.031
247.967,-1.568,0.623,0.633,1.459,1.234,1.024
247.978,-1.553,0.619,0.631,1.426,1.201,1.001
247.989,-1.800,0.621,0.629,1.405,1.181,0.984
248.000,-1.512,0.624,0.628,1.391,1.168,0.966
248.011,0.101,0.663,0.631,1.412,1.189,0.960
248.022,0.741,0.649,0.635,1.426,1.204,0.964
248.033,0.003,0.643,0.636,1.421,1.200,0.969
248.044,-0.367,0.646,0.638,1.411,1.190,0.967
248.055,-0.710,0.647,0.638,1.392,1.172,0.959
248.066,0.203,0.635,0.639,1.399,1.180,0.956
248.077,-0.235,0.626,0.637,1.386,1.168,0.955
248.088,-0.413,0.616,0.634,1.374,1.157,0.949
248.099,-0.314,0.617,0.632,1.356,1.141,0.939
248.110,-0.263,0.609,0.628,1.345,1.130,0.935
248.121,-0.798,0.615,0.625,1.323,1.108,0.929
248.131,-0.521,0.610,0.623,1.328,1.115,0.925
248.142,-0.213,0.602,0.619,1.325,1.112,0.919
248.153,1.583,0.570,0.614,1.363,1.152,0.926
248.164,1.605,0.588,0.608,1.375,1.165,0.942
248.175,-0.045,0.586,0.604,1.353,1.143,0.950
248.186,-0.015,0.584,0.601,1.355,1.146,0.951
248.197,0.662,0.591,0.598,1.358,1.150,0.949
248.208,0.311,0.599,0.