R
Px,Ix,Dx,Py,Iy,Dy,Pz,Iz,FFrx,FFry,FFdrx,FFdry,satI,satPID,DTermC,GparamC,AparamC,KFQAng,KFQbias,KFRmeas,CPx,CIx,CPy,CIy,CsatI,CsatPID,CFFdrx,CFFdry
175,25,1900,200,25,2100,500,150,0,0,0,0,7,75,10,10.0,32.0,0.000100,0.003000,20,70,10,70,10,50,500,0,0
sysTime,GPT1X,aPT1R,aPT2R,aKFRawR,aKFPT10R,aKFPT11R
295.172,1.660,0.891,0.901,0.826,0.816,0.748
295.183,1.124,0.885,0.899,0.831,0.821,0.763
295.194,0.727,0.885,0.896,0.835,0.825,0.774
295.205,0.289,0.886,0.894,0.834,0.824,0.781
295.216,0.058,0.885,0.893,0.829,0.819,0.782
295.227,-0.055,0.866,0.890,0.832,0.823,0.786
295.238,1.216,0.885,0.887,0.861,0.851,0.793
295.249,1.092,0.885,0.887,0.878,0.868,0.808
295.261,1.415,0.877,0.886,0.890,0.880,0.819
295.272,1.312,0.893,0.886,0.900,0.890,0.832
295.283,1.993,0.878,0.886,0.929,0.919,0.849
295.294,1.467,0.875,0.884,0.943,0.933,0.872
295.305,0.066,0.868,0.882,0.922,0.912,0.879
295.316,-0.683,0.885,0.882,0.906,0.896,0.877
295.327,0.539,0.890,0.882,0.942,0.932,0.880
295.338,0.261,0.926,0.887,0.930,0.918,0.881
295.349,-0.854,0.913,0.892,0.906,0.895,0.877
295.360,-0.685,0.918,0.896,0.906,0.895,0.870
295.371,-0.363,0.934,0.901,0.910,0.898,0.866
295.382,0.734,0.929,0.906,0.920,0.908,0.864
295.393,-0.115,0.915,0.909,0.903,0.892,0.865
295.404,-0.665,0.917,0.910,0.890,0.879,0.862
295.415,-0.393,0.913,0.911,0.889,0.878,0.857
295.426,-0.608,0.922,0.912,0.873,0.861,0.851
295.437,-0.612,0.932,0.914,0.869,0.856,0.844
295.448,0.251,0.929,0.916,0.888,0.876,0.844
295.459,1.023,0.947,0.921,0.898,0.886,0.845
295.470,1.342,0.949,0.925,0.922,0.909,0.858
295.482,0.669,0.952,0.929,0.924,0.911,0.870
295.493,0.414,0.943,0.932,0.927,0.914,0.878
295.504,-0.491,0.943,0.935,0.907,0.894,0.874
295.515,0.879,0.949,0.936,0.935,0.922,0.876
295.526,0.788,0.939,0.937,0.938,0.925,0.885
295.537,0.272,0.914,0.935,0.946,0.935,0.895
295.548,-0.189,0.937,0.934,0.932,0.920,0.892
295.559,-0.121,0.950,0.936,0.937,0.924,0.892
295.570,-1.670,0.937,0.935,0.902,0.890,0.883
295.581,0.091,0.936,0.935,0.919,0.906,0.872
295.592,0.901,0.908,0.933,0.930,0.919,0.876
295.603,-0.689,0.947,0.933,0.900,0.887,0.873
295.614,-0.467,0.945,0.935,0.897,0.885,0.865
295.625,-0.110,0.966,0.940,0.900,0.886,0.863
295.636,-0.250,0.967,0.944,0.903,0.890,0.864
295.648,0.120,0.964,0.947,0.907,0.893,0.862
295.659,0.764,0.973,0.952,0.930,0.916,0.869
295.670,0.223,0.972,0.956,0.928,0.914,0.877
295.681,-0.911,0.966,0.959,0.918,0.904,0.878
295.692,-0.381,0.948,0.958,0.917,0.905,0.870
295.703,0.595,0.938,0.954,0.925,0.913,0.866
295.714,0.298,0.923,0.948,0.929,0.918,0.874
295.725,1.444,0.907,0.941,0.959,0.948,0.883
295.736,0.760,0.879,0.933,0.963,0.953,0.899
295.747,-0.036,0.873,0.923,0.960,0.950,0.906
295.758,-0.358,0.879,0.915,0.960,0.950,0.906
295.769,-0.479,0.884,0.909,0.940,0.930,0.898
295.780,0.276,0.890,0.905,0.956,0.946,0.898
295.791,0.115,0.871,0.899,0.961,0.952,0.902
295.802,-0.738,0.893,0.898,0.935,0.924,0.895
295.813,0.237,0.895,0.898,0.951,0.940,0.894
295.824,-0.319,0.886,0.897,0.945,0.935,0.897
295.836,1.567,0.884,0.895,0.986,0.976,0.903
295.847,1.208,0.884,0.893,0.993,0.983,0.916
295.858,0.203,0.891,0.892,0.995,0.985,0.927
295.868,-0.275,0.893,0.892,0.980,0.970,0.927
295.880,-1.540,0.889,0.892,0.931,0.921,0.913
295.892,-1.318,0.881,0.891,0.916,0.906,0.894
295.903,-0.956,0.889,0.890,0.901,0.891,0.875
295.915,-1.269,0.905,0.891,0.879,0.868,0.862
295.927,-0.612,0.890,0.892,0.878,0.868,0.850
295.938,-0.577,0.898,0.892,0.864,0.854,0.841
295.950,-0.211,0.903,0.893,0.858,0.848,0.835
295.962,-1.458,0.913,0.896,0.835,0.824,0.829
295.974,-1.140,0.900,0.896,0.830,0.819,0.814
295.985,-0.779,0.915,0.897,0.824,0.813,0.802
295.997,-0.008,0.885,0.899,0.836,0.826,0.799
296.009,0.207,0.977,0.883,0.837,0.824,0.797
296.021,1.172,0.964,0.909,0.861,0.849,0.808
296.033,-1.094,0.941,0.916,0.809,0.798,0.807
296.044,-0.869,0.995,0.915,0.806,0.793,0.798
296.056,0.102,0.810,0.896,0.816,0.812,0.794
296.068,0.503,0.881,0.894,0.824,0.818,0.796
296.080,-1.104,0.748,0.873,0.772,0.772,0.790
296.091,0.095,0.746,0.857,0.787,0.788,0.783
296.103,-0.528,0.642,0.839,0.768,0.773,0.782
296.115,1.180,0.490,0.803,0.796,0.809,0.782
296.127,0.838,0.445,0.760,0.820,0.834,0.798
296.139,0.742,0.510,0.707,0.815,0.827,0.800
296.150,-0.689,0.563,0.678,0.795,0.804,0.803
296.162,1.145,0.440,0.656,0.827,0.842,0.801
296.174,0.465,0.755,0.651,0.830,0.830,0.806
296.186,0.351,0.712,0.651,0.821,0.823,0.806
296.197,-1.257,0.851,0.684,0.773,0.769,0.797
296.209,-1.358,0.985,0.707,0.765,0.755,0.782
296.221,-2.483,1.119,0.754,0.718,0.702,0.759
296.232,-2.729,1.097,0.810,0.682,0.668,0.728
296.244,-3.320,0.980,0.853,0.628,0.621,0.693
296.256,-2.011,0.801,0.838,0.623,0.623,0.659
296.268,-3.047,0.790,0.833,0.572,0.574,0.629
296.280,-2.190,0.700,0.796,0.565,0.571,0.601
296.291,-1.819,0.509,0.764,0.534,0.550,0.576
296.303,-0.449,0.568,0.731,0.564,0.576,0.565
296.315,-0.711,0.473,0.719,0.558,0.573,0.561
296.327,-1.358,0.424,0.701,0.532,0.550,0.549
296.338,-1.874,0.276,0.670,0.506,0.532,0.535
296.350,-0.813,0.229,0.598,0.517,0.544,0.516
296.362,-0.670,0.013,0.504,0.508,0.544,0.507
296.374,-0.363,-0.026,0.435,0.509,0.545,0.498
296.384,-0.071,0.072,0.410,0.525,0.555,0.495
296.396,1.544,0.029,0.403,0.562,0.594,0.501
296.408,0.954,-0.050,0.363,0.574,0.610,0.518
296.420,-0.710,0.433,0.337,0.551,0.568,0.516
296.431,-1.349,0.350,0.328,0.505,0.525,0.497
296.443,-0.174,0.336,0.344,0.529,0.551,0.489
296.455,-1.266,0.350,0.370,0.489,0.513,0.477
296.467,0.018,0.563,0.360,0.516,0.532,0.468
296.478,0.453,0.474,0.358,0.523,0.542,0.468
296.490,0.978,0.562,0.404,0.544,0.560,0.473
296.502,-0.182,0.759,0.470,0.522,0.530,0.478
296.514,0.448,0.563,0.519,0.540,0.552,0.482
296.524,0.722,0.379,0.483,0.544,0.563,0.485
296.534,-0.080,0.389,0.451,0.521,0.538,0.484
296.547,-1.059,0.684,0.450,0.486,0.491,0.470
296.558,0.119,0.688,0.474,0.503,0.513,0.464
296.568,-0.256,0.767,0.479,0.501,0.508,0.465
296.580,-0.602,0.962,0.528,0.486,0.492,0.457
296.592,-1.374,0.622,0.563,0.442,0.457,0.446
296.604,-1.426,0.205,0.562,0.414,0.439,0.429
296.616,-2.734,0.796,0.574,0.362,0.379,0.406
296.627,0.148,1.014,0.619,0.447,0.455,0.401
296.639,-3.338,2.067,0.729,0.383,0.342,0.383
296.649,-5.704,1.553,0.878,0.241,0.253,0.349
296.660,-6.464,1.173,0.905,0.109,0.173,0.288
296.670,-7.088,1.175,0.958,-0.009,0.072,0.215
296.681,-8.969,2.147,1.063,-0.153,-0.070,0.138
296.691,-8.918,1.927,1.164,-0.220,-0.120,0.066
296.701,-10.046,1.162,1.217,-0.322,-0.223,-0.019
296.711,-14.578,1.744,1.249,-0.555,-0.490,-0.146
296.722,-18.407,1.435,1.303,-0.857,-0.751,-0.308
296.732,-20.176,1.818,1.334,-1.037,-0.960,-0.487
296.744,-21.364,1.263,1.310,-1.266,-1.207,-0.724
296.754,-24.138,0.323,1.218,-1.570,-1.464,-0.937
296.766,-33.984,0.674,1.141,-2.115,-2.031,-1.271
296.776,-34.656,0.425,1.090,-2.462,-2.354,-1.601
296.787,-33.807,1.009,1.045,-2.750,-2.659,-1.939
296.797,-33.927,0.380,0.996,-3.113,-2.998,-2.271
296.808,-32.594,0.037,0.888,-3.419,-3.278,-2.601
296.818,-28.553,0.600,0.834,-3.619,-3.486,-2.902
296.828,-23.764,0.050,0.763,-3.784,-3.619,-3.156
296.839,-14.307,-1.011,0.601,-3.788,-3.551,-3.333
296.849,-7.017,-0.072,0.489,-3.659,-3.443,-3.416
296.859,-2.349,0.041,0.441,-3.595,-3.369,-3.443
296.870,2.186,-0.721,0.337,-3.508,-3.218,-3.418
296.880,3.507,0.365,0.289,-3.403,-3.141,-3.369
296.890,2.948,0.848,0.340,-3.337,-3.087,-3.304
296.901,3.007,0.094,0.314,-3.292,-3.013,-3.241
296.911,1.334,1.053,0.350,-3.229,-3.013,-3.194
296.922,2.492,-0.348,0.339,-3.190,-2.933,-3.150
296.932,4.480,-0.698,0.247,-3.083,-2.817,-3.091
296.942,7.095,0.089,0.202,-2.889,-2.666,-3.011
296.953,9.148,0.418,0.193,-2.714,-2.518,-2.907
296.963,12.340,-0.130,0.157,-2.526,-2.298,-2.773
296.974,17.456,-1.143,0.062,-2.263,-1.983,-2.598
296.984,23.034,-0.618,-0.016,-1.862,-1.610,-2.368
296.995,22.914,0.306,-0.019,-1.560,-1.363,-2.109
297.005,23.319,0.103,-0.021,-1.313,-1.123,-1.861
297.015,27.006,-0.101,-0.038,-0.935,-0.740,-1.580
297.026,29.958,-0.926,-0.097,-0.577,-0.345,-1.269
297.036,33.789,-0.851,-0.209,-0.143,0.089,-0.934
297.047,36.328,0.900,-0.153,0.361,0.514,-0.560
297.057,38.566,-0.213,-0.116,0.778,0.969,-0.163
297.067,39.942,-0.867,-0.170,1.194,1.407,0.240
297.078,39.124,-0.666,-0.221,1.578,1.767,0.640
297.088,36.430,-0.304,-0.252,1.908,2.078,1.029
297.099,34.687,0.416,-0.235,2.233,2.373,1.388
297.109,32.021,-1.513,-0.304,2.417,2.652,1.733
297.120,31.428,-3.475,-0.553,2.655,2.950,2.037
297.130,27.791,-2.321,-0.768,2.856,3.126,2.314
297.141,23.018,-0.485,-0.811,3.042,3.238,2.556
297.151,18.177,0.290,-0.734,3.130,3.307,2.755
297.161,13.783,-0.246,-0.666,3.092,3.328,2.897
297.172,10.325,-0.274,-0.626,3.092,3.334,3.000
297.182,2.897,-0.104,-0.576,2.966,3.196,3.044
297.192,-3.076,0.221,-0.517,2.820,3.023,3.023
297.203,-7.883,-0.942,-0.505,2.605,2.837,2.948
297.213,-12.019,-2.104,-0.610,2.339,2.610,2.815
297.224,-16.281,-0.865,-0.657,2.098,2.325,2.638
297.234,-22.076,0.906,-0.528,1.772,1.944,2.414
297.245,-29.203,1.449,-0.326,1.319,1.475,2.132
297.255,-36.122,3.084,-0.036,0.811,0.923,1.781
297.265,-43.387,3.245,0.307,0.185,0.309,1.364
297.276,-48.589,0.999,0.466,-0.545,-0.315,0.879
297.286,-51.097,0.215,0.464,-1.166,-0.899,0.354
297.297,-53.490,0.160,0.433,-1.784,-1.512,-0.194
297.307,-53.284,-1.591,0.306,-2.404,-2.039,-0.747
297.318,-52.651,-2.093,0.087,-2.953,-2.563,-1.303
297.328,-52.672,-0.502,-0.035,-3.430,-3.104,-1.851
297.339,-50.739,-0.054,-0.036,-3.883,-3.575,-2.383
297.349,-43.153,-0.826,-0.093,-4.203,-3.846,-2.857
297.360,-39.005,1.019,-0.035,-4.420,-4.129,-3.257
297.370,-33.899,2.698,0.199,-4.565,-4.319,-3.594
297.380,-29.473,2.954,0.487,-4.722,-4.485,-3.880
297.391,-25.803,3.243,0.763,-4.856,-4.623,-4.116
297.401,-22.523,3.047,1.006,-5.006,-4.758,-4.324
297.412,-18.636,2.059,1.155,-5.130,-4.837,-4.496
297.422,-11.538,1.779,1.222,-5.103,-4.796,-4.616
297.433,-5.290,2.095,1.280,-4.994,-4.697,-4.659
297.443,-0.906,2.295,1.342,-4.890,-4.584,-4.643
297.454,4.669,1.923,1.340,-4.754,-4.422,-4.592
297.465,13.334,1.417,1.273,-4.401,-4.033,-4.445
297.477,21.808,1.386,1.203,-3.948,-3.555,-4.201
297.488,31.520,1.457,1.208,-3.317,-2.923,-3.852
297.499,39.614,1.396,1.246,-2.642,-2.242,-3.405
297.510,46.234,1.202,1.286,-1.955,-1.527,-2.880
297.522,51.618,0.757,1.280,-1.263,-0.791,-2.288
297.534,55.536,0.784,1.239,-0.481,-0.011,-1.624
297.545,58.415,0.415,1.113,0.257,0.759,-0.940
297.556,58.226,0.204,0.983,0.858,1.388,-0.288
297.568,59.436,0.004,0.852,1.550,2.099,0.405
297.580,59.376,0.050,0.763,2.223,2.769,1.100
297.592,58.770,0.058,0.703,2.887,3.434,1.792
297.604,57.019,-0.290,0.642,3.458,4.061,2.472
297.616,55.904,-0.422,0.568,4.038,4.664,3.123
297.627,55.137,-1.091,0.437,4.624,5.277,3.760
297.639,51.069,-1.609,0.268,5.074,5.735,4.355
297.651,45.067,-1.466,0.119,5.427,6.054,4.880
297.663,39.006,-1.336,-0.048,5.691,6.304,5.323
297.675,31.519,-0.646,-0.160,5.855,6.440,5.690
297.687,22.861,0.636,-0.174,5.906,6.447,5.965
297.699,14.556,1.416,-0.057,5.829,6.389,6.153
297.711,6.865,1.343,0.094,5.647,6.239,6.240
297.722,-1.123,0.407,0.178,5.351,5.989,6.232
297.734,-8.026,-0.034,0.193,5.012,5.682,6.127
297.746,-13.960,-0.605,0.141,4.650,5.344,5.955
297.757,-21.123,-1.960,-0.042,4.167,4.894,5.697
297.769,-26.332,-2.601,-0.354,3.680,4.405,5.351
297.781,-33.201,-4.546,-0.747,3.008,3.815,4.937
297.792,-42.185,-4.240,-1.142,2.289,3.074,4.438
297.804,-48.819,-2.684,-1.392,1.614,2.315,3.857
297.815,-53.849,-1.385,-1.474,0.911,1.551,3.231
297.827,-56.702,-2.178,-1.547,0.143,0.817,2.567
297.837,-58.503,-2.682,-1.660,-0.567,0.124,1.911
297.848,-61.862,-1.242,-1.676,-1.258,-0.615,1.254
297.860,-62.441,-0.531,-1.620,-2.018,-1.383,0.483
297.872,-62.047,-1.810,-1.631,-2.798,-2.096,-0.267
297.884,-61.550,-2.680,-1.820,-3.524,-2.814,-1.019
297.896,-58.636,-3.340,-1.990,-4.152,-3.441,-1.740
297.907,-52.603,-4.878,-2.326,-4.700,-3.945,-2.413
297.919,-43.012,-4.196,-2.648,-5.023,-4.281,-2.990
297.929,-35.097,-4.590,-2.834,-5.237,-4.466,-3.385
297.940,-28.440,-3.543,-2.948,-5.358,-4.619,-3.713
297.950,-23.691,-1.760,-2.893,-5.399,-4.739,-3.962
297.960,-18.635,-3.300,-2.858,-5.496,-4.776,-4.157
297.971,-13.836,-2.780,-2.866,-5.492,-4.821,-4.316
297.981,-6.462,-1.399,-2.736,-5.293,-4.729,-4.400
297.991,3.240,-1.542,-2.606,-5.013,-4.473,-4.391
298.001,8.806,-1.518,-2.485,-4.783,-4.252,-4.305
298.011,13.867,-1.541,-2.369,-4.499,-3.969,-4.163
298.022,21.628,-1.028,-2.244,-4.060,-3.564,-3.957
298.032,28.177,-1.573,-2.121,-3.629,-3.130,-3.683
298.042,32.634,-1.357,-2.038,-3.171,-2.705,-3.355
298.052,37.784,-0.266,-1.887,-2.633,-2.213,-2.975
298.063,45.546,-1.978,-1.803,-2.069,-1.561,-2.529
298.073,52.388,-2.040,-1.812,-1.366,-0.870,-2.015
298.083,54.419,-1.271,-1.763,-0.710,-0.257,-1.460
298.093,54.238,-0.531,-1.641,-0.167,0.286,-0.900
298.104,54.921,-0.719,-1.533,0.366,0.840,-0.346
298.114,54.260,-1.350,-1.488,0.882,1.383,0.206
298.124,54.540,-0.780,-1.424,1.426,1.918,0.744
298.134,56.148,-1.193,-1.354,1.992,2.506,1.293
298.144,55.954,-1.664,-1.342,2.531,3.059,1.848
298.155,55.296,-1.367,-1.330,3.056,3.565,2.393
298.165,52.385,0.937,-1.129,3.579,4.014,2.928
298.175,45.429,0.830,-0.937,3.845,4.300,3.408
298.186,40.139,-0.111,-0.833,4.037,4.554,3.812
298.196,36.795,-2.249,-0.920,4.217,4.844,4.170
298.206,30.177,-1.246,-0.977,4.358,4.976,4.469
298.216,24.530,-0.357,-0.936,4.439,5.034,4.694
298.226,18.397,0.175,-0.812,4.523,5.092,4.883
298.236,11.189,-0.501,-0.749,4.412,5.009,4.983
298.247,7.765,-1.029,-0.759,4.355,4.976,5.032
298.257,1.431,-0.445,-0.736,4.209,4.808,5.030
298.267,-5.892,0.824,-0.613,3.992,4.540,4.962
298.277,-13.628,-0.079,-0.504,3.618,4.220,4.828
298.288,-22.407,-0.789,-0.495,3.136,3.781,4.602
298.298,-28.833,-0.603,-0.529,2.666,3.291,4.291
298.308,-36.452,0.213,-0.479,2.145,2.722,3.919
298.318,-40.948,1.490,-0.318,1.695,2.194,3.500
298.328,-44.888,0.008,-0.204,1.075,1.635,3.034
298.339,-46.134,-0.932,-0.226,0.576,1.148,2.551
298.349,-49.039,-0.884,-0.309,0.011,0.570,2.034
298.359,-50.791,0.158,-0.286,-0.517,-0.008,1.504
298.369,-53.129,2.222,-0.084,-0.989,-0.580,0.969
298.379,-53.161,1.563,0.138,-1.584,-1.132,0.424
298.390,-53.183,0.463,0.218,-2.141,-1.640,-0.109
298.400,-53.627,-0.731,0.148,-2.773,-2.201,-0.666
298.410,-50.782,-0.022,0.127,-3.193,-2.653,-1.192
298.420,-49.076,1.801,0.253,-3.567,-3.112,-1.690
298.430,-48.149,1.582,0.381,-4.044,-3.568,-2.168
298.440,-45.611,-0.102,0.394,-4.507,-3.942,-2.624
298.451,-41.376,-0.412,0.334,-4.818,-4.233,-3.043
298.461,-39.129,0.050,0.302,-5.093,-4.529,-3.419
298.471,-34.142,0.547,0.297,-5.301,-4.765,-3.769
298.481,-28.323,0.542,0.314,-5.421,-4.887,-4.053
298.491,-22.498,0.294,0.311,-5.506,-4.960,-4.277
298.503,-17.778,0.105,0.244,-5.559,-5.014,-4.464
298.513,-12.625,0.076,0.206,-5.552,-5.006,-4.588
298.524,-3.977,-0.718,0.128,-5.405,-4.834,-4.644
298.534,4.464,-1.676,-0.004,-5.159,-4.567,-4.609
298.545,10.635,-1.695,-0.142,-4.861,-4.299,-4.502
298.555,16.237,-0.627,-0.208,-4.514,-4.035,-4.349
298.565,22.017,0.681,-0.204,-4.111,-3.699,-4.132
298.576,29.687,0.428,-0.170,-3.616,-3.204,-3.828
298.586,37.981,0.653,-0.111,-2.991,-2.578,-3.429
298.597,42.089,0.064,-0.089,-2.433,-2.003,-2.975
298.607,48.824,-0.991,-0.156,-1.841,-1.340,-2.484
298.618,52.519,0.315,-0.180,-1.132,-0.675,-1.928
298.628,53.410,1.606,-0.020,-0.487,-0.102,-1.358
298.638,56.566,-0.728,-0.007,0.076,0.550,-0.779
298.649,60.610,-2.198,-0.181,0.724,1.256,-0.174
298.659,62.835,-1.220,-0.335,1.458,1.961,0.464
298.670,61.710,-0.506,-0.397,2.094,2.555,1.100
298.680,62.050,-2.016,-0.516,2.664,3.191,1.726
298.691,61.340,-2.852,-0.719,3.234,3.794,2.339
298.701,60.348,-1.914,-0.857,3.859,4.386,2.952
298.712,53.994,0.881,-0.782,4.331,4.779,3.520
298.722,49.830,2.278,-0.526,4.807,5.193,4.045
298.733,40.883,1.650,-0.223,5.009,5.420,4.504
298.743,35.995,-1.431,-0.226,5.139,5.658,4.865
298.754,29.915,-2.027,-0.362,5.280,5.822,5.165
298.764,22.487,0.054,-0.384,5.377,5.834,5.384
298.775,15.344,2.395,-0.187,5.392,5.774,5.537
298.785,5.947,2.789,0.074,5.222,5.592,5.613
298.796,-1.185,2.279,0.312,5.001,5.401,5.604
298.806,-9.005,0.177,0.359,4.626,5.102,5.506
298.817,-16.158,-1.307,0.242,4.192,4.734,5.320
298.827,-21.257,-1.038,0.120,3.808,4.327,5.064
298.837,-28.025,0.380,0.125,3.394,3.853,4.766
298.848,-34.167,2.016,0.280,2.902,3.300,4.399
298.858,-38.272,3.325,0.545,2.422,2.768,3.997
298.869,-42.487,3.602,0.817,1.910,2.245,3.566
298.879,-46.166,1.563,0.923,1.297,1.697,3.091
298.890,-48.065,-1.868,0.723,0.612,1.146,2.570
298.900,-47.340,-3.910,0.311,0.029,0.643,2.031
298.911,-50.015,-3.312,-0.072,-0.535,0.038,1.485
298.921,-53.939,-2.070,-0.305,-1.119,-0.618,0.918
298.932,-53.292,-1.723,-0.453,-1.665,-1.199,0.329
298.942,-52.826,-1.446,-0.552,-2.196,-1.735,-0.236
298.953,-54.236,-0.778,-0.587,-2.777,-2.327,-0.802
298.963,-52.995,-0.135,-0.567,-3.284,-2.856,-1.364
298.973,-51.645,0.687,-0.468,-3.749,-3.346,-1.897
298.984,-50.441,1.040,-0.328,-4.220,-3.824,-2.409
298.994,-48.191,1.608,-0.153,-4.622,-4.247,-2.900
299.005,-43.322,2.267,0.066,-4.902,-4.566,-3.345
299.015,-39.861,1.993,0.256,-5.184,-4.853,-3.742
299.026,-33.406,1.216,0.371,-5.411,-5.036,-4.091
299.036,-28.111,-0.823,0.338,-5.605,-5.161,-4.377
299.047,-20.622,-1.671,0.178,-5.665,-5.189,-4.606
299.057,-12.670,-1.527,0.018,-5.608,-5.123,-4.752
299.068,-5.251,-1.128,-0.095,-5.446,-4.964,-4.807
299.078,-0.533,-0.925,-0.166,-5.309,-4.841,-4.809
299.089,5.974,-0.371,-0.198,-5.061,-4.621,-4.753
299.101,15.770,0.276,-0.061,-4.615,-4.244,-4.580
299.113,23.631,-0.454,0.037,-4.147,-3.784,-4.301
299.125,26.549,-1.160,-0.011,-3.735,-3.402,-3.976
299.136,34.044,-1.242,-0.142,-3.139,-2.841,-3.589
299.148,39.366,-0.737,-0.274,-2.531,-2.246,-3.126
299.160,48.556,-0.350,-0.371,-1.765,-1.481,-2.580
299.172,50.820,-1.081,-0.506,-1.148,-0.814,-1.972
299.182,50.101,-2.072,-0.641,-0.671,-0.307,-1.456
299.192,52.713,-1.258,-0.787,-0.065,0.230,-0.953
299.204,54.838,-0.805,-0.790,0.628,0.891,-0.316
299.216,55.075,-0.362,-0.770,1.302,1.543,0.334
299.228,55.564,-1.054,-0.836,1.968,2.198,0.975
299.240,53.006,-1.610,-1.024,2.513,2.758,1.597
299.252,49.879,-1.139,-1.134,3.010,3.249,2.172
299.263,46.755,-0.539,-1.108,3.473,3.689,2.703
299.276,45.558,-0.288,-0.971,4.007,4.213,3.242
299.287,35.873,-0.822,-0.854,4.180,4.441,3.693
299.299,28.341,-1.282,-0.817,4.262,4.554,4.012
299.310,26.711,-0.053,-0.782,4.515,4.756,4.264
299.320,20.170,1.566,-0.602,4.604,4.791,4.478
299.331,15.290,1.634,-0.365,4.590,4.802,4.639
299.342,8.626,0.581,-0.220,4.433,4.707,4.733
299.354,3.347,0.161,-0.160,4.293,4.584,4.757
299.365,-4.521,0.705,-0.077,4.068,4.340,4.715
299.376,-11.726,1.425,0.056,3.774,4.029,4.595
299.387,-16.414,1.184,0.179,3.428,3.710,4.406
299.398,-21.642,-0.276,0.191,2.978,3.330,4.154
299.409,-26.030,-1.516,0.097,2.503,2.921,3.850
299.420,-30.034,-1.404,-0.013,2.020,2.467,3.492
299.432,-34.235,-0.619,-0.096,1.558,1.984,3.105
299.443,-37.468,0.105,-0.101,1.091,1.475,2.672
299.454,-40.418,-0.449,-0.127,0.543,0.955,2.216
299.465,-41.051,-2.086,-0.264,0.027,0.504,1.744
299.476,-38.728,-3.120,-0.491,-0.396,0.129,1.276
299.487,-35.665,-3.971,-0.840,-0.785,-0.211,0.832
299.499,-32.888,-3.749,-1.131,-1.106,-0.519,0.424
299.510,-29.856,-3.639,-1.367,-1.405,-0.779,0.056
299.521,-25.125,-3.351,-1.550,-1.611,-0.946,-0.265
299.533,-17.798,-2.956,-1.687,-1.636,-0.972,-0.523
299.545,-11.871,-2.250,-1.775,-1.620,-0.998,-0.715
299.556,-7.052,-1.501,-1.796,-1.546,-0.979,-0.835
299.568,1.818,-0.861,-1.748,-1.243,-0.736,-0.862
299.580,10.408,-0.476,-1.650,-0.850,-0.401,-0.788
299.592,15.535,-0.216,-1.514,-0.503,-0.082,-0.624
299.604,22.100,-0.083,-1.343,-0.095,0.318,-0.401
299.615,29.394,0.171,-1.136,0.443,0.835,-0.092
299.627,35.629,0.653,-0.900,1.055,1.397,0.297
299.639,40.079,0.811,-0.638,1.697,1.981,0.758
299.651,43.154,1.147,-0.388,2.307,2.531,1.242
299.663,46.532,1.225,-0.184,2.938,3.135,1.763
299.675,49.145,1.462,-0.006,3.584,3.765,2.325
299.686,51.444,1.962,0.192,4.227,4.389,2.904
299.698,51.822,2.477,0.421,4.853,4.994,3.504
299.710,53.016,3.178,0.700,5.503,5.617,4.106
299.722,52.275,3.900,1.037,6.092,6.181,4.712
299.733,50.136,3.763,1.393,6.596,6.704,5.304
299.745,46.888,4.743,1.762,7.073,7.152,5.857
299.757,43.414,4.921,2.120,7.482,7.551,6.371
299.769,37.732,5.778,2.524,7.802,7.832,6.838
299.781,31.326,6.741,2.996,8.014,8.025,7.232
299.793,24.639,6.848,3.418,8.086,8.105,7.540
299.805,17.584,7.904,3.901,8.108,8.093,7.769
299.816,8.905,7.688,4.392,7.945,7.962,7.910
299.828,-0.832,7.452,4.775,7.688,7.736,7.954
299.839,-9.252,6.122,5.010,7.309,7.429,7.879
299.850,-14.386,4.944,5.075,6.932,7.154,7.733
299.862,-24.562,4.849,5.131,6.344,6.665,7.474
299.874,-34.724,5.350,5.194,5.726,6.032,7.085
299.884,-42.272,4.514,5.166,5.046,5.404,6.655
299.895,-49.307,3.140,5.005,4.261,4.727,6.151
299.905,-57.378,3.589,4.843,3.446,3.903,5.556
299.916,-62.917,3.491,4.707,2.628,3.097,4.898
299.926,-68.982,3.229,4.547,1.790,2.284,4.205
299.937,-71.160,3.691,4.417,1.018,1.499,3.465
299.947,-73.484,3.016,4.273,0.168,0.675,2.696
299.957,-74.072,1.027,3.984,-0.668,-0.074,1.928
299.968,-74.889,1.344,3.682,-1.457,-0.888,1.136
299.978,-78.071,3.125,3.552,-2.248,-1.736,0.350
299.989,-74.927,2.580,3.459,-3.015,-2.445,-0.439
299.999,-70.828,1.540,3.300,-3.734,-3.083,-1.189
300.010,-68.117,2.238,3.164,-4.358,-3.703,-1.894
300.020,-62.465,3.459,3.131,-4.808,-4.195,-2.545
300.031,-58.068,3.013,3.091,-5.318,-4.663,-3.135
300.041,-53.663,1.633,2.954,-5.830,-5.087,-3.684
300.053,-48.340,1.116,2.728,-6.191,-5.442,-4.216
300.064,-38.009,0.516,2.475,-6.371,-5.609,-4.670
300.075,-27.905,0.064,2.219,-6.398,-5.615,-4.993
300.087,-17.160,0.067,2.005,-6.352,-5.510,-5.208
300.098,-7.061,0.289,1.865,-6.180,-5.304,-5.296
300.110,3.660,0.428,1.778,-5.873,-4.979,-5.271
300.121,14.174,0.923,1.740,-5.428,-4.537,-5.120
300.133,25.349,1.791,1.772,-4.819,-3.933,-4.838
300.144,36.044,1.647,1.818,-4.130,-3.229,-4.434
300.155,42.947,2.356,1.884,-3.445,-2.575,-3.944
300.166,51.402,3.630,2.022,-2.651,-1.808,-3.376
300.178,58.207,4.595,2.255,-1.810,-0.980,-2.708
300.189,65.830,4.573,2.453,-0.882,-0.039,-1.964
300.200,73.359,3.274,2.529,0.109,1.002,-1.140
300.211,83.193,1.965,2.497,1.187,2.129,-0.272
300.222,92.735,0.328,2.315,2.350,3.367,0.719
300.233,101.210,-0.412,2.011,3.616,4.678,1.803
300.244,109.549,-1.378,1.660,4.972,6.076,2.969
300.256,118.992,-2.112,1.275,6.480,7.578,4.225
300.267,126.317,-2.404,0.859,8.035,9.115,5.558
300.278,132.511,-2.111,0.502,9.606,10.659,6.947
300.289,136.625,-2.119,0.204,11.133,12.193,8.389
300.300,141.872,-2.817,-0.097,12.690,13.783,9.866
300.312,147.234,-3.706,-0.462,14.296,15.430,11.393
300.323,150.551,-4.012,-0.821,15.923,17.057,12.949
300.334,153.993,-3.252,-1.092,17.584,18.695,14.527
300.346,155.722,-2.151,-1.236,19.274,20.333,16.132
300.357,155.949,-1.407,-1.277,20.903,21.917,17.737
300.368,153.608,-0.765,-1.248,22.505,23.464,19.352
300.379,150.011,-0.011,-1.156,23.936,24.835,20.873
300.390,142.691,1.146,-0.959,25.225,26.068,22.342
300.402,133.595,1.743,-0.733,26.348,27.187,23.738
300.413,123.237,1.290,-0.534,27.235,28.130,25.003
300.424,114.132,0.767,-0.410,27.988,28.986,26.137
300.436,104.097,-0.200,-0.352,28.607,29.673,27.135
300.447,89.493,-0.247,-0.312,29.059,30.133,28.002
300.458,77.981,0.746,-0.199,29.416,30.456,28.704
300.469,61.425,1.586,0.005,29.487,30.509,29.245
300.481,48.681,1.883,0.240,29.555,30.561,29.648
300.492,35.066,2.106,0.472,29.425,30.416,29.888
300.503,20.240,2.821,0.724,29.070,30.052,29.958
300.514,8.038,3.888,1.035,28.691,29.634,29.888
300.526,-6.318,3.990,1.331,28.109,29.021,29.671
300.537,-15.699,2.373,1.498,27.474,28.446,29.331
300.548,-24.001,0.947,1.492,26.781,27.789,28.881
300.559,-33.076,-0.061,1.367,25.947,27.008,28.330
300.570,-42.309,0.513,1.257,25.067,26.115,27.683
300.582,-50.962,1.222,1.210,24.132,25.133,26.938
300.593,-57.842,0.640,1.149,23.123,24.150,26.119
300.604,-64.686,-0.386,0.984,22.007,23.069,25.204
300.616,-71.986,-1.655,0.741,20.811,21.914,24.223
300.627,-78.200,-1.783,0.492,19.622,20.725,23.172
300.638,-87.552,-1.360,0.273,18.247,19.331,22.029
300.649,-97.672,-0.728,0.140,16.783,17.832,20.793
300.660,-103.115,-0.604,0.070,15.426,16.433,19.533
300.671,-112.262,0.979,0.102,14.049,14.905,18.226
300.681,-120.180,2.788,0.342,12.645,13.386,16.900
300.693,-132.239,2.107,0.582,10.713,11.475,15.232
300.705,-141.076,2.697,0.781,8.773,9.519,13.453
300.715,-149.310,1.497,0.923,6.845,7.681,11.801
300.726,-154.360,0.331,0.979,4.855,5.776,9.996
300.738,-158.095,-0.513,0.914,2.865,3.848,8.140
300.749,-160.713,0.584,0.901,0.982,1.930,6.270
300.760,-161.190,2.585,1.030,-0.787,0.080,4.413
300.771,-158.316,3.888,1.264,-2.497,-1.665,2.581
300.783,-154.474,3.857,1.538,-4.101,-3.262,0.829
300.794,-146.969,3.712,1.726,-5.562,-4.727,-0.873
300.805,-139.946,3.518,1.893,-6.931,-6.095,-2.469
300.816,-132.961,3.908,2.079,-8.185,-7.358,-3.955
300.828,-123.551,4.556,2.318,-9.331,-8.515,-5.393
300.840,-114.182,5.307,2.593,-10.411,-9.596,-6.771
300.852,-108.476,5.588,2.852,-11.467,-10.658,-8.029
300.864,-102.332,6.741,3.243,-12.379,-11.616,-9.190
300.876,-97.396,7.572,3.770,-13.277,-12.523,-10.271
300.888,-95.103,7.328,4.269,-14.252,-13.474,-11.303
300.899,-93.331,6.667,4.618,-15.204,-14.389,-12.297
300.911,-94.669,6.455,4.836,-16.225,-15.398,-13.292
300.923,-97.603,6.126,5.017,-17.321,-16.476,-14.305
300.935,-100.957,5.229,5.074,-18.479,-17.586,-15.346
300.947,-105.279,4.317,4.995,-19.711,-18.779,-16.439
300.959,-108.891,3.774,4.804,-20.898,-19.976,-17.562
300.970,-113.184,3.715,4.597,-22.068,-21.182,-18.672
300.981,-114.856,3.728,4.438,-23.219,-22.362,-19.826
300.993,-115.140,4.207,4.383,-24.381,-23.547,-21.015
301.005,-114.591,4.949,4.447,-25.440,-24.660,-22.170
301.017,-109.935,5.211,4.564,-26.412,-25.660,-23.315
301.028,-105.695,5.817,4.674,-27.323,-26.597,-24.390
301.040,-98.954,5.882,4.773,-28.117,-27.381,-25.373
301.052,-90.276,5.537,4.861,-28.762,-28.000,-26.253
301.064,-80.498,5.333,4.953,-29.239,-28.462,-27.024
301.075,-71.098,5.494,5.047,-29.566,-28.797,-27.634
301.086,-58.778,5.732,5.168,-29.710,-28.915,-28.109
301.097,-49.947,6.005,5.303,-29.806,-28.999,-28.457
301.108,-41.946,5.538,5.390,-29.879,-29.030,-28.712
301.120,-32.288,4.973,5.403,-29.804,-28.927,-28.872
301.131,-24.214,4.647,5.347,-29.656,-28.770,-28.936
301.141,-15.615,4.885,5.278,-29.389,-28.504,-28.890
301.152,-8.141,4.136,5.158,-29.123,-28.196,-28.764
301.163,2.076,3.510,4.967,-28.681,-27.710,-28.554
301.175,11.692,3.755,4.764,-28.115,-27.125,-28.235
301.187,21.805,4.783,4.728,-27.345,-26.414,-27.794
301.199,33.399,4.852,4.787,-26.417,-25.505,-27.212
301.210,44.697,5.490,4.882,-25.415,-24.527,-26.527
301.221,56.513,5.532,4.975,-24.346,-23.467,-25.756
301.231,69.813,5.027,5.013,-23.127,-22.231,-24.852
301.242,82.661,4.959,5.020,-21.777,-20.880,-23.819
301.252,91.816,4.382,4.992,-20.450,-19.514,-22.678
301.263,100.886,3.387,4.873,-19.072,-18.077,-21.463
301.273,109.943,2.994,4.719,-17.555,-16.550,-20.159
301.284,116.588,3.732,4.608,-15.972,-15.014,-18.774
301.294,119.109,4.799,4.574,-14.522,-13.602,-17.378
301.305,119.796,5.709,4.611,-13.055,-12.170,-15.948
301.315,123.280,4.585,4.606,-11.634,-10.698,-14.525
301.326,123.271,2.624,4.456,-10.272,-9.262,-13.084
301.336,125.452,1.214,4.138,-8.886,-7.813,-11.669
301.347,123.119,1.050,3.800,-7.559,-6.492,-10.265
301.357,123.422,2.643,3.610,-6.140,-5.147,-8.882
301.368,119.346,4.479,3.612,-4.841,-3.920,-7.517
301.378,117.462,4.891,3.693,-3.617,-2.683,-6.189
301.389,113.500,3.857,3.714,-2.529,-1.521,-4.888
301.399,110.096,2.637,3.637,-1.474,-0.406,-3.656
301.410,106.860,0.947,3.438,-0.487,0.661,-2.478
301.421,100.679,0.969,3.198,0.432,1.616,-1.357
301.431,96.579,1.306,3.026,1.326,2.537,-0.295
301.442,90.434,2.659,2.929,2.169,3.354,0.694
301.452,82.119,3.782,2.991,2.933,4.048,1.625
301.463,72.586,4.279,3.103,3.530,4.598,2.445
301.473,64.460,3.751,3.180,4.014,5.110,3.176
301.483,57.176,2.623,3.148,4.405,5.553,3.810
301.494,44.868,2.334,3.060,4.580,5.747,4.332
301.504,34.204,2.377,2.983,4.717,5.876,4.739
301.515,23.870,1.832,2.887,4.698,5.882,5.022
301.525,14.436,1.951,2.788,4.642,5.816,5.206
301.536,1.310,3.016,2.761,4.426,5.541,5.272
301.546,-11.545,3.564,2.799,4.084,5.139,5.205
301.557,-20.541,2.873,2.809,3.645,4.729,5.023
301.567,-27.083,2.427,2.779,3.205,4.319,4.767
301.578,-34.949,3.077,2.779,2.706,3.784,4.433
301.588,-42.404,3.762,2.833,2.134,3.161,4.016
301.599,-46.569,3.183,2.866,1.554,2.589,3.546
301.609,-49.719,1.839,2.807,0.959,2.023,3.040
301.620,-52.410,1.280,2.689,0.344,1.446,2.505
301.630,-53.132,1.889,2.622,-0.223,0.862,1.940
301.641,-55.136,3.599,2.679,-0.746,0.269,1.394
301.651,-55.590,4.480,2.834,-1.293,-0.297,0.836
301.662,-54.415,3.222,2.904,-1.866,-0.800,0.292
301.672,-55.240,1.492,2.799,-2.474,-1.335,-0.252
301.683,-52.682,1.446,2.654,-2.949,-1.833,-0.803
301.693,-51.472,2.332,2.580,-3.348,-2.296,-1.307
301.704,-49.706,2.196,2.525,-3.758,-2.713,-1.790
301.714,-44.957,1.047,2.380,-4.099,-3.007,-2.237
301.725,-40.987,-0.237,2.139,-4.420,-3.295,-2.650
301.735,-32.093,-0.635,1.837,-4.554,-3.409,-2.997
301.746,-25.550,0.125,1.595,-4.706,-3.566,-3.282
301.757,-17.874,1.574,1.550,-4.738,-3.606,-3.477
301.769,-10.882,1.397,1.624,-4.821,-3.615,-3.610
301.781,-1.328,1.172,1.700,-4.669,-3.410,-3.618
301.793,4.067,1.899,1.787,-4.430,-3.185,-3.528
301.805,10.494,2.260,1.872,-4.111,-2.880,-3.374
301.817,19.891,2.333,1.903,-3.648,-2.418,-3.128
301.829,27.086,2.431,1.989,-3.124,-1.917,-2.785
301.840,34.443,2.548,2.063,-2.473,-1.288,-2.341
301.852,37.599,2.666,2.106,-1.947,-0.757,-1.890
301.863,40.526,2.447,2.113,-1.411,-0.196,-1.403
301.874,43.577,2.629,2.097,-0.805,0.397,-0.890
301.885,47.005,2.350,2.066,-0.171,1.030,-0.348
301.897,48.986,1.831,1.993,0.437,1.643,0.217
301.908,51.455,1.647,1.927,1.069,2.273,0.792
301.919,54.842,1.408,1.841,1.748,2.951,1.396
301.930,57.512,1.773,1.785,2.444,3.622,2.023
301.941,59.625,2.449,1.807,3.166,4.311,2.683
301.953,62.629,3.567,1.928,3.916,5.026,3.363
301.964,67.288,4.654,2.142,4.770,5.862,4.101
301.975,70.369,5.928,2.521,5.666,6.716,4.888
301.986,77.044,6.797,2.964,6.743,7.772,5.754
301.998,80.644,7.445,3.511,7.763,8.777,6.673
302.009,84.519,7.513,3.974,8.852,9.866,7.649
302.021,89.339,7.391,4.349,9.986,11.015,8.669
302.032,94.181,7.482,4.656,11.137,12.189,9.717
302.044,97.580,7.247,4.901,12.242,13.336,10.793
302.055,102.737,7.150,5.121,13.444,14.582,11.910
302.067,105.297,6.580,5.286,14.614,15.809,13.090
302.078,109.045,6.106,5.374,15.839,17.072,14.290
302.090,112.700,5.810,5.390,17.102,18.365,15.518
302.102,116.823,5.910,5.398,18.421,19.713,16.785
302.113,119.942,5.274,5.442,19.756,21.084,18.094
302.125,118.907,5.324,5.464,21.037,22.353,19.399
302.137,118.582,5.048,5.454,22.258,23.580,20.669
302.148,116.204,4.896,5.401,23.406,24.733,21.916
302.160,112.201,4.955,5.364,24.471,25.794,23.121
302.172,109.322,5.056,5.376,25.523,26.864,24.281
302.183,103.391,4.721,5.400,26.362,27.773,25.374
302.195,94.886,3.853,5.358,27.046,28.523,26.376
302.207,85.436,2.627,5.170,27.591,29.113,27.253
302.218,74.769,1.229,4.828,27.960,29.535,27.992
302.230,64.506,-0.000,4.365,28.239,29.838,28.601
302.242,52.944,-1.125,3.799,28.319,29.952,29.054
302.253,41.503,-2.180,3.168,28.262,29.928,29.360
302.265,26.059,-3.092,2.484,27.932,29.620,29.500
302.277,12.426,-3.704,1.771,27.470,29.181,29.460
302.289,-4.764,-2.796,1.111,26.760,28.446,29.239
302.301,-20.897,-2.388,0.615,25.854,27.555,28.825
302.313,-37.146,-1.484,0.318,24.829,26.500,28.238
302.324,-52.934,-0.945,0.164,23.627,25.256,27.463
302.336,-68.021,-1.040,0.051,22.255,23.890,26.518
302.347,-84.637,-1.318,-0.061,20.801,22.461,25.481
302.358,-98.985,-1.051,-0.153,19.210,20.899,24.290
302.368,-111.618,1.368,-0.055,17.678,19.275,22.990
302.378,-128.988,2.782,0.230,15.948,17.483,21.615
302.388,-138.625,1.486,0.401,14.169,15.752,20.090
302.400,-145.922,1.010,0.503,12.221,13.813,18.343
302.411,-152.803,1.206,0.593,10.243,11.811,16.521
302.423,-157.590,1.749,0.710,8.230,9.765,14.594
302.434,-162.170,2.388,0.906,6.171,7.682,12.628
302.446,-166.037,2.920,1.180,4.099,5.605,10.633
302.458,-167.684,2.815,1.454,2.027,3.541,8.587
302.470,-170.645,3.191,1.698,-0.064,1.421,6.506
302.482,-172.800,2.679,1.793,-2.166,-0.661,4.442
302.494,-175.355,3.148,1.866,-4.253,-2.781,2.360
302.505,-177.131,3.570,2.017,-6.302,-4.851,0.309
302.517,-178.339,4.321,2.242,-8.341,-6.926,-1.772
302.529,-179.316,4.731,2.502,-10.404,-9.006,-3.846
302.541,-177.179,5.612,2.847,-12.330,-10.955,-5.887
302.553,-174.299,6.445,3.286,-14.195,-12.834,-7.882
302.565,-170.534,6.502,3.768,-15.993,-14.622,-9.819
302.576,-165.771,6.214,4.099,-17.702,-16.338,-11.692
302.589,-157.860,6.060,4.342,-19.264,-17.896,-13.506
302.600,-150.857,6.279,4.570,-20.691,-19.339,-15.185
302.612,-143.596,6.756,4.861,-21.999,-20.648,-16.754
302.624,-135.349,6.684,5.139,-23.214,-21.846,-18.232
302.636,-129.117,6.348,5.306,-24.399,-23.020,-19.611
302.648,-123.123,6.045,5.409,-25.489,-24.100,-20.898
302.660,-118.327,6.137,5.471,-26.497,-25.124,-22.108
302.672,-112.988,6.066,5.502,-27.475,-26.106,-23.259
302.684,-106.809,6.364,5.574,-28.354,-26.995,-24.338
302.695,-100.978,6.061,5.676,-29.164,-27.801,-25.328
302.707,-94.074,5.893,5.746,-29.828,-28.460,-26.233
302.719,-87.624,5.336,5.702,-30.483,-29.089,-27.060
302.731,-80.972,5.295,5.601,-31.033,-29.622,-27.809
302.743,-76.683,4.942,5.520,-31.576,-30.150,-28.482
302.755,-69.986,4.874,5.502,-31.985,-30.524,-29.077
302.767,-66.092,4.242,5.429,-32.445,-30.942,-29.606
302.778,-60.586,3.527,5.264,-32.760,-31.224,-30.052
302.790,-55.870,3.334,5.067,-33.027,-31.495,-30.469
302.802,-49.998,3.298,4.884,-33.237,-31.703,-30.838
302.813,-43.872,3.312,4.750,-33.343,-31.770,-31.110
302.825,-36.136,2.525,4.611,-33.395,-31.721,-31.312
302.837,-29.757,2.422,4.459,-33.309,-31.616,-31.418
302.849,-23.275,1.371,4.144,-33.190,-31.449,-31.457
302.861,-18.725,1.412,3.736,-33.044,-31.279,-31.437
302.873,-15.735,2.545,3.487,-32.873,-31.141,-31.371
302.885,-11.938,4.158,3.485,-32.619,-30.947,-31.262
302.897,-6.324,3.692,3.655,-32.313,-30.626,-31.082
302.909,-1.112,3.840,3.810,-31.928,-30.230,-30.832
302.921,1.557,3.015,3.840,-31.594,-29.861,-30.541
302.932,7.072,2.112,3.722,-31.165,-29.374,-30.213
302.944,9.980,1.294,3.502,-30.729,-28.879,-29.833
302.956,12.871,0.515,3.224,-30.260,-28.361,-29.429
302.967,13.249,-0.443,2.878,-29.871,-27.938,-29.025
302.979,14.783,-1.374,2.448,-29.428,-27.468,-28.614
302.991,13.451,-2.179,1.903,-29.150,-27.131,-28.226
303.003,13.615,-2.121,1.368,-28.811,-26.754,-27.847
303.015,12.887,-1.480,0.958,-28.431,-26.398,-27.466
303.026,9.773,-0.754,0.701,-28.122,-26.137,-27.106
303.038,11.112,-0.115,0.594,-27.702,-25.752,-26.750
303.050,8.272,0.212,0.549,-27.434,-25.497,-26.407
303.062,4.271,0.305,0.515,-27.248,-25.335,-26.103
303.074,-0.482,0.509,0.487,-27.123,-25.240,-25.856
303.085,-2.924,0.931,0.498,-26.952,-25.098,-25.646
303.097,-6.492,1.530,0.580,-26.842,-25.035,-25.467
303.109,-9.653,1.119,0.716,-26.817,-25.011,-25.328
303.121,-13.451,1.066,0.826,-26.843,-25.039,-25.234
303.133,-17.482,0.468,0.851,-26.935,-25.115,-25.190
303.145,-21.717,0.077,0.792,-27.064,-25.232,-25.192
303.156,-25.978,-0.302,0.682,-27.240,-25.390,-25.245
303.168,-29.447,-0.671,0.559,-27.450,-25.576,-25.344
303.180,-34.194,-1.472,0.358,-27.759,-25.856,-25.497
303.192,-39.573,-1.292,0.096,-28.103,-26.217,-25.714
303.204,-43.327,-1.505,-0.171,-28.493,-26.599,-25.986
303.216,-48.627,-0.833,-0.364,-28.955,-27.073,-26.306
303.228,-53.031,-0.557,-0.432,-29.449,-27.583,-26.679
303.239,-53.620,0.816,-0.349,-29.744,-27.961,-27.048
303.251,-53.841,1.586,-0.169,-30.084,-28.317,-27.402
303.262,-54.666,2.352,0.064,-30.417,-28.677,-27.742
303.274,-53.511,2.770,0.290,-30.720,-28.979,-28.076
303.285,-51.491,3.523,0.555,-30.982,-29.272,-28.421
303.297,-46.749,4.605,0.935,-31.098,-29.422,-28.701
303.308,-41.617,5.672,1.439,-31.113,-29.466,-28.881
303.320,-32.898,6.289,1.950,-30.974,-29.343,-28.981
303.331,-24.440,6.372,2.410,-30.763,-29.123,-28.988
303.342,-14.832,5.963,2.817,-30.404,-28.753,-28.884
303.353,-4.546,5.433,3.112,-29.934,-28.261,-28.673
303.365,8.464,4.566,3.297,-29.279,-27.574,-28.339
303.376,24.133,3.650,3.364,-28.413,-26.666,-27.855
303.387,40.814,3.259,3.374,-27.302,-25.533,-27.187
303.398,57.721,3.890,3.398,-25.979,-24.241,-26.347
303.410,80.946,3.209,3.479,-24.307,-22.546,-25.167
303.422,102.237,1.884,3.384,-22.456,-20.636,-23.738
303.434,122.408,1.570,3.200,-20.380,-18.529,-22.086
303.446,141.975,0.568,2.918,-18.159,-16.258,-20.231
303.458,158.874,-0.244,2.553,-15.769,-13.839,-18.178
303.469,171.395,-0.234,2.259,-13.440,-11.517,-16.168
303.480,179.340,0.386,2.025,-11.071,-9.181,-14.014
303.491,185.307,1.149,1.911,-8.713,-6.850,-11.792
303.502,188.281,1.828,1.854,-6.375,-4.552,-9.540
303.514,191.617,2.727,1.920,-3.952,-2.194,-7.235
303.525,191.488,2.169,1.953,-1.708,0.051,-4.953
303.536,190.986,1.013,1.882,0.439,2.244,-2.718
303.547,190.173,-0.062,1.712,2.526,4.389,-0.521
303.558,188.020,-0.492,1.494,4.580,6.467,1.644
303.570,185.234,-0.657,1.268,6.544,8.430,3.738
303.581,182.662,-1.300,1.013,8.464,10.367,5.795
303.592,178.042,-2.479,0.658,10.243,12.196,7.794
303.603,173.708,-3.994,0.183,11.977,13.984,9.726
303.614,170.092,-5.048,-0.373,13.683,15.738,11.590
303.626,165.256,-5.416,-0.944,15.333,17.396,13.390
303.637,157.973,-5.655,-1.483,16.856,18.917,15.130
303.648,151.941,-5.780,-1.970,18.266,20.321,16.744
303.659,144.702,-5.486,-2.374,19.587,21.607,18.275
303.670,138.447,-4.569,-2.663,20.850,22.812,19.706
303.682,134.657,-2.795,-2.782,22.161,24.053,21.092
303.693,129.444,-2.030,-2.753,23.423,25.249,22.443
303.704,124.667,-2.034,-2.699,24.569,26.379,23.724
303.715,121.470,-2.415,-2.659,25.702,27.519,24.961
303.727,117.304,-2.538,-2.623,26.738,28.531,26.129
303.738,114.424,-2.738,-2.635,27.726,29.523,27.245
303.749,108.998,-3.620,-2.742,28.579,30.423,28.320
303.760,105.302,-4.620,-2.950,29.439,31.314,29.315
303.772,102.266,-5.441,-3.265,30.293,32.180,30.259
303.783,95.886,-5.635,-3.589,31.022,32.893,31.141
303.794,89.743,-6.081,-3.906,31.622,33.505,31.936
303.805,84.377,-6.966,-4.253,32.115,34.048,32.649
303.816,79.243,-7.477,-4.623,32.598,34.546,33.294
303.828,74.053,-7.732,-4.988,33.018,34.973,33.870
303.839,69.349,-7.412,-5.290,33.440,35.357,34.389
303.850,64.815,-7.207,-5.524,33.835,35.721,34.862
303.861,60.079,-7.223,-5.703,34.091,35.976,35.275
303.872,55.294,-7.490,-5.840,34.353,36.207,35.637
303.884,50.858,-7.196,-5.933,34.554,36.344,35.932
303.895,47.062,-6.065,-5.924,34.783,36.492,36.192
303.906,41.255,-5.284,-5.850,34.850,36.501,36.388
303.917,35.871,-4.610,-5.690,34.875,36.492,36.531
303.929,29.232,-4.262,-5.507,34.788,36.385,36.611
303.940,23.803,-4.073,-5.321,34.671,36.263,36.626
303.951,16.677,-3.791,-5.129,34.433,36.005,36.569
303.962,10.630,-3.467,-4.945,34.135,35.676,36.429
303.973,5.286,-3.038,-4.757,33.824,35.333,36.236
303.985,0.965,-2.639,-4.567,33.490,34.983,35.995
303.996,-1.137,-2.686,-4.404,33.144,34.655,35.722
304.007,-4.113,-3.221,-4.283,32.724,34.254,35.410
304.018,-7.788,-3.453,-4.254,32.247,33.785,35.050
304.030,-9.360,-4.071,-4.265,31.837,33.390,34.678
304.041,-15.618,-4.801,-4.329,31.256,32.824,34.261
304.052,-19.771,-5.269,-4.444,30.675,32.239,33.781
304.063,-25.879,-5.645,-4.560,29.975,31.542,33.240
304.075,-32.766,-5.441,-4.641,29.196,30.751,32.624
304.086,-41.439,-5.068,-4.671,28.291,29.829,31.923
304.097,-50.439,-3.980,-4.603,27.345,28.819,31.148
304.108,-60.699,-2.781,-4.426,26.253,27.653,30.269
304.120,-73.499,-1.976,-4.165,24.952,26.294,29.268
304.130,-86.067,-1.495,-3.871,23.596,24.894,28.194
304.142,-97.447,-1.278,-3.523,22.000,23.280,26.825
304.154,-109.820,-1.019,-3.211,20.283,21.542,25.342
304.164,-119.432,-1.065,-2.973,18.691,19.941,23.960
304.175,-129.061,-1.464,-2.781,16.926,18.186,22.434
304.186,-137.581,-1.505,-2.633,15.055,16.306,20.760
304.198,-144.183,-1.253,-2.475,13.154,14.383,18.995
304.209,-149.882,-0.920,-2.290,11.223,12.447,17.198
304.220,-156.091,-0.699,-2.062,9.206,10.434,15.338
304.231,-159.531,-0.356,-1.817,7.268,8.490,13.451
304.243,-163.191,0.039,-1.549,5.313,6.523,11.545
304.254,-167.657,-0.149,-1.311,3.287,4.510,9.609
304.265,-170.353,-0.274,-1.125,1.299,2.527,7.651
304.276,-171.404,-0.308,-0.973,-0.627,0.600,5.696
304.288,-172.161,-0.774,-0.911,-2.554,-1.317,3.748
304.299,-171.220,-0.857,-0.876,-4.422,-3.185,1.807
304.310,-171.398,-0.746,-0.838,-6.312,-5.084,-0.122
304.321,-172.123,-0.452,-0.785,-8.228,-7.017,-2.064
304.332,-168.485,-0.197,-0.724,-9.964,-8.767,-3.945
304.344,-164.206,0.204,-0.631,-11.613,-10.445,-5.767
304.355,-158.407,0.691,-0.511,-13.102,-11.973,-7.501
304.366,-151.849,1.139,-0.374,-14.510,-13.413,-9.156
304.377,-142.313,1.333,-0.237,-15.769,-14.681,-10.715
304.389,-129.394,1.732,-0.084,-16.829,-15.738,-12.143
304.400,-115.978,1.618,0.061,-17.721,-16.607,-13.402
304.411,-99.187,0.919,0.147,-18.357,-17.193,-14.480
304.422,-82.472,0.273,0.158,-18.761,-17.562,-15.365
304.433,-66.598,-0.618,0.101,-19.013,-17.789,-16.058
304.445,-49.664,-1.487,-0.027,-19.028,-17.768,-16.559
304.456,-33.133,-1.952,-0.201,-18.871,-17.587,-16.876
304.467,-18.554,-2.705,-0.466,-18.643,-17.327,-17.031
304.478,-5.692,-2.582,-0.729,-18.277,-16.985,-17.039
304.489,7.050,-2.232,-0.941,-17.749,-16.488,-16.900
304.501,18.849,-1.829,-1.099,-17.124,-15.886,-16.624
304.512,29.197,-1.367,-1.192,-16.442,-15.217,-16.230
304.523,38.962,-1.043,-1.240,-15.705,-14.482,-15.737
304.534,47.856,-0.216,-1.178,-14.851,-13.667,-15.145
304.544,55.410,-0.213,-1.093,-13.954,-12.773,-14.463
304.555,62.153,-0.466,-1.027,-13.045,-11.863,-13.721
304.565,68.314,-0.661,-0.991,-12.088,-10.916,-12.922
304.577,76.690,-0.814,-0.998,-10.912,-9.749,-11.937
304.589,83.749,-0.973,-1.005,-9.666,-8.521,-10.862
304.601,84.015,-0.307,-0.931,-8.509,-7.421,-9.754
304.613,92.472,0.370,-0.731,-7.157,-6.131,-8.614
304.625,98.589,0.506,-0.444,-5.764,-4.802,-7.388
304.637,102.897,-0.688,-0.297,-4.430,-3.451,-6.107
304.649,105.378,-1.678,-0.447,-3.117,-2.089,-4.798
304.661,100.772,-2.173,-0.638,-2.000,-0.984,-3.549
304.672,91.541,-1.960,-0.809,-1.071,-0.076,-2.398
304.684,86.142,-0.836,-0.859,-0.058,0.884,-1.313
304.696,80.531,-0.029,-0.771,0.810,1.708,-0.316
304.707,74.608,-0.866,-0.801,1.428,2.370,0.502
304.717,68.244,-1.204,-0.892,1.997,2.947,1.246
304.728,60.716,-1.104,-0.928,2.495,3.444,1.947
304.739,53.089,-1.063,-0.907,2.918,3.827,2.561
304.750,43.552,-0.487,-0.881,3.234,4.104,3.085
304.762,34.475,-0.500,-0.863,3.452,4.292,3.512
304.773,27.588,-1.427,-0.889,3.512,4.402,3.824
304.784,18.925,-2.439,-1.000,3.445,4.377,4.046
304.795,10.800,-2.917,-1.212,3.274,4.244,4.160
304.806,5.925,-3.017,-1.460,3.154,4.155,4.205
304.817,-0.419,-2.834,-1.655,2.968,3.963,4.189
304.829,-3.254,-2.474,-1.766,2.847,3.809,4.123
304.839,-8.628,-1.847,-1.792,2.654,3.572,4.023
304.850,-10.928,-0.877,-1.733,2.523,3.379,3.887
304.862,-12.688,-0.616,-1.614,2.373,3.212,3.742
304.873,-15.611,-0.667,-1.486,2.112,2.931,3.555
304.884,-14.975,-0.933,-1.371,1.945,2.767,3.366
304.895,-14.305,-1.238,-1.311,1.762,2.614,3.182
304.906,-13.772,-0.677,-1.254,1.637,2.457,3.008
304.917,-12.168,0.197,-1.114,1.556,2.335,2.850
304.929,-6.675,-0.330,-1.022,1.592,2.384,2.736
304.940,-2.614,-1.310,-1.031,1.643,2.468,2.679
304.951,4.604,-1.261,-1.053,1.877,2.678,2.682
304.962,13.939,-1.158,-1.042,2.213,3.020,2.774
304.973,25.158,-0.466,-0.992,2.753,3.534,2.985
304.984,36.580,0.428,-0.871,3.457,4.181,3.325
304.996,49.914,0.164,-0.743,4.305,5.023,3.804
305.007,65.072,0.148,-0.672,5.371,6.094,4.450
305.018,80.676,0.384,-0.606,6.599,7.322,5.253
305.029,95.394,-0.378,-0.591,7.937,8.679,6.217
305.041,110.910,-1.368,-0.659,9.435,10.207,7.332
305.052,125.281,-1.479,-0.761,11.062,11.837,8.596
305.063,137.759,-1.486,-0.858,12.784,13.568,10.002
305.074,149.916,-2.031,-0.992,14.596,15.434,11.537
305.085,159.105,-3.149,-1.223,16.394,17.295,13.168
305.096,166.915,-4.529,-1.568,18.241,19.194,14.872
305.108,174.165,-5.244,-2.029,20.214,21.154,16.652
305.119,177.206,-5.864,-2.497,22.116,23.040,18.484
305.130,176.387,-6.307,-2.953,23.888,24.801,20.289
305.142,174.261,-6.256,-3.379,25.641,26.528,22.090
305.153,171.453,-5.914,-3.729,27.358,28.221,23.895
305.165,168.501,-5.486,-4.007,28.977,29.844,25.633
305.177,161.083,-4.792,-4.182,30.435,31.259,27.296
305.188,153.349,-3.869,-4.226,31.841,32.594,28.867
305.200,144.243,-2.907,-4.121,33.078,33.773,30.342
305.211,131.789,-2.252,-3.907,34.055,34.687,31.674
305.223,118.485,-1.792,-3.671,34.826,35.424,32.841
305.235,101.797,-1.153,-3.425,35.362,35.910,33.835
305.246,84.841,-0.195,-3.083,35.695,36.190,34.643
305.258,70.133,0.919,-2.621,35.905,36.343,35.260
305.270,56.873,0.542,-2.130,35.917,36.375,35.710
305.281,44.522,0.819,-1.720,35.841,36.308,36.015
305.293,31.383,0.573,-1.381,35.587,36.093,36.176
305.304,19.856,0.027,-1.158,35.244,35.771,36.189
305.316,10.320,-0.390,-1.046,34.835,35.376,36.070
305.328,1.249,-0.289,-0.952,34.364,34.892,35.845
305.339,-4.874,-0.314,-0.871,33.893,34.412,35.536
305.350,-10.294,-0.310,-0.793,33.405,33.916,35.169
305.361,-15.347,-0.198,-0.697,32.853,33.356,34.741
305.373,-18.576,-0.125,-0.596,32.329,32.827,34.281
305.384,-22.507,-0.032,-0.495,31.726,32.224,33.778
305.395,-25.990,0.158,-0.385,31.095,31.591,33.236
305.406,-30.512,0.356,-0.280,30.422,30.908,32.656
305.417,-34.446,0.274,-0.167,29.675,30.188,32.035
305.429,-38.339,0.271,-0.067,28.871,29.421,31.370
305.440,-41.164,0.335,0.031,28.067,28.661,30.674
305.451,-42.225,0.353,0.134,27.296,27.945,29.966
305.462,-42.691,-0.235,0.178,26.538,27.233,29.244
305.474,-43.815,-0.834,0.152,25.767,26.506,28.515
305.485,-43.758,-1.363,0.065,25.037,25.801,27.784
305.496,-42.723,-2.688,-0.170,24.325,25.135,27.059
305.508,-40.948,-2.644,-0.473,23.672,24.469,26.327
305.519,-39.833,-2.049,-0.719,23.068,23.819,25.618
305.531,-39.043,-1.205,-0.809,22.471,23.172,24.924
305.543,-38.056,-1.011,-0.776,21.834,22.571,24.259
305.555,-40.414,-0.452,-0.693,21.146,21.857,23.587
305.566,-46.675,0.304,-0.650,20.332,20.999,22.881
305.578,-51.697,0.103,-0.609,19.404,20.083,22.106
305.588,-58.252,-0.526,-0.575,18.461,19.159,21.339
305.600,-71.798,0.465,-0.552,17.220,17.840,20.312
305.610,-82.742,0.541,-0.435,16.035,16.629,19.351
305.621,-95.434,0.561,-0.330,14.692,15.264,18.270
305.631,-105.808,0.400,-0.240,13.280,13.853,17.089
305.641,-116.397,1.070,-0.092,11.720,12.248,15.743
305.652,-126.079,1.762,0.111,9.999,10.484,14.238
305.664,-136.642,2.455,0.376,8.158,8.603,12.637
305.675,-145.904,2.997,0.689,6.217,6.634,10.907
305.687,-151.843,3.484,1.016,4.300,4.691,9.100
305.698,-155.278,3.758,1.338,2.396,2.768,7.252
305.710,-155.426,4.088,1.653,0.581,0.937,5.398
305.721,-154.156,4.508,1.980,-1.099,-0.763,3.634
305.732,-150.204,4.858,2.311,-2.658,-2.334,1.920
305.744,-146.122,5.101,2.645,-4.205,-3.872,0.224
305.755,-138.094,5.079,2.941,-5.571,-5.237,-1.409
305.767,-127.041,4.897,3.155,-6.763,-6.415,-2.929
305.779,-115.807,4.783,3.312,-7.791,-7.445,-4.332
305.791,-104.296,5.042,3.450,-8.626,-8.323,-5.583
305.802,-91.772,4.894,3.586,-9.370,-9.035,-6.680
305.814,-80.062,4.936,3.682,-9.965,-9.587,-7.620
305.826,-71.595,5.258,3.798,-10.547,-10.172,-8.456
305.838,-64.104,5.271,3.968,-11.076,-10.692,-9.191
305.850,-59.971,5.393,4.150,-11.572,-11.194,-9.835
305.862,-58.913,5.139,4.274,-12.121,-11.738,-10.441
305.874,-59.827,5.034,4.331,-12.703,-12.335,-11.046
305.885,-63.539,5.330,4.374,-13.457,-13.089,-11.694
305.897,-67.359,5.404,4.438,-14.241,-13.867,-12.373
305.909,-73.831,6.229,4.624,-15.086,-14.761,-13.089
305.920,-80.142,6.825,4.879,-16.005,-15.711,-13.862
305.932,-86.666,6.741,5.148,-17.020,-16.722,-14.705
305.944,-94.850,6.764,5.381,-18.187,-17.889,-15.654
305.956,-102.398,6.403,5.523,-19.425,-19.109,-16.679
305.968,-108.436,6.302,5.603,-20.711,-20.384,-17.786
305.980,-112.640,6.320,5.700,-21.950,-21.623,-18.931
305.991,-116.055,6.155,5.811,-23.263,-22.879,-20.112
306.003,-117.695,5.354,5.840,-24.592,-24.117,-21.323
306.015,-118.397,5.229,5.760,-25.830,-25.337,-22.541
306.027,-118.754,5.072,5.649,-27.035,-26.522,-23.755
306.039,-117.497,5.097,5.504,-28.153,-27.663,-24.960
306.051,-113.428,5.839,5.461,-29.182,-28.700,-26.123
306.063,-109.418,6.503,5.556,-30.127,-29.671,-27.230
306.075,-103.394,6.393,5.684,-30.956,-30.502,-28.246
306.087,-97.201,6.500,5.781,-31.700,-31.257,-29.181
306.099,-88.775,6.341,5.828,-32.280,-31.815,-30.011
306.110,-79.226,6.446,5.911,-32.717,-32.252,-30.732
306.122,-71.728,6.319,5.991,-33.087,-32.615,-31.341
306.134,-61.865,6.012,5.991,-33.270,-32.776,-31.832
306.146,-53.679,5.880,5.929,-33.429,-32.926,-32.232
306.158,-46.015,6.517,5.932,-33.500,-33.012,-32.537
306.170,-40.667,7.112,6.086,-33.498,-33.049,-32.749
306.182,-34.455,6.908,6.263,-33.507,-33.024,-32.895
306.193,-26.979,6.157,6.341,-33.395,-32.873,-32.958
306.205,-22.060,5.652,6.291,-33.242,-32.679,-32.939
306.217,-16.859,5.234,6.164,-33.000,-32.419,-32.863
306.229,-12.137,4.479,5.965,-32.707,-32.129,-32.736
306.241,-8.256,4.113,5.726,-32.472,-31.869,-32.576
306.252,-4.839,4.031,5.521,-32.179,-31.566,-32.370
306.264,-2.504,4.048,5.343,-31.859,-31.240,-32.124
306.276,1.133,4.183,5.184,-31.526,-30.903,-31.859
306.288,6.235,3.950,5.043,-31.047,-30.420,-31.531
306.300,10.303,3.808,4.967,-30.595,-29.952,-31.161
306.312,12.675,3.263,4.858,-30.165,-29.465,-30.745
306.323,15.991,1.683,4.548,-29.677,-28.891,-30.297
306.335,18.270,1.647,4.128,-29.138,-28.369,-29.842
306.347,18.577,2.295,3.792,-28.684,-27.918,-29.382
306.359,19.460,3.445,3.685,-28.136,-27.424,-28.903
306.371,20.347,2.681,3.731,-27.651,-26.912,-28.405
306.383,18.114,2.606,3.748,-27.245,-26.477,-27.913
306.394,15.675,0.904,3.494,-26.953,-26.100,-27.472
306.406,12.341,1.203,3.076,-26.654,-25.804,-27.082
306.418,8.518,1.775,2.771,-26.454,-25.607,-26.746
306.430,4.528,1.501,2.549,-26.285,-25.424,-26.445
306.442,-0.694,2.433,2.562,-26.203,-25.343,-26.190
306.454,-5.091,2.323,2.641,-26.176,-25.294,-25.997
306.465,-11.088,1.768,2.635,-26.207,-25.337,-25.862
306.477,-15.980,0.135,2.420,-26.362,-25.420,-25.802
306.489,-20.971,-0.701,2.039,-26.503,-25.551,-25.809
306.501,-28.981,-0.590,1.660,-26.775,-25.859,-25.897
306.513,-35.425,-0.092,1.388,-27.123,-26.223,-26.070
306.525,-42.116,0.558,1.250,-27.550,-26.680,-26.319
306.537,-47.195,0.325,1.189,-28.038,-27.157,-26.628
306.549,-53.707,0.670,1.174,-28.637,-27.718,-26.997
306.561,-55.770,0.466,1.191,-29.118,-28.181,-27.405
306.573,-58.903,-0.737,1.075,-29.652,-28.699,-27.844
306.584,-60.201,-2.027,0.747,-30.255,-29.210,-28.324
306.596,-61.797,-2.298,0.354,-30.794,-29.741,-28.821
306.608,-61.634,-2.065,0.009,-31.259,-30.238,-29.327
306.620,-59.497,-1.338,-0.200,-31.595,-30.641,-29.801
306.632,-58.133,-1.326,-0.327,-32.003,-31.033,-30.244
306.644,-56.762,-1.251,-0.404,-32.437,-31.431,-30.675
306.656,-51.657,-1.783,-0.495,-32.723,-31.627,-31.045
306.668,-45.076,-2.116,-0.622,-32.850,-31.708,-31.344
306.679,-35.928,-3.237,-0.859,-32.858,-31.640,-31.558
306.691,-24.510,-3.366,-1.175,-32.586,-31.388,-31.650
306.703,-9.572,-4.655,-1.551,-32.109,-30.881,-31.590
306.715,9.527,-5.302,-1.966,-31.326,-30.078,-31.334
306.726,31.207,-5.292,-2.358,-30.251,-29.016,-30.862
306.737,54.500,-5.029,-2.678,-28.807,-27.595,-30.110
306.749,78.504,-5.191,-2.951,-27.077,-25.871,-29.078
306.761,104.480,-5.654,-3.219,-25.000,-23.760,-27.736
306.773,127.674,-6.510,-3.506,-22.713,-21.448,-26.120
306.785,148.260,-8.292,-3.986,-20.296,-18.998,-24.279
306.796,166.335,-9.852,-4.606,-17.757,-16.440,-22.243
306.808,180.636,-10.710,-5.311,-15.123,-13.830,-20.033
306.820,193.705,-10.783,-5.946,-12.387,-11.125,-17.688
306.832,204.824,-10.465,-6.531,-9.546,-8.359,-15.219
306.844,214.245,-11.208,-7.066,-6.701,-5.540,-12.646
306.856,224.355,-11.807,-7.605,-3.759,-2.605,-9.982
306.868,230.932,-12.304,-8.168,-0.797,0.320,-7.213
306.880,236.495,-12.267,-8.663,2.032,3.126,-4.515
306.891,242.116,-12.352,-9.101,4.927,5.989,-1.751
306.903,247.766,-11.790,-9.445,7.905,8.918,1.085
306.915,252.811,-10.812,-9.632,10.974,11.892,3.971
306.927,256.724,-9.503,-9.639,14.060,14.876,6.911
306.939,259.544,-9.368,-9.506,17.024,17.821,9.854
306.950,259.668,-8.937,-9.355,19.848,20.643,12.751
306.962,257.367,-7.737,-9.183,22.633,23.396,15.621
306.974,252.761,-7.289,-8.965,25.274,26.011,18.416
306.985,244.125,-7.689,-8.808,27.699,28.443,21.153
306.997,235.217,-8.257,-8.748,29.893,30.670,23.703
307.009,224.249,-8.588,-8.739,31.921,32.711,26.120
307.020,211.469,-8.347,-8.711,33.771,34.533,28.372
307.032,199.132,-7.656,-8.590,35.499,36.231,30.474
307.043,187.655,-7.447,-8.418,37.105,37.815,32.434
307.055,174.390,-7.076,-8.261,38.510,39.172,34.229
307.067,160.761,-7.459,-8.160,39.657,40.353,35.851
307.078,151.095,-8.298,-8.161,40.789,41.516,37.325
307.090,140.291,-8.719,-8.218,41.785,42.508,38.663
307.102,129.385,-8.108,-8.219,42.679,43.386,39.884
307.113,117.765,-6.581,-8.070,43.457,44.076,40.956
307.125,106.965,-5.153,-7.776,44.115,44.657,41.894
307.136,97.807,-4.493,-7.417,44.649,45.173,42.715
307.148,86.789,-4.848,-7.114,44.994,45.539,43.417
307.160,76.025,-5.254,-6.876,45.205,45.755,43.970
307.171,68.188,-5.642,-6.717,45.429,45.981,44.423
307.183,57.246,-6.403,-6.662,45.463,46.020,44.763
307.195,46.594,-7.134,-6.715,45.334,45.919,44.976
307.206,33.220,-7.335,-6.804,44.991,45.579,45.035
307.218,21.109,-7.083,-6.805,44.582,45.102,44.945
307.230,10.744,-6.843,-6.754,44.047,44.528,44.712
307.242,-1.136,-6.783,-6.676,43.358,43.853,44.372
307.254,-11.120,-6.166,-6.568,42.604,43.072,43.897
307.266,-23.491,-6.539,-6.548,41.647,42.131,43.298
307.277,-34.069,-6.278,-6.503,40.636,41.096,42.566
307.289,-47.058,-6.347,-6.451,39.422,39.869,41.699
307.301,-59.404,-5.762,-6.358,38.082,38.497,40.686
307.313,-74.913,-4.802,-6.204,36.505,36.888,39.516
307.324,-91.895,-3.212,-5.939,34.848,35.128,38.214
307.335,-107.755,-2.864,-5.619,33.130,33.359,36.832
307.345,-122.754,-3.753,-5.368,31.207,31.485,35.307
307.357,-142.728,-4.995,-5.210,28.695,29.069,33.329
307.369,-161.033,-4.660,-5.191,26.091,26.466,31.129
307.379,-171.001,-4.617,-5.120,23.903,24.283,29.164
307.390,-180.107,-3.888,-4.992,21.518,21.855,26.945
307.401,-186.779,-2.808,-4.792,19.121,19.398,24.644
307.413,-193.353,-1.853,-4.516,16.676,16.890,22.290
307.424,-198.579,-1.223,-4.211,14.214,14.386,19.890
307.435,-199.252,-1.576,-3.944,11.802,11.963,17.467
307.446,-201.300,-2.070,-3.765,9.328,9.481,15.010
307.458,-201.386,-3.445,-3.687,6.988,7.163,12.622
307.469,-203.028,-4.814,-3.718,4.481,4.706,10.169
307.481,-203.158,-5.982,-3.885,2.028,2.298,7.703
307.492,-203.840,-6.924,-4.152,-0.481,-0.170,5.222
307.504,-202.028,-7.644,-4.478,-2.883,-2.542,2.763
307.516,-200.632,-8.066,-4.830,-5.253,-4.894,0.329
307.527,-195.847,-7.120,-5.034,-7.391,-7.079,-2.036
307.539,-190.762,-6.082,-5.110,-9.444,-9.195,-4.327
307.551,-184.182,-5.080,-5.081,-11.347,-11.174,-6.526
307.562,-174.944,-4.720,-5.042,-13.084,-12.945,-8.628
307.574,-163.910,-4.220,-4.974,-14.606,-14.505,-10.554
307.586,-151.158,-3.722,-4.870,-15.967,-15.894,-12.339
307.597,-136.875,-3.179,-4.747,-17.121,-17.085,-13.960
307.609,-120.480,-2.610,-4.562,-17.982,-17.981,-15.367
307.620,-102.622,-1.786,-4.306,-18.610,-18.643,-16.558
307.632,-86.251,-0.780,-3.945,-19.088,-19.163,-17.541
307.644,-68.713,0.004,-3.495,-19.268,-19.393,-18.299
307.655,-51.676,0.310,-3.012,-19.276,-19.429,-18.847
307.667,-34.528,-0.148,-2.595,-19.135,-19.272,-19.195
307.678,-19.762,-1.039,-2.335,-18.923,-19.017,-19.365
307.690,-5.041,-1.941,-2.203,-18.533,-18.588,-19.364
307.701,5.490,-2.667,-2.164,-18.096,-18.128,-19.217
307.712,16.195,-3.073,-2.186,-17.536,-17.565,-18.962
307.723,23.201,-4.049,-2.327,-17.048,-17.036,-18.631
307.734,30.988,-4.516,-2.536,-16.399,-16.384,-18.216
307.746,38.500,-4.831,-2.752,-15.673,-15.677,-17.716
307.757,46.868,-5.711,-3.039,-14.914,-14.908,-17.157
307.769,50.409,-5.913,-3.407,-14.112,-14.116,-16.460
307.781,61.104,-4.852,-3.716,-13.119,-13.151,-15.713
307.793,73.166,-4.529,-3.923,-11.933,-12.009,-14.815
307.805,81.505,-4.200,-4.008,-10.757,-10.848,-13.814
307.815,85.592,-3.156,-3.951,-9.692,-9.833,-12.882
307.825,92.835,-2.586,-3.813,-8.533,-8.692,-11.891
307.836,94.008,-2.385,-3.658,-7.471,-7.641,-10.852
307.846,96.660,-2.411,-3.509,-6.369,-6.542,-9.797
307.857,98.175,-2.724,-3.405,-5.298,-5.468,-8.739
307.867,100.130,-3.040,-3.342,-4.189,-4.358,-7.669
307.877,99.420,-2.968,-3.292,-3.159,-3.336,-6.605
307.888,99.753,-2.643,-3.224,-2.113,-2.313,-5.568
307.898,95.164,-2.477,-3.138,-1.200,-1.419,-4.534
307.909,93.615,-2.520,-3.052,-0.283,-0.512,-3.553
307.919,86.362,-2.531,-2.972,0.449,0.206,-2.630
307.929,81.038,-1.706,-2.834,1.163,0.863,-1.788
307.939,71.879,-0.935,-2.672,1.708,1.357,-1.028
307.950,61.979,-0.908,-2.510,2.099,1.756,-0.362
307.960,54.896,-2.860,-2.474,2.384,2.150,0.213
307.970,45.171,-2.795,-2.496,2.583,2.358,0.682
307.980,36.619,-1.559,-2.441,2.794,2.508,1.061
307.991,24.731,-1.821,-2.363,2.786,2.501,1.344
308.001,17.664,-2.480,-2.336,2.752,2.472,1.513
308.011,10.917,-3.484,-2.396,2.647,2.402,1.617
308.022,0.804,-2.757,-2.422,2.419,2.129,1.620
308.032,-7.178,-0.189,-2.231,2.240,1.846,1.554
308.043,-16.156,1.828,-1.854,1.908,1.440,1.404
308.053,-24.556,1.983,-1.448,1.437,1.006,1.184
308.065,-31.016,2.059,-1.038,0.901,0.496,0.838
308.077,-36.376,1.959,-0.654,0.344,-0.037,0.434
308.089,-40.303,1.730,-0.303,-0.212,-0.584,-0.020
308.101,-43.455,1.834,-0.022,-0.753,-1.144,-0.509
308.111,-46.788,2.046,0.199,-1.273,-1.686,-0.968
308.121,-45.923,2.221,0.424,-1.687,-2.131,-1.425
308.133,-47.712,1.398,0.519,-2.259,-2.687,-1.960
308.145,-45.371,1.651,0.608,-2.711,-3.181,-2.500
308.157,-45.552,2.489,0.897,-3.145,-3.663,-2.998
308.167,-45.310,3.415,1.172,-3.526,-4.097,-3.428
308.178,-44.088,4.715,1.519,-3.874,-4.513,-3.855
308.188,-43.553,5.717,1.930,-4.206,-4.893,-4.255
308.198,-43.381,6.361,2.416,-4.520,-5.224,-4.610
308.210,-40.922,6.591,2.935,-4.862,-5.583,-5.031
308.221,-37.888,7.724,3.447,-5.069,-5.811,-5.341
308.231,-34.725,7.647,3.936,-5.270,-6.004,-5.614
308.241,-30.683,6.835,4.252,-5.475,-6.160,-5.871
308.252,-27.770,6.247,4.468,-5.682,-6.317,-6.098
308.262,-23.182,5.015,4.530,-5.829,-6.380,-6.282
308.273,-19.420,3.310,4.415,-5.972,-6.433,-6.430
308.283,-15.175,1.147,4.102,-6.105,-6.443,-6.552
308.294,-8.938,-0.982,3.613,-6.131,-6.343,-6.627
308.304,-1.201,-2.430,3.022,-6.035,-6.153,-6.641
308.314,5.672,-2.465,2.455,-5.844,-5.935,-6.586
308.325,12.036,-1.144,2.035,-5.515,-5.657,-6.457
308.335,18.533,0.588,1.822,-5.042,-5.268,-6.241
308.346,25.469,0.888,1.685,-4.544,-4.798,-5.952
308.356,30.896,0.737,1.557,-4.033,-4.299,-5.600
308.367,35.862,0.402,1.422,-3.526,-3.790,-5.210
308.377,42.391,0.119,1.277,-2.922,-3.180,-4.764
308.388,46.912,0.028,1.134,-2.281,-2.537,-4.252
308.399,51.102,0.180,1.005,-1.590,-1.852,-3.670
308.411,53.357,0.464,0.924,-0.896,-1.169,-3.039
308.422,56.179,0.346,0.866,-0.213,-0.444,-2.378
308.434,55.836,0.343,0.856,0.393,0.214,-1.695
308.446,55.318,-0.245,0.820,1.027,0.856,-1.023
308.458,53.681,-1.519,0.655,1.601,1.444,-0.380
308.470,50.180,-2.782,0.308,2.050,1.938,0.223
308.482,46.042,-2.441,-0.110,2.497,2.365,0.768
308.494,42.474,-2.860,-0.503,2.884,2.739,1.249
308.505,39.292,-2.311,-0.838,3.296,3.083,1.683
308.517,35.327,-1.720,-1.064,3.600,3.353,2.076
308.529,30.975,-1.211,-1.190,3.800,3.539,2.418
308.540,25.941,-0.756,-1.224,3.913,3.648,2.706
308.552,22.700,-0.439,-1.176,4.020,3.750,2.943
308.564,21.375,-0.363,-1.075,4.208,3.938,3.171
308.575,18.275,0.362,-0.932,4.325,4.035,3.368
308.587,17.503,0.649,-0.740,4.466,4.177,3.548
308.598,14.334,0.628,-0.564,4.515,4.246,3.703
308.610,13.253,0.521,-0.435,4.624,4.359,3.833
308.622,11.882,0.453,-0.355,4.737,4.436,3.944
308.633,10.492,0.682,-0.287,4.839,4.497,4.045
308.645,4.362,0.802,-0.202,4.720,4.373,4.101
308.657,2.429,1.979,-0.032,4.684,4.289,4.103
308.669,-0.817,2.929,0.293,4.599,4.154,4.091
308.681,-2.911,2.282,0.656,4.442,4.028,4.048
308.693,-3.522,2.017,0.936,4.316,3.939,3.988
308.705,-4.515,0.795,1.055,4.139,3.824,3.910
308.717,-7.956,0.006,1.004,3.863,3.626,3.809
308.729,-8.476,-1.773,0.742,3.643,3.489,3.674
308.741,-5.671,-3.165,0.303,3.570,3.472,3.549
308.752,-6.785,-5.710,-0.271,3.299,3.334,3.420
308.763,-7.700,-6.774,-1.007,3.098,3.181,3.270
308.774,-8.475,-7.999,-1.760,2.876,3.012,3.099
308.786,-7.993,-8.860,-2.583,2.672,2.847,2.906
308.797,-8.256,-9.217,-3.398,2.452,2.668,2.713
308.809,-8.620,-9.572,-4.137,2.246,2.479,2.520
308.820,-9.001,-9.175,-4.791,2.064,2.275,2.319
308.832,-8.292,-8.447,-5.270,1.949,2.100,2.127
308.844,-6.941,-7.800,-5.566,1.814,1.926,1.945
308.855,-5.056,-7.360,-5.724,1.668,1.816,1.789
308.867,-2.973,-6.224,-5.755,1.695,1.805,1.692
308.879,-0.551,-5.134,-5.715,1.727,1.777,1.608
308.890,1.860,-4.249,-5.627,1.705,1.751,1.543
308.902,6.533,-3.435,-5.434,1.862,1.893,1.548
308.913,7.960,-3.066,-5.171,1.969,1.973,1.587
308.925,11.125,-3.294,-4.920,2.132,2.174,1.671
308.936,14.977,-3.459,-4.743,2.304,2.358,1.764
308.948,16.922,-2.987,-4.568,2.482,2.513,1.891
308.960,19.429,-1.942,-4.326,2.751,2.741,2.056
308.971,19.844,-1.604,-4.019,3.028,2.989,2.262
308.983,22.427,-2.105,-3.774,3.261,3.253,2.464
308.994,24.630,-2.835,-3.642,3.528,3.542,2.692
309.006,25.983,-2.433,-3.511,3.774,3.751,2.913
309.017,25.716,-1.137,-3.291,4.083,3.996,3.164
309.029,25.103,-0.211,-2.952,4.392,4.262,3.434
309.040,24.513,-0.451,-2.649,4.578,4.460,3.671
309.052,25.046,-1.268,-2.494,4.802,4.722,3.916
309.064,25.253,-1.532,-2.425,5.003,4.924,4.142
309.075,24.324,-1.430,-2.317,5.207,5.120,4.369
309.087,21.537,-0.379,-2.097,5.384,5.243,4.582
309.099,18.895,0.271,-1.778,5.490,5.312,4.763
309.110,15.649,0.335,-1.500,5.556,5.371,4.915
309.121,12.612,-0.074,-1.306,5.576,5.412,5.032
309.133,8.272,-0.830,-1.249,5.530,5.368,5.100
309.144,3.814,-1.368,-1.306,5.403,5.245,5.105
309.156,0.853,-1.555,-1.409,5.268,5.120,5.062
309.168,-2.727,-1.386,-1.498,5.064,4.929,4.978
309.179,-5.682,-0.955,-1.512,4.842,4.718,4.860
309.191,-8.349,-0.133,-1.406,4.638,4.484,4.716
309.202,-8.920,0.635,-1.183,4.478,4.300,4.563
309.214,-10.636,1.165,-0.918,4.285,4.096,4.409
309.226,-12.434,0.901,-0.701,4.013,3.871,4.235
309.237,-13.403,-0.169,-0.624,3.721,3.668,4.040
309.249,-15.073,-0.730,-0.646,3.463,3.424,3.828
309.261,-16.110,0.125,-0.653,3.236,3.176,3.602
309.272,-18.025,-0.013,-0.627,2.905,2.882,3.361
309.284,-21.145,0.680,-0.568,2.682,2.522,3.094
309.295,-23.124,1.720,-0.369,2.333,2.180,2.810
309.307,-26.305,1.304,-0.139,1.878,1.773,2.498
309.318,-30.088,2.143,0.123,1.408,1.320,2.156
309.329,-31.671,2.486,0.420,1.038,0.914,1.801
309.341,-32.910,2.605,0.735,0.549,0.512,1.433
309.352,-34.576,1.801,0.972,0.198,0.118,1.062
309.362,-33.881,1.988,1.126,-0.174,-0.215,0.705
309.372,-33.861,3.846,1.361,-0.288,-0.565,0.362
309.383,-34.924,4.945,1.668,-0.750,-0.925,0.030
309.393,-34.784,4.647,1.964,-1.131,-1.260,-0.307
309.403,-33.276,3.027,2.134,-1.498,-1.543,-0.634
309.413,-31.704,1.109,2.127,-1.809,-1.789,-0.951
309.423,-28.449,2.925,2.128,-1.952,-2.013,-1.247
309.434,-26.357,3.591,2.253,-2.122,-2.204,-1.503
309.444,-22.896,4.307,2.413,-2.168,-2.356,-1.731
309.454,-13.129,1.239,2.428,-2.178,-2.272,-1.891
309.465,-9.833,1.423,2.323,-2.123,-2.261,-1.987
309.475,-6.800,2.236,2.293,-2.120,-2.265,-2.058
309.485,-3.286,1.936,2.286,-2.099,-2.204,-2.085
309.495,1.128,1.530,2.211,-2.005,-2.072,-2.074
309.505,2.760,2.101,2.187,-1.904,-1.980,-2.025
309.516,7.544,1.278,2.131,-1.790,-1.780,-1.949
309.526,9.391,2.086,2.093,-1.618,-1.617,-1.839
309.536,11.000,1.849,2.117,-1.498,-1.450,-1.713
309.546,14.987,0.794,2.010,-1.339,-1.204,-1.569
309.556,17.026,2.328,1.998,-1.070,-0.978,-1.388
309.567,21.015,1.322,1.959,-0.828,-0.669,-1.177
309.577,25.097,0.672,1.837,-0.545,-0.320,-0.930
309.587,25.927,0.604,1.714,-0.290,-0.050,-0.673
309.597,25.366,1.759,1.648,-0.061,0.180,-0.412
309.608,26.247,1.175,1.613,0.140,0.459,-0.150
309.618,26.269,0.604,1.488,0.322,0.693,0.099
309.628,25.308,1.367,1.451,0.556,0.897,0.351
309.638,25.138,0.965,1.408,0.777,1.135,0.600
309.649,24.133,0.878,1.351,0.981,1.343,0.839
309.661,22.412,0.797,1.277,1.209,1.573,1.109
309.671,24.254,0.907,1.233,1.485,1.854,1.337
309.681,24.302,1.625,1.248,1.725,2.073,1.572
309.691,25.705,0.486,1.222,1.912,2.350,1.816
309.701,28.897,1.165,1.186,2.279,2.684,2.078
309.712,29.432,1.085,1.214,2.554,2.955,2.353
309.723,22.333,0.699,1.199,2.648,3.041,2.627
309.736,17.701,-0.717,1.063,2.680,3.115,2.828
309.746,12.578,1.845,1.014,2.809,3.112,2.957
309.756,7.104,2.328,1.130,2.793,3.050,3.037
309.766,4.813,-0.975,1.008,2.680,3.020,3.059
309.778,-3.918,1.061,1.002,2.505,2.777,3.029
309.790,-14.186,1.466,1.124,2.059,2.359,2.878
309.802,-22.695,2.682,1.327,1.627,1.895,2.630
309.814,-27.952,2.796,1.538,1.200,1.465,2.318
309.826,-29.760,2.799,1.702,0.793,1.066,1.965
309.837,-29.669,2.665,1.835,0.443,0.729,1.612
309.849,-38.162,2.207,1.902,-0.187,0.129,1.205
309.861,-45.599,1.730,1.905,-0.887,-0.541,0.701
309.873,-46.966,1.843,1.906,-1.430,-1.087,0.166
309.885,-40.810,1.727,1.926,-1.809,-1.425,-0.333
309.897,-37.186,1.613,1.937,-2.216,-1.781,-0.781
309.908,-32.412,3.447,2.092,-2.401,-2.035,-1.161
309.920,-29.555,4.713,2.487,-2.607,-2.286,-1.481
309.932,-24.557,6.126,2.884,-2.711,-2.447,-1.753
309.944,-22.271,7.191,3.485,-2.818,-2.610,-1.968
309.956,-25.903,6.748,3.914,-3.108,-2.906,-2.186
309.968,-25.472,7.621,4.415,-3.298,-3.152,-2.437
309.979,-19.019,8.508,4.864,-3.228,-3.164,-2.603
309.990,-15.446,7.384,5.191,-3.272,-3.168,-2.715
310.000,-11.815,6.686,5.375,-3.300,-3.138,-2.791
310.011,-5.915,6.134,5.460,-3.291,-3.050,-2.840
310.022,-3.040,4.869,5.409,-3.264,-2.923,-2.828
310.033,3.073,1.770,5.155,-3.163,-2.683,-2.780
310.044,9.312,-0.945,4.575,-2.997,-2.385,-2.679
310.055,12.558,-0.011,4.044,-2.778,-2.201,-2.559
310.065,16.876,4.067,3.838,-2.399,-1.943,-2.380
310.076,16.998,5.270,3.890,-2.129,-1.702,-2.154
310.087,19.963,5.552,4.021,-1.838,-1.387,-1.912
310.097,22.389,3.878,4.047,-1.581,-1.037,-1.643
310.108,26.158,2.692,3.955,-1.240,-0.635,-1.352
310.118,27.854,3.666,3.899,-0.900,-0.299,-1.043
310.129,29.159,6.200,4.039,-0.489,0.037,-0.715
310.139,30.418,7.284,4.322,-0.136,0.376,-0.365
310.150,28.086,8.014,4.697,0.094,0.622,-0.024
310.160,29.148,6.040,4.881,0.354,0.986,0.315
310.171,29.695,4.365,4.876,0.591,1.314,0.645
310.182,29.625,2.736,4.720,0.861,1.677,0.984
310.192,28.361,2.864,4.520,1.108,1.930,1.289
310.203,24.951,3.093,4.340,1.309,2.130,1.579
310.213,22.676,3.350,4.202,1.492,2.292,1.826
310.224,19.436,2.221,3.997,1.608,2.454,2.052
310.234,16.571,0.100,3.623,1.621,2.547,2.217
310.245,13.817,-0.371,3.223,1.705,2.638,2.362
310.256,10.781,-0.105,2.920,1.768,2.673,2.476
310.267,10.081,0.397,2.699,1.850,2.732,2.564
310.278,5.317,1.031,2.569,1.792,2.657,2.623
310.289,1.678,1.988,2.498,1.758,2.591,2.648
310.299,-1.341,3.920,2.570,1.714,2.473,2.637
310.310,-8.426,5.077,2.827,1.516,2.257,2.596
310.321,-12.829,4.816,3.064,1.262,2.028,2.493
310.332,-16.692,3.997,3.208,0.918,1.743,2.328
310.343,-19.806,2.709,3.206,0.554,1.444,2.120
310.354,-21.562,1.723,3.092,0.228,1.167,1.885
310.365,-22.988,1.122,2.930,-0.078,0.900,1.643
310.375,-23.083,1.964,2.819,-0.355,0.621,1.381
310.386,-25.630,3.264,2.854,-0.659,0.314,1.124
310.397,-30.264,4.788,3.024,-1.035,-0.088,0.839
310.408,-31.454,6.945,3.333,-1.329,-0.445,0.537
310.419,-33.643,8.371,3.826,-1.663,-0.799,0.233
310.429,-35.278,6.427,4.165,-2.117,-1.140,-0.082
310.440,-37.748,4.394,4.285,-2.630,-1.539,-0.433
310.450,-37.256,3.668,4.301,-3.011,-1.870,-0.797
310.461,-36.943,6.110,4.424,-3.279,-2.209,-1.143
310.472,-37.502,7.554,4.718,-3.644,-2.619,-1.507
310.483,-39.190,8.491,5.065,-4.022,-3.021,-1.875
310.494,-38.662,8.733,5.412,-4.369,-3.354,-2.235
310.505,-38.947,8.730,5.764,-4.750,-3.720,-2.595
310.516,-38.571,8.841,6.068,-5.085,-4.037,-2.946
310.527,-38.471,8.148,6.302,-5.422,-4.343,-3.277
310.538,-37.667,6.009,6.348,-5.833,-4.657,-3.609
310.548,-34.899,3.967,6.187,-6.127,-4.860,-3.920
310.559,-30.108,2.320,5.826,-6.377,-5.043,-4.218
310.570,-29.035,2.984,5.502,-6.597,-5.312,-4.494
310.580,-28.409,4.449,5.321,-6.707,-5.511,-4.725
310.591,-24.637,4.811,5.236,-6.812,-5.645,-4.942
310.601,-20.773,4.284,5.141,-6.875,-5.693,-5.104
310.611,-18.546,4.277,5.027,-6.957,-5.773,-5.239
310.622,-17.008,4.250,4.926,-7.034,-5.847,-5.356
310.632,-14.633,3.580,4.799,-7.076,-5.856,-5.449
310.643,-8.984,2.913,4.625,-7.065,-5.801,-5.518
310.653,-5.042,3.910,4.502,-6.913,-5.696,-5.521
310.664,-1.487,4.044,4.443,-6.813,-5.574,-5.483
310.674,-0.861,2.818,4.323,-6.816,-5.487,-5.424
310.685,1.900,2.773,4.170,-6.707,-5.337,-5.358
310.695,6.323,4.897,4.150,-6.459,-5.124,-5.246
310.706,7.831,5.609,4.251,-6.245,-4.939,-5.095
310.716,7.812,3.665,4.252,-6.189,-4.781,-4.942
310.727,9.323,1.891,4.069,-6.079,-4.582,-4.791
310.737,9.002,2.115,3.856,-5.977,-4.484,-4.658
310.748,10.135,2.496,3.706,-5.747,-4.267,-4.490
310.758,11.265,2.155,3.554,-5.565,-4.071,-4.326
310.769,6.903,2.652,3.439,-5.518,-4.058,-4.191
310.779,6.884,4.697,3.474,-5.291,-3.953,-4.066
310.789,5.129,5.185,3.605,-5.203,-3.904,-3.947
310.800,2.130,3.960,3.668,-5.194,-3.838,-3.833
310.810,0.983,2.228,3.597,-5.225,-3.814,-3.774
310.821,0.026,2.095,3.484,-5.204,-3.790,-3.726
310.831,-0.789,3.413,3.439,-5.131,-3.775,-3.679
310.842,-8.485,4.094,3.460,-5.307,-3.960,-3.672
310.852,-10.104,3.534,3.459,-5.453,-4.063,-3.721
310.863,-11.894,2.051,3.365,-5.618,-4.157,-3.783
310.873,-15.630,2.166,3.229,-5.819,-4.348,-3.887
310.884,-14.773,2.702,3.141,-5.908,-4.462,-4.003
310.894,-18.433,2.317,3.063,-6.108,-4.641,-4.113
310.905,-22.707,1.785,2.944,-6.433,-4.943,-4.290
310.915,-23.018,2.250,2.850,-6.614,-5.138,-4.478
310.925,-26.231,3.366,2.850,-6.848,-5.401,-4.672
310.936,-31.311,3.437,2.903,-7.221,-5.787,-4.922
310.946,-31.811,2.282,2.875,-7.546,-6.066,-5.187
310.957,-34.809,1.101,2.741,-7.930,-6.413,-5.479
310.967,-34.365,1.303,2.587,-8.239,-6.717,-5.786
310.978,-35.706,2.538,2.530,-8.541,-7.059,-6.097
310.988,-36.810,3.582,2.584,-8.818,-7.376,-6.399
310.999,-35.348,3.688,2.676,-9.110,-7.665,-6.708
311.009,-35.087,2.795,2.715,-9.458,-7.939,-6.995
311.020,-35.336,1.032,2.608,-9.847,-8.209,-7.283
311.030,-33.766,-0.039,2.394,-10.153,-8.462,-7.584
311.041,-29.744,1.501,2.250,-10.243,-8.593,-7.833
311.051,-30.451,4.561,2.378,-10.430,-8.851,-8.062
311.062,-29.757,6.887,2.798,-10.527,-9.027,-8.262
311.072,-25.350,5.801,3.146,-10.662,-9.108,-8.448
311.083,-20.352,3.336,3.237,-10.740,-9.084,-8.585
311.094,-14.641,1.222,3.111,-10.736,-9.004,-8.686
311.105,-10.509,0.544,2.881,-10.646,-8.888,-8.723
311.117,-5.090,1.479,2.732,-10.479,-8.783,-8.722
311.129,5.175,1.868,2.615,-10.068,-8.415,-8.601
311.141,14.840,2.432,2.521,-9.565,-7.942,-8.363
311.152,23.240,3.146,2.501,-9.050,-7.438,-8.038
311.164,32.473,3.097,2.570,-8.424,-6.793,-7.595
311.176,37.314,3.286,2.632,-7.785,-6.149,-7.068
311.188,46.649,4.123,2.867,-6.966,-5.350,-6.464
311.200,57.753,3.647,3.094,-5.991,-4.351,-5.719
311.210,64.848,3.581,3.136,-5.108,-3.462,-5.015
311.222,67.178,5.041,3.410,-4.183,-2.549,-4.132
311.234,69.973,4.293,3.700,-3.350,-1.628,-3.232
311.246,75.229,3.036,3.826,-2.396,-0.584,-2.285
311.258,75.529,2.720,3.810,-1.459,0.375,-1.315
311.270,73.603,0.289,3.519,-0.708,1.241,-0.390
311.282,71.338,-0.666,3.028,0.008,2.029,0.476
311.293,66.726,-0.872,2.497,0.708,2.745,1.303
311.305,63.865,-0.718,2.057,1.418,3.427,2.064
311.317,54.933,-0.696,1.712,1.893,3.890,2.754
311.329,42.959,-0.184,1.525,2.191,4.164,3.323
311.341,30.731,-0.958,1.345,2.275,4.294,3.740
311.353,22.829,-1.149,1.091,2.325,4.397,4.033
311.365,16.961,-0.748,0.863,2.398,4.464,4.239
311.377,10.323,-1.055,0.666,2.355,4.426,4.364
311.389,4.307,-1.587,0.427,2.265,4.328,4.410
311.400,-1.221,-1.344,0.252,2.140,4.168,4.389
311.412,-8.800,-1.230,0.129,1.897,3.890,4.294
311.424,-16.393,-2.408,-0.013,1.504,3.532,4.107
311.436,-23.575,-3.940,-0.400,0.981,3.090,3.825
311.448,-33.249,-3.922,-0.904,0.351,2.475,3.426
311.460,-37.216,-4.059,-1.305,-0.231,1.904,2.941
311.472,-38.539,-4.430,-1.850,-0.799,1.379,2.432
311.484,-38.831,-3.643,-2.209,-1.311,0.879,1.926
311.496,-42.161,-3.575,-2.468,-1.869,0.295,1.407
311.507,-50.889,-4.585,-2.760,-2.596,-0.451,0.823
311.519,-57.642,-3.629,-3.004,-3.326,-1.270,0.145
311.531,-60.649,-3.925,-3.207,-4.047,-2.032,-0.578
311.543,-58.617,-4.251,-3.530,-4.645,-2.684,-1.311
311.555,-60.588,-2.737,-3.669,-5.272,-3.432,-2.033
311.567,-54.067,-2.991,-3.720,-5.777,-3.944,-2.716
311.579,-50.366,-2.658,-3.691,-6.287,-4.475,-3.334
311.589,-51.398,-1.994,-3.518,-6.763,-4.992,-3.827
311.601,-47.607,-2.195,-3.381,-7.191,-5.454,-4.388
311.613,-42.946,-1.879,-3.257,-7.529,-5.827,-4.888
311.625,-34.947,-1.307,-3.079,-7.731,-6.052,-5.308
311.636,-24.590,0.451,-2.723,-7.723,-6.112,-5.606
311.648,-14.755,0.862,-2.260,-7.616,-6.026,-5.764
311.660,-8.852,0.889,-1.853,-7.543,-5.961,-5.836
311.672,-0.781,1.125,-1.491,-7.318,-5.760,-5.820
311.684,7.357,1.031,-1.156,-6.986,-5.426,-5.693
311.696,19.363,-0.167,-0.998,-6.504,-4.895,-5.458
311.708,26.953,0.132,-0.943,-5.963,-4.364,-5.117
311.719,34.006,0.420,-0.867,-5.385,-3.776,-4.696
311.731,39.520,0.185,-0.784,-4.808,-3.169,-4.206
311.743,45.343,-0.047,-0.691,-4.133,-2.492,-3.655
311.755,52.150,-0.202,-0.597,-3.364,-1.740,-3.039
311.767,57.459,0.304,-0.438,-2.571,-0.950,-2.352
311.779,61.117,1.845,-0.099,-1.772,-0.167,-1.614
311.791,64.717,1.617,0.278,-0.989,0.659,-0.833
311.803,64.484,0.560,0.487,-0.270,1.434,-0.033
311.815,62.845,0.829,0.602,0.444,2.147,0.735
311.827,61.254,-0.081,0.586,1.096,2.844,1.484
311.838,58.335,-0.168,0.495,1.747,3.479,2.190
311.850,53.101,0.256,0.448,2.284,3.964,2.825
311.862,49.330,0.142,0.457,2.787,4.442,3.413
311.874,44.606,-0.250,0.445,3.203,4.857,3.951
311.886,37.540,-0.066,0.435,3.525,5.165,4.420
311.897,32.669,0.288,0.411,3.825,5.459,4.819
311.909,26.094,0.499,0.411,3.991,5.610,5.134
311.921,18.968,0.747,0.425,4.060,5.660,5.364
311.933,14.037,1.180,0.519,4.133,5.706,5.529
311.945,7.468,1.052,0.633,4.072,5.638,5.624
311.957,-1.067,0.670,0.706,3.860,5.440,5.631
311.969,-10.037,0.176,0.665,3.545,5.136,5.528
311.981,-16.261,0.306,0.581,3.226,4.800,5.333
311.992,-22.787,0.498,0.525,2.796,4.358,5.053
312.004,-31.100,0.690,0.538,2.262,3.809,4.701
312.016,-37.039,0.928,0.616,1.703,3.232,4.272
312.028,-40.993,1.062,0.703,1.165,2.687,3.801
312.040,-44.555,0.862,0.763,0.596,2.116,3.295
312.052,-48.551,0.797,0.776,-0.037,1.472,2.732
312.063,-52.784,0.990,0.818,-0.714,0.760,2.122
312.075,-58.793,0.933,0.877,-1.489,-0.047,1.461
312.087,-58.984,0.988,0.935,-2.141,-0.702,0.783
312.099,-61.053,-0.896,0.766,-2.955,-1.428,0.071
312.111,-66.619,-0.320,0.490,-3.764,-2.264,-0.673
312.123,-72.155,-0.497,0.210,-4.659,-3.133,-1.474
312.135,-68.096,-1.264,-0.153,-5.419,-3.860,-2.308
312.147,-59.076,0.069,-0.359,-5.878,-4.371,-3.041
312.159,-52.908,0.817,-0.319,-6.321,-4.829,-3.661
312.171,-47.929,0.325,-0.204,-6.823,-5.289,-4.228
312.183,-40.660,0.085,-0.091,-7.187,-5.596,-4.700
312.195,-30.020,1.477,0.220,-7.294,-5.715,-5.056
312.206,-16.703,1.219,0.553,-7.226,-5.624,-5.259
312.219,-10.599,-0.033,0.687,-7.201,-5.566,-5.347
312.230,-4.043,0.468,0.681,-7.054,-5.431,-5.369
312.242,4.067,-0.691,0.482,-6.837,-5.186,-5.315
312.254,12.775,-1.154,0.136,-6.421,-4.780,-5.143
312.266,20.780,0.318,-0.075,-5.934,-4.325,-4.890
312.278,29.176,1.490,-0.045,-5.401,-3.783,-4.535
312.290,35.194,2.842,0.162,-4.777,-3.205,-4.087
312.302,38.936,4.640,0.679,-4.123,-2.627,-3.574
312.314,44.961,3.864,1.213,-3.484,-1.947,-3.006
312.326,50.680,3.889,1.674,-2.744,-1.183,-2.359
312.338,52.988,3.820,2.068,-2.026,-0.467,-1.677
312.350,53.157,1.877,2.203,-1.388,0.222,-0.987
312.362,55.914,-0.034,2.017,-0.729,0.962,-0.309
312.374,59.707,0.293,1.701,0.074,1.755,0.397
312.386,61.268,-0.368,1.327,0.869,2.525,1.127
312.398,61.215,-1.254,0.822,1.622,3.261,1.854
312.410,57.792,0.154,0.460,2.250,3.862,2.542
312.422,51.783,0.752,0.314,2.671,4.324,3.166
312.433,48.476,0.534,0.266,3.086,4.789,3.734
312.445,47.370,1.544,0.289,3.570,5.254,4.268
312.457,46.390,2.906,0.572,4.125,5.737,4.805
312.469,42.000,2.726,0.872,4.551,6.154,5.325
312.479,36.541,2.945,1.128,4.807,6.402,5.711
312.491,27.713,0.959,1.149,4.902,6.568,6.074
312.503,17.027,0.916,1.043,4.904,6.547,6.301
312.515,4.701,1.288,0.987,4.735,6.347,6.388
312.527,-7.448,1.718,1.039,4.406,5.985,6.328
312.539,-18.501,1.819,1.204,3.989,5.543,6.147
312.551,-28.222,1.101,1.307,3.397,4.979,5.829
312.563,-35.522,1.380,1.412,2.802,4.396,5.421
312.575,-41.984,0.636,1.444,2.114,3.755,4.935
312.586,-47.364,0.694,1.412,1.459,3.092,4.387
312.598,-54.604,0.305,1.372,0.687,2.293,3.757
312.611,-57.090,0.304,1.340,-0.023,1.547,3.074
312.623,-58.509,-1.205,1.228,-0.747,0.843,2.386
312.634,-62.297,-1.958,0.933,-1.544,0.024,1.648
312.646,-61.202,-1.569,0.623,-2.214,-0.679,0.903
312.658,-61.817,-2.655,0.234,-2.971,-1.410,0.165
312.670,-59.767,-2.562,-0.137,-3.668,-2.091,-0.569
312.682,-59.242,-2.186,-0.405,-4.387,-2.774,-1.274
312.694,-55.819,-2.920,-0.678,-5.022,-3.369,-1.958
312.706,-51.874,-3.037,-0.955,-5.542,-3.887,-2.583
312.718,-48.773,-2.486,-1.194,-6.014,-4.389,-3.170
312.730,-42.710,-2.076,-1.370,-6.354,-4.766,-3.697
312.741,-39.165,-1.136,-1.390,-6.654,-5.119,-4.144
312.753,-32.468,-1.404,-1.306,-6.905,-5.352,-4.528
312.765,-23.521,-1.949,-1.241,-7.012,-5.433,-4.813
312.777,-17.142,-1.253,-1.127,-7.006,-5.484,-5.007
312.789,-4.795,-1.148,-0.994,-6.757,-5.314,-5.095
312.801,7.131,-3.377,-1.128,-6.458,-4.986,-5.041
312.813,13.159,-4.250,-1.497,-6.154,-4.695,-4.895
312.825,19.090,-4.094,-1.931,-5.754,-4.331,-4.680
312.837,23.396,-3.108,-2.221,-5.265,-3.915,-4.395
312.848,29.109,-2.614,-2.398,-4.717,-3.435,-4.056
312.859,37.265,-2.613,-2.449,-4.158,-2.896,-3.705
312.870,48.338,-2.734,-2.502,-3.325,-2.086,-3.163
312.882,53.081,-4.625,-2.788,-2.609,-1.332,-2.542
312.894,55.914,-3.878,-3.103,-1.786,-0.623,-1.902
312.906,61.138,-2.668,-3.236,-0.859,0.185,-1.211
312.918,67.923,-2.720,-3.272,0.105,1.119,-0.440
312.930,69.700,-1.347,-3.204,1.023,1.957,0.372
312.942,69.342,0.389,-2.826,1.908,2.745,1.195
312.954,64.648,0.057,-2.373,2.550,3.394,1.984
312.966,60.486,0.629,-1.916,3.163,4.015,2.724
312.976,56.414,1.201,-1.572,3.660,4.488,3.307
312.988,49.226,1.361,-1.208,4.080,4.909,3.914
313.000,43.851,1.695,-0.814,4.497,5.310,4.450
313.012,37.220,1.266,-0.538,4.833,5.633,4.919
313.024,31.095,1.360,-0.355,5.106,5.863,5.298
313.035,22.344,2.945,-0.086,5.284,5.977,5.598
313.047,13.718,3.477,0.286,5.289,5.980,5.801
313.059,5.908,2.958,0.631,5.160,5.906,5.906
313.071,-4.308,4.385,1.051,4.925,5.657,5.902
313.083,-16.682,4.226,1.460,4.523,5.237,5.766
313.095,-27.011,3.844,1.727,4.045,4.763,5.505
313.107,-37.558,5.258,2.065,3.414,4.083,5.098
313.119,-42.190,4.441,2.401,2.799,3.517,4.627
313.131,-45.476,6.084,2.852,2.246,2.917,4.113
313.143,-47.939,6.144,3.352,1.687,2.346,3.587
313.155,-50.753,6.085,3.710,1.114,1.735,3.032
313.166,-53.915,6.815,4.087,0.508,1.062,2.438
313.178,-55.597,6.370,4.461,-0.175,0.389,1.819
313.190,-54.002,5.694,4.674,-0.781,-0.174,1.211
313.202,-52.788,5.575,4.858,-1.342,-0.712,0.631
313.214,-50.371,4.995,4.933,-1.847,-1.189,0.079
313.226,-50.066,4.012,4.844,-2.425,-1.720,-0.468
313.238,-47.664,3.235,4.595,-2.911,-2.184,-1.007
313.250,-42.959,3.370,4.333,-3.227,-2.527,-1.484
313.262,-43.912,4.056,4.208,-3.649,-2.995,-1.940
313.274,-40.644,4.497,4.217,-3.986,-3.361,-2.381
313.286,-35.571,3.387,4.218,-4.311,-3.620,-2.761
313.298,-33.133,2.969,4.203,-4.588,-3.887,-3.095
313.310,-32.965,2.310,4.113,-4.947,-4.209,-3.423
313.321,-30.259,-1.471,3.629,-5.341,-4.455,-3.743
313.333,-26.593,-2.133,2.829,-5.578,-4.657,-4.051
313.345,-15.043,-2.146,2.118,-5.520,-4.605,-4.270
313.357,-6.749,-2.900,1.360,-5.429,-4.483,-4.362
313.367,-3.238,-2.892,0.846,-5.378,-4.433,-4.392
313.379,2.491,-2.522,0.327,-5.172,-4.260,-4.362
313.391,8.944,-2.863,-0.173,-4.877,-3.997,-4.261
313.403,15.882,-2.395,-0.605,-4.485,-3.649,-4.085
313.415,25.787,-1.866,-0.912,-3.926,-3.102,-3.793
313.427,30.887,-2.115,-1.190,-3.436,-2.579,-3.413
313.439,39.305,-1.027,-1.344,-2.755,-1.932,-2.965
313.451,44.981,-0.881,-1.329,-2.095,-1.288,-2.434
313.463,52.656,-0.977,-1.303,-1.307,-0.513,-1.825
313.475,54.317,-0.093,-1.166,-0.580,0.179,-1.161
313.487,51.687,-0.202,-0.999,0.007,0.779,-0.498
313.499,47.856,-0.176,-0.863,0.515,1.283,0.106
313.511,48.137,-0.082,-0.772,1.099,1.852,0.682
313.522,50.878,0.081,-0.695,1.744,2.464,1.260
313.534,52.775,1.389,-0.532,2.492,3.119,1.880
313.546,51.160,1.075,-0.325,3.088,3.695,2.506
313.558,42.198,2.031,-0.118,3.482,4.021,3.056
313.570,37.190,4.776,0.446,3.960,4.366,3.540
313.582,31.593,3.820,1.054,4.146,4.607,3.954
313.594,28.072,4.750,1.646,4.339,4.839,4.312
313.606,21.950,5.215,2.285,4.403,4.982,4.627
313.616,14.582,5.949,2.690,4.434,5.027,4.833
313.628,5.764,5.314,3.116,4.344,4.969,4.977
313.640,-1.648,4.131,3.313,4.171,4.843,5.014
313.652,-6.051,3.087,3.353,4.003,4.713,4.973
313.664,-12.163,1.997,3.221,3.722,4.468,4.859
313.675,-21.040,1.387,3.037,3.277,4.029,4.639
313.687,-32.355,-0.144,2.749,2.609,3.413,4.295
313.699,-40.618,-0.346,2.433,1.944,2.751,3.829
313.711,-45.377,-2.608,1.924,1.215,2.115,3.287
313.723,-45.812,-2.640,1.298,0.599,1.532,2.705
313.735,-47.228,-2.625,0.767,-0.022,0.951,2.135
313.747,-49.950,-2.610,0.248,-0.681,0.286,1.521
313.759,-51.168,-1.782,-0.130,-1.298,-0.367,0.894
313.771,-54.429,-0.446,-0.262,-1.956,-1.062,0.265
313.783,-56.922,-0.312,-0.267,-2.673,-1.780,-0.397
313.795,-59.027,0.406,-0.186,-3.361,-2.502,-1.070
313.807,-58.854,0.806,-0.042,-3.991,-3.152,-1.737
313.819,-57.976,0.704,0.072,-4.603,-3.775,-2.392
313.831,-51.188,0.681,0.168,-5.047,-4.226,-3.001
313.842,-42.446,0.292,0.208,-5.360,-4.518,-3.506
313.854,-34.103,-0.066,0.157,-5.558,-4.697,-3.904
313.866,-26.165,-0.207,0.092,-5.675,-4.813,-4.212
313.878,-17.855,-0.803,-0.016,-5.705,-4.829,-4.429
313.890,-15.272,-0.825,-0.127,-5.776,-4.912,-4.579
313.902,-11.345,-1.541,-0.259,-5.825,-4.941,-4.700
313.914,-3.164,-1.538,-0.378,-5.692,-4.824,-4.757
313.926,5.279,-2.663,-0.522,-5.458,-4.558,-4.694
313.938,11.809,-3.942,-0.866,-5.181,-4.238,-4.545
313.950,17.279,-3.422,-1.237,-4.797,-3.895,-4.341
313.962,25.126,-4.726,-1.701,-4.380,-3.437,-4.072
313.974,35.719,-4.021,-2.126,-3.699,-2.796,-3.690
313.986,41.834,-3.341,-2.388,-3.049,-2.174,-3.210
313.996,41.754,-3.061,-2.498,-2.613,-1.761,-2.784
314.008,45.547,-2.227,-2.556,-1.939,-1.131,-2.245
314.020,50.233,-1.598,-2.513,-1.238,-0.455,-1.662
314.031,53.176,-1.622,-2.414,-0.530,0.247,-1.026
314.043,54.821,-0.065,-2.150,0.270,0.942,-0.366
314.055,56.383,0.640,-1.668,1.003,1.605,0.302
314.067,56.447,-0.178,-1.278,1.622,2.247,0.980
314.079,54.512,0.416,-0.870,2.239,2.837,1.647
314.091,51.617,-1.565,-0.640,2.711,3.351,2.262
314.103,46.871,-3.235,-0.783,3.108,3.798,2.825
314.113,44.639,-3.098,-1.007,3.482,4.173,3.255
314.125,38.564,-2.328,-1.120,3.756,4.453,3.708
314.137,31.263,-1.281,-1.093,3.978,4.656,4.090
314.149,24.044,-1.252,-1.066,4.089,4.752,4.375
314.161,14.457,-0.656,-0.935,4.060,4.681,4.560
314.173,6.104,-0.942,-0.822,3.925,4.561,4.647
314.185,2.610,-0.919,-0.721,3.875,4.488,4.663
314.197,-4.147,-0.893,-0.667,3.663,4.298,4.625
314.209,-13.083,-2.684,-0.827,3.211,3.950,4.480
314.221,-23.714,-3.088,-1.140,2.679,3.442,4.210
314.233,-31.797,-3.050,-1.377,2.117,2.861,3.825
314.245,-39.264,-3.140,-1.544,1.496,2.218,3.355
314.257,-45.721,-4.396,-1.733,0.815,1.529,2.805
314.269,-48.031,-4.304,-2.010,0.217,0.893,2.201
314.281,-49.202,-5.735,-2.289,-0.451,0.265,1.580
314.293,-50.539,-7.544,-2.834,-1.170,-0.390,0.932
314.305,-46.831,-6.663,-3.354,-1.654,-0.919,0.301
314.317,-44.937,-7.863,-3.892,-2.221,-1.467,-0.300
314.329,-46.109,-6.801,-4.348,-2.748,-2.068,-0.887
314.341,-44.156,-7.052,-4.719,-3.266,-2.582,-1.460
314.352,-41.762,-6.514,-5.008,-3.702,-3.050,-2.002
314.364,-40.932,-5.996,-5.166,-4.167,-3.530,-2.515
314.376,-41.549,-5.641,-5.261,-4.678,-4.046,-3.029
314.388,-40.371,-5.194,-5.255,-5.124,-4.505,-3.521
314.400,-37.201,-5.702,-5.250,-5.515,-4.882,-3.984
314.412,-27.705,-5.070,-5.182,-5.604,-5.015,-4.363
314.424,-17.577,-5.008,-5.096,-5.582,-5.022,-4.620
314.436,-8.813,-4.376,-4.963,-5.477,-4.939,-4.756
314.448,1.532,-3.049,-4.714,-5.247,-4.718,-4.772
314.460,10.549,-2.750,-4.401,-4.976,-4.393,-4.662
314.472,17.591,-2.337,-4.111,-4.627,-4.048,-4.473
314.483,21.647,-1.287,-3.760,-4.323,-3.741,-4.233
314.494,26.586,0.253,-3.279,-3.848,-3.314,-3.909
314.505,28.199,0.977,-2.726,-3.477,-2.927,-3.555
314.516,32.268,-0.238,-2.319,-3.106,-2.461,-3.181
314.527,36.496,-2.052,-2.168,-2.727,-1.955,-2.773
314.538,44.278,-2.055,-2.132,-2.122,-1.350,-2.314
314.549,44.852,-0.915,-2.043,-1.648,-0.890,-1.826
314.560,43.944,-0.290,-1.891,-1.128,-0.380,-1.305
314.572,50.026,-1.352,-1.848,-0.488,0.310,-0.749
314.582,55.377,-3.041,-1.916,0.108,0.986,-0.210
314.593,56.040,-1.958,-1.958,0.713,1.552,0.359
314.603,57.430,-0.773,-1.854,1.380,2.175,0.957
314.614,56.762,-1.197,-1.762,1.930,2.749,1.548
314.624,53.468,-1.656,-1.736,2.381,3.223,2.109
314.635,47.438,-1.415,-1.703,2.743,3.571,2.618
314.645,40.287,-2.082,-1.711,2.955,3.802,3.045
314.656,34.688,-1.547,-1.712,3.177,4.003,3.405
314.666,30.506,-0.478,-1.601,3.424,4.201,3.723
314.677,24.336,-2.203,-1.604,3.503,4.312,3.980
314.687,16.260,-1.387,-1.624,3.505,4.255,4.149
314.698,9.508,-0.584,-1.521,3.435,4.162,4.247
314.708,4.252,-1.850,-1.502,3.284,4.092,4.295
314.719,-4.513,-0.388,-1.445,3.066,3.834,4.260
314.729,-11.735,0.705,-1.259,2.799,3.515,4.143
314.740,-18.321,-0.894,-1.145,2.382,3.161,3.958
314.750,-21.434,-2.581,-1.208,2.013,2.847,3.714
314.761,-23.081,-2.360,-1.344,1.720,2.545,3.446
314.771,-29.344,0.473,-1.238,1.354,2.089,3.150
314.782,-35.562,-1.402,-1.196,0.729,1.582,2.788
314.792,-39.594,-2.835,-1.335,0.083,1.054,2.358
314.803,-43.792,-0.855,-1.346,-0.450,0.474,1.894
314.813,-46.040,-0.797,-1.291,-1.004,-0.059,1.413
314.824,-48.373,-1.874,-1.326,-1.622,-0.599,0.911
314.834,-52.405,-1.630,-1.363,-2.247,-1.225,0.368
314.845,-53.190,-1.282,-1.369,-2.810,-1.804,-0.191
314.855,-51.615,-1.366,-1.371,-3.324,-2.310,-0.743
314.866,-44.365,-1.454,-1.376,-3.613,-2.610,-1.242
314.876,-38.695,-1.193,-1.363,-3.887,-2.895,-1.671
314.887,-32.568,-1.284,-1.341,-4.091,-3.078,-2.027
314.897,-26.530,-1.238,-1.334,-4.237,-3.224,-2.325
314.908,-20.764,-1.138,-1.310,-4.301,-3.291,-2.548
314.918,-18.802,-1.518,-1.307,-4.452,-3.407,-2.732
314.928,-17.476,-0.849,-1.291,-4.580,-3.552,-2.910
314.939,-12.680,-1.398,-1.268,-4.633,-3.587,-3.058
314.950,-9.261,-2.837,-1.373,-4.682,-3.574,-3.152
314.960,-11.022,-2.181,-1.490,-4.773,-3.714,-3.246
314.971,-6.385,-1.083,-1.466,-4.669,-3.676,-3.321
314.981,1.433,-1.789,-1.484,-4.485,-3.447,-3.315
314.992,2.892,-1.025,-1.461,-4.366,-3.356,-3.267
315.002,7.259,-1.921,-1.470,-4.223,-3.170,-3.197
315.013,13.486,-1.930,-1.530,-3.929,-2.875,-3.068
315.023,17.635,-0.988,-1.511,-3.574,-2.583,-2.882
315.034,20.290,-2.247,-1.531,-3.283,-2.288,-2.663
315.044,24.248,-1.490,-1.571,-2.916,-1.968,-2.424
315.055,30.240,1.072,-1.361,-2.394,-1.533,-2.116
315.066,36.899,0.279,-1.144,-1.867,-0.967,-1.728
315.076,41.862,-2.026,-1.164,-1.381,-0.402,-1.300
315.087,43.866,-0.804,-1.181,-0.821,0.093,-0.844
315.097,46.065,-0.699,-1.147,-0.274,0.620,-0.369
315.107,48.968,-2.096,-1.197,0.258,1.186,0.123
315.118,51.621,-1.387,-1.243,0.869,1.756,0.644
315.128,50.266,-0.626,-1.210,1.367,2.232,1.170
315.139,48.719,-1.605,-1.227,1.754,2.700,1.676
315.149,45.227,-1.658,-1.272,2.097,3.061,2.142
315.160,40.316,-1.344,-1.281,2.381,3.334,2.562
315.170,31.864,-1.230,-1.291,2.499,3.434,2.899
315.181,21.872,-0.775,-1.268,2.502,3.410,3.147
315.191,14.680,-1.936,-1.281,2.435,3.384,3.305
315.202,9.357,-1.971,-1.355,2.395,3.345,3.401
315.212,2.669,1.040,-1.233,2.348,3.207,3.441
315.223,-1.090,-1.385,-1.143,2.075,3.056,3.410
315.233,-1.369,-2.359,-1.234,1.950,3.002,3.362
315.245,-8.872,-0.664,-1.151,1.673,2.684,3.248
315.256,-17.949,0.418,-0.960,1.299,2.301,3.070
315.267,-26.161,1.185,-0.688,0.891,1.854,2.809
315.278,-27.057,1.489,-0.413,0.596,1.546,2.510
315.290,-30.079,1.590,-0.179,0.244,1.148,2.171
315.302,-32.121,0.785,-0.033,-0.178,0.745,1.799
315.313,-37.919,0.335,0.022,-0.753,0.177,1.368
315.325,-39.199,-0.045,0.036,-1.269,-0.323,0.899
315.337,-40.651,0.111,0.042,-1.769,-0.837,0.416
315.349,-40.481,0.413,0.108,-2.230,-1.310,-0.059
315.361,-36.867,0.461,0.140,-2.583,-1.672,-0.508
315.373,-36.027,3.014,0.373,-2.867,-2.072,-0.922
315.385,-38.569,3.477,0.723,-3.364,-2.540,-1.334
315.397,-35.622,4.057,1.009,-3.697,-2.854,-1.736
315.409,-29.205,2.726,1.188,-3.896,-3.026,-2.079
315.421,-26.180,1.509,1.237,-4.134,-3.219,-2.369
315.433,-23.798,-0.803,1.061,-4.483,-3.425,-2.638
315.444,-16.911,-1.030,0.796,-4.519,-3.464,-2.851
315.456,-10.511,-1.585,0.518,-4.579,-3.458,-2.994
315.468,0.681,-1.485,0.256,-4.397,-3.218,-3.024
315.480,3.861,-1.571,0.024,-4.318,-3.098,-2.977
315.492,7.699,-1.059,-0.151,-4.150,-2.922,-2.885
315.504,14.292,-0.945,-0.276,-3.840,-2.600,-2.725
315.516,17.214,-1.432,-0.431,-3.632,-2.325,-2.519
315.526,21.243,-1.679,-0.585,-3.344,-2.018,-2.312
315.538,23.399,-0.408,-0.634,-2.986,-1.688,-2.030
315.549,29.852,-0.458,-0.655,-2.495,-1.184,-1.686
315.561,31.017,-1.402,-0.728,-2.186,-0.788,-1.315
315.573,38.332,-3.224,-0.966,-1.723,-0.212,-0.908
315.585,39.815,-3.246,-1.228,-1.247,0.282,-0.449
315.597,37.377,-2.719,-1.425,-0.870,0.667,-0.005
315.609,41.672,-1.282,-1.463,-0.255,1.223,0.455
315.619,39.333,-1.011,-1.432,0.116,1.550,0.853
315.630,38.222,-1.616,-1.418,0.501,1.914,1.248
315.640,37.786,-1.615,-1.447,0.936,2.307,1.643
315.651,35.401,0.184,-1.344,1.321,2.596,2.012
315.661,33.512,-3.002,-1.372,1.509,2.904,2.357
315.672,31.883,-0.789,-1.425,1.853,3.179,2.678
315.682,27.289,-0.863,-1.336,1.966,3.342,2.965
315.693,22.042,-1.854,-1.371,1.974,3.429,3.190
315.703,17.591,-1.964,-1.409,2.032,3.475,3.359
315.713,15.407,-0.915,-1.417,2.226,3.541,3.496
315.724,13.267,-1.191,-1.366,2.301,3.600,3.617
315.734,10.385,-2.449,-1.444,2.263,3.630,3.710
315.745,4.899,-0.816,-1.450,2.199,3.529,3.754
315.756,-2.435,-0.998,-1.374,1.956,3.305,3.729
315.766,-7.069,-1.257,-1.366,1.753,3.102,3.644
315.776,-9.020,-1.262,-1.340,1.592,2.930,3.527
315.787,-10.667,-1.388,-1.368,1.406,2.746,3.392
315.798,-16.381,-0.172,-1.263,1.113,2.400,3.189
315.809,-21.553,-0.264,-1.141,0.757,2.054,2.969
315.819,-26.816,-1.395,-1.116,0.316,1.645,2.690
315.830,-28.444,-1.283,-1.137,0.011,1.312,2.384
315.840,-27.492,-1.013,-1.135,-0.204,1.039,2.078
315.851,-29.160,-1.865,-1.180,-0.551,0.680,1.759
315.861,-30.656,-2.138,-1.269,-0.870,0.316,1.425
315.872,-32.218,-0.609,-1.273,-1.120,-0.096,1.068
315.882,-36.775,-1.365,-1.245,-1.583,-0.593,0.688
315.893,-35.213,-2.710,-1.350,-1.944,-0.938,0.295
315.903,-35.085,-1.147,-1.393,-2.237,-1.305,-0.082
315.914,-33.751,0.064,-1.265,-2.508,-1.623,-0.439
315.924,-31.472,-0.369,-1.145,-2.783,-1.878,-0.774
315.935,-27.528,-2.839,-1.241,-3.107,-2.104,-1.097
315.945,-20.679,0.074,-1.206,-3.112,-2.200,-1.346
315.956,-13.551,-0.842,-1.110,-3.128,-2.157,-1.502
315.966,-6.001,-2.138,-1.196,-3.065,-2.011,-1.585
315.977,-0.616,-0.285,-1.173,-2.848,-1.876,-1.603
315.987,4.052,-1.066,-1.133,-2.737,-1.725,-1.575
315.997,12.322,-2.532,-1.242,-2.483,-1.412,-1.482
316.008,16.886,-1.669,-1.336,-2.181,-1.133,-1.322
316.019,19.433,-2.192,-1.394,-1.939,-0.856,-1.126
316.029,22.388,-2.828,-1.538,-1.701,-0.567,-0.913
316.040,19.270,-1.280,-1.572,-1.544,-0.428,-0.697
316.050,19.185,-2.968,-1.652,-1.467,-0.236,-0.504
316.061,21.704,-2.233,-1.757,-1.205,0.024,-0.303
316.071,28.226,-3.271,-1.861,-0.831,0.445,-0.053
316.082,29.541,-3.617,-2.060,-0.482,0.797,0.241
316.092,27.192,-2.175,-2.114,-0.201,0.997,0.511
316.102,24.803,-3.684,-2.236,-0.105,1.160,0.746
316.113,20.579,-2.820,-2.363,0.046,1.269,0.959
316.123,14.554,-3.040,-2.399,0.042,1.253,1.109
316.134,13.551,-3.717,-2.549,0.119,1.326,1.216
316.144,8.824,-1.940,-2.563,0.157,1.292,1.308
316.155,5.782,-1.872,-2.458,0.095,1.247,1.356
316.165,4.988,-3.115,-2.500,0.061,1.274,1.392
316.176,3.061,-3.804,-2.615,-0.029,1.229,1.397
316.186,2.127,-2.602,-2.669,-0.015,1.177,1.386
316.197,-3.178,-1.638,-2.587,-0.128,1.017,1.359
316.207,-8.521,-1.340,-2.468,-0.320,0.785,1.272
316.218,-11.628,-2.303,-2.427,-0.542,0.582,1.144
316.228,-14.538,-3.680,-2.511,-0.796,0.356,0.975
316.239,-17.772,-3.658,-2.617,-1.047,0.067,0.774
316.249,-20.719,-1.140,-2.543,-1.230,-0.228,0.552
316.260,-20.303,-0.318,-2.332,-1.368,-0.417,0.338
316.270,-22.176,-3.901,-2.380,-1.685,-0.649,0.107
316.280,-21.578,-4.796,-2.604,-1.942,-0.898,-0.155
316.291,-17.406,-1.829,-2.597,-1.964,-1.038,-0.382
316.301,-12.969,-1.511,-2.513,-1.980,-1.084,-0.546
316.312,-8.166,-2.329,-2.490,-1.973,-1.055,-0.659
316.322,-3.853,-3.597,-2.549,-1.915,-0.991,-0.730
316.333,1.189,-3.245,-2.618,-1.786,-0.904,-0.765
316.343,7.971,-2.529,-2.618,-1.525,-0.695,-0.726
316.354,11.272,-2.418,-2.625,-1.330,-0.515,-0.634
316.364,12.564,-2.455,-2.619,-1.156,-0.347,-0.513
316.375,11.192,-3.118,-2.668,-1.121,-0.281,-0.411
316.385,17.305,-4.048,-2.757,-0.827,0.017,-0.280
316.396,22.061,-4.113,-2.877,-0.515,0.337,-0.095
316.406,25.027,-1.233,-2.808,-0.120,0.626,0.136
316.417,21.331,0.010,-2.571,0.077,0.774,0.380
316.427,18.581,-2.049,-2.438,0.080,0.879,0.568
316.438,16.832,-3.327,-2.488,0.134,0.990,0.729
316.448,16.037,-3.549,-2.606,0.220,1.064,0.852
316.459,16.692,-2.879,-2.659,0.422,1.227,0.996
316.469,17.831,-2.496,-2.670,0.624,1.406,1.149
316.479,18.731,-2.197,-2.644,0.848,1.610,1.325
316.490,13.932,-3.348,-2.693,0.850,1.661,1.470
316.500,10.533,-5.153,-2.866,0.792,1.660,1.554
316.511,7.727,-4.313,-3.057,0.809,1.652,1.604
316.521,6.372,-1.839,-3.017,0.892,1.633,1.636
316.532,0.366,-0.340,-2.817,0.840,1.494,1.648
316.542,-2.412,-1.061,-2.604,0.727,1.389,1.612
316.553,-6.671,-1.893,-2.511,0.497,1.191,1.532
316.563,-8.964,-1.593,-2.422,0.340,1.014,1.423
316.574,-12.702,-2.304,-2.357,0.069,0.770,1.280
316.584,-16.985,-2.708,-2.340,-0.245,0.466,1.092
316.594,-20.702,-3.237,-2.362,-0.593,0.111,0.856
316.605,-22.730,-2.896,-2.395,-0.866,-0.178,0.605
316.615,-22.630,-2.521,-2.406,-1.078,-0.415,0.350
316.626,-20.286,-2.873,-2.476,-1.246,-0.583,0.109
316.636,-18.622,-2.735,-2.555,-1.417,-0.779,-0.120
316.647,-18.742,-2.169,-2.553,-1.600,-1.002,-0.336
316.657,-16.255,-0.805,-2.382,-1.698,-1.193,-0.547
316.668,-13.395,-1.521,-2.163,-1.824,-1.309,-0.714
316.678,-9.826,-3.121,-2.175,-1.873,-1.290,-0.829
316.689,-10.934,-2.985,-2.326,-1.965,-1.401,-0.946
316.699,-13.366,-2.170,-2.413,-2.134,-1.598,-1.090
316.710,-9.145,-1.631,-2.335,-2.186,-1.677,-1.229
316.720,-3.868,-2.719,-2.258,-2.179,-1.621,-1.304
316.730,-2.409,-2.526,-2.301,-2.125,-1.584,-1.335
316.741,0.020,-1.633,-2.270,-2.056,-1.540,-1.356
316.752,3.198,-1.678,-2.175,-1.987,-1.470,-1.348
316.762,8.081,-2.065,-2.131,-1.836,-1.296,-1.297
316.772,8.780,-2.578,-2.180,-1.745,-1.191,-1.217
316.783,6.129,-1.767,-2.146,-1.718,-1.212,-1.153
316.793,9.185,-3.112,-2.167,-1.623,-1.055,-1.081
316.804,11.996,-3.710,-2.391,-1.459,-0.878,-0.987
316.814,12.006,-2.209,-2.462,-1.261,-0.751,-0.871
316.825,14.816,-1.870,-2.336,-1.073,-0.595,-0.752
316.835,13.497,-1.803,-2.258,-0.976,-0.513,-0.618
316.846,13.211,-2.707,-2.344,-0.822,-0.339,-0.484
316.856,12.629,-3.385,-2.472,-0.728,-0.222,-0.365
316.867,12.064,-3.156,-2.523,-0.638,-0.141,-0.261
316.877,11.931,-2.539,-2.525,-0.545,-0.076,-0.167
316.887,10.141,-3.104,-2.577,-0.508,-0.016,-0.072
316.898,9.172,-2.978,-2.654,-0.466,0.012,-0.005
316.908,6.250,-3.239,-2.691,-0.509,-0.027,0.041
316.918,7.767,-3.576,-2.733,-0.446,0.021,0.071
316.929,9.623,-3.549,-2.804,-0.297,0.153,0.139
316.939,7.557,-3.004,-2.877,-0.191,0.222,0.217
316.950,3.449,-1.907,-2.848,-0.191,0.158,0.251
316.960,0.638,-1.947,-2.762,-0.261,0.080,0.249
316.971,-1.598,-2.121,-2.658,-0.363,-0.018,0.223
316.981,-3.679,-1.974,-2.537,-0.517,-0.181,0.157
316.992,-4.292,-1.597,-2.410,-0.601,-0.275,0.094
317.002,-8.223,-1.511,-2.305,-0.763,-0.452,0.008
317.013,-13.248,-1.818,-2.254,-1.005,-0.694,-0.122
317.023,-15.865,-2.037,-2.253,-1.202,-0.887,-0.285
317.033,-18.436,-1.901,-2.262,-1.419,-1.121,-0.478
317.044,-20.588,-0.970,-2.205,-1.584,-1.350,-0.684
317.054,-22.165,-0.382,-2.068,-1.801,-1.622,-0.915
317.065,-22.742,-0.609,-1.918,-2.013,-1.855,-1.145
317.076,-22.958,-0.742,-1.782,-2.280,-2.123,-1.393
317.086,-17.938,-0.996,-1.685,-2.376,-2.204,-1.599
317.096,-16.364,-0.881,-1.603,-2.510,-2.351,-1.782
317.107,-15.283,-0.806,-1.519,-2.641,-2.492,-1.943
317.117,-14.421,-1.352,-1.474,-2.801,-2.627,-2.097
317.128,-10.364,-1.805,-1.480,-2.874,-2.681,-2.235
317.138,-8.604,-1.314,-1.469,-2.854,-2.703,-2.320
317.148,-7.723,0.035,-1.367,-2.812,-2.746,-2.391
317.159,-2.444,0.973,-1.168,-2.669,-2.648,-2.424
317.169,-2.036,0.437,-0.989,-2.657,-2.621,-2.421
317.180,2.405,-0.007,-0.890,-2.551,-2.500,-2.409
317.190,9.333,-1.449,-0.905,-2.336,-2.218,-2.327
317.201,10.440,-1.363,-0.964,-2.186,-2.076,-2.220
317.211,12.367,-1.345,-1.022,-2.023,-1.920,-2.100
317.222,15.914,-2.663,-1.149,-1.795,-1.636,-1.938
317.232,17.864,-4.016,-1.398,-1.616,-1.398,-1.769
317.243,19.865,-3.802,-1.667,-1.378,-1.151,-1.585
317.253,23.575,-2.920,-1.840,-1.027,-0.836,-1.373
317.264,85.500,-5.178,-2.345,0.985,1.188,-0.851
317.274,138.867,-4.842,-2.713,3.744,3.957,0.431
317.285,40.100,-8.155,-3.635,1.553,1.850,1.133
317.295,41.699,-11.271,-4.654,1.748,2.110,1.429
317.306,50.771,-11.278,-5.562,2.325,2.711,1.819
317.316,52.444,-11.047,-6.312,2.822,3.171,2.258
317.326,47.038,-10.075,-6.805,3.191,3.414,2.660
317.338,38.702,-9.952,-7.257,3.390,3.612,3.049
317.350,26.427,-9.676,-7.608,3.432,3.578,3.303
317.362,14.836,-9.371,-7.857,3.317,3.404,3.414
317.374,4.770,-9.287,-8.019,3.209,3.134,3.393
317.384,-0.276,-8.833,-8.144,3.091,2.927,3.289
317.395,-2.675,-8.998,-8.253,2.804,2.726,3.131
317.407,-3.644,-8.875,-8.334,2.880,2.532,2.957
317.418,-3.270,-8.848,-8.381,2.802,2.372,2.785
317.429,-3.135,-8.829,-8.414,2.766,2.184,2.609
317.440,-3.446,-8.926,-8.449,2.669,2.009,2.438
317.452,-90.783,-2.623,-7.813,0.686,-0.015,1.913
317.463,-99.689,-4.451,-7.372,-0.912,-1.740,0.567
317.474,24.142,-5.448,-7.416,0.896,0.119,0.090
317.485,-35.289,-12.796,-8.098,-0.414,-1.084,-0.077
317.497,-12.916,-13.368,-9.215,-0.786,-1.409,-0.617
317.508,26.973,-15.614,-10.593,-0.007,-0.707,-0.679
317.520,49.823,-16.653,-11.659,0.844,0.021,-0.397
317.531,37.651,-13.691,-12.389,1.093,0.247,-0.005
317.543,-33.563,-11.986,-12.667,-0.201,-1.312,-0.194
317.554,-31.887,-12.342,-12.791,-0.987,-2.098,-0.881
317.566,-27.457,-10.399,-12.407,-1.135,-2.357,-1.290
317.577,-20.232,-11.230,-12.123,-1.354,-2.619,-1.690
317.589,3.862,-11.444,-11.905,-1.047,-2.347,-1.882
317.600,-6.317,-10.330,-11.695,-1.122,-2.548,-1.961
317.612,-0.645,-7.671,-11.253,-1.154,-2.670,-2.137
317.623,1.970,-6.075,-10.442,-1.046,-2.714,-2.214
317.633,2.887,-6.433,-9.914,-1.040,-2.704,-2.239
317.645,-4.517,-3.981,-9.279,-1.151,-2.907,-2.315
317.656,-1.506,-5.542,-8.671,-1.140,-2.926,-2.400
317.667,0.422,-4.672,-8.178,-1.144,-2.927,-2.445
317.678,-0.353,-3.373,-7.481,-1.154,-2.967,-2.475
317.690,0.354,-3.237,-6.857,-1.173,-2.997,-2.507
317.701,-1.795,-2.103,-6.205,-1.195,-3.059,-2.535
317.712,-0.518,-2.028,-5.559,-1.202,-3.061,-2.561
317.723,0.256,-1.500,-4.975,-1.175,-3.049,-2.570
317.734,0.100,-1.132,-4.380,-1.173,-3.057,-2.574
317.745,0.975,-0.968,-3.856,-1.152,-3.036,-2.571
317.756,0.129,-0.621,-3.352,-1.136,-3.028,-2.557
317.767,1.202,-0.474,-2.899,-1.099,-2.989,-2.546
317.778,1.780,-0.200,-2.474,-1.067,-2.962,-2.526
317.789,1.420,-0.093,-2.090,-1.058,-2.950,-2.504
317.800,0.342,0.057,-1.744,-1.063,-2.954,-2.488
317.811,1.094,0.150,-1.436,-1.042,-2.928,-2.475
317.821,0.123,0.238,-1.162,-1.039,-2.920,-2.458
317.832,0.035,0.297,-0.923,-1.022,-2.897,-2.444
317.843,0.192,0.359,-0.713,-1.003,-2.872,-2.431
317.854,-0.449,0.390,-0.531,-1.019,-2.881,-2.425
317.865,-1.455,0.431,-0.371,-1.058,-2.912,-2.429
317.876,-0.584,0.453,-0.233,-1.041,-2.887,-2.426
317.887,-0.337,0.475,-0.116,-1.024,-2.862,-2.417
317.898,-0.506,0.478,-0.016,-1.023,-2.853,-2.410
317.909,-1.092,0.500,0.067,-1.029,-2.851,-2.405
317.920,-0.195,0.514,0.142,-1.009,-2.822,-2.403
317.931,-0.734,0.529,0.206,-1.003,-2.808,-2.394
317.942,-1.397,0.528,0.260,-1.022,-2.819,-2.395
317.953,-1.085,0.540,0.306,-1.019,-2.808,-2.396
317.964,0.336,0.533,0.344,-0.991,-2.770,-2.390
317.975,0.064,0.537,0.376,-0.992,-2.763,-2.377
317.986,-0.827,0.537,0.402,-0.998,-2.760,-2.366
317.997,-0.718,0.538,0.424,-0.986,-2.740,-2.357
318.008,-0.004,0.540,0.443,-0.972,-2.718,-2.349
318.018,0.268,0.555,0.460,-0.958,-2.695,-2.334
318.029,0.857,0.547,0.475,-0.932,-2.661,-2.315
318.040,-0.090,0.548,0.487,-0.949,-2.669,-2.300
318.051,-0.873,0.556,0.499,-0.961,-2.674,-2.294
318.062,-0.515,0.563,0.510,-0.956,-2.661,-2.289
318.073,-0.150,0.548,0.518,-0.939,-2.635,-2.277
318.084,1.060,0.554,0.524,-0.906,-2.594,-2.261
318.