R
Px,Ix,Dx,Py,Iy,Dy,Pz,Iz,FFrx,FFry,FFdrx,FFdry,satI,satPID,DTermC,GparamC,AparamC,KFQAng,KFQbias,KFRmeas,CPx,CIx,CPy,CIy,CsatI,CsatPID,CFFdrx,CFFdry
175,25,1900,200,25,2100,500,150,0,0,0,0,7,75,10,10.0,32.0,0.000100,0.003000,20,70,10,70,10,50,500,0,0
sysTime,GRawX,GPT1X,aRawR,aPT1R,aKFRawR,aKFPT10R,aKFPT11R
61.533,-0.842,-0.414,-0.290,-0.035,-0.038,-0.038,-0.029
61.544,-2.307,-0.713,-0.208,-0.033,-0.042,-0.042,-0.033
61.556,-1.697,-1.353,-0.247,-0.046,-0.075,-0.075,-0.048
61.567,-4.016,-1.531,0.127,-0.027,-0.092,-0.092,-0.063
61.578,-3.406,-1.084,-0.122,-0.028,-0.097,-0.097,-0.076
61.589,0.988,-1.220,0.002,-0.018,-0.114,-0.114,-0.090
61.601,-1.697,-1.100,0.002,-0.015,-0.112,-0.113,-0.100
61.612,-3.406,-0.376,0.170,-0.013,-0.114,-0.114,-0.109
61.623,-1.819,0.465,0.002,-0.024,-0.081,-0.082,-0.102
61.634,0.255,-0.118,0.044,-0.030,-0.089,-0.089,-0.100
61.645,10.754,1.306,-0.039,-0.024,-0.037,-0.037,-0.088
61.657,4.406,1.218,0.085,-0.014,-0.026,-0.026,-0.074
61.668,0.377,1.502,-0.039,-0.019,-0.017,-0.017,-0.062
61.679,-0.232,0.391,-0.165,-0.040,-0.044,-0.043,-0.057
61.690,-6.580,-0.330,-0.246,-0.061,-0.074,-0.072,-0.058
61.702,4.406,-0.369,-0.373,-0.053,-0.083,-0.082,-0.066
61.713,-1.209,-0.492,-0.123,-0.046,-0.095,-0.094,-0.070
61.724,-4.260,-0.622,-0.039,-0.043,-0.101,-0.101,-0.074
61.735,-3.162,-0.332,0.210,-0.029,-0.104,-0.104,-0.080
61.746,5.993,0.608,0.044,-0.024,-0.086,-0.087,-0.078
61.758,-2.063,0.579,0.044,-0.040,-0.089,-0.089,-0.074
61.769,-0.232,1.133,-0.081,-0.041,-0.077,-0.077,-0.067
61.780,-1.209,0.812,0.212,-0.038,-0.070,-0.069,-0.056
61.792,-1.941,0.881,0.127,-0.034,-0.051,-0.051,-0.043
61.803,-0.232,0.903,-0.039,-0.039,-0.032,-0.032,-0.031
61.814,-3.406,0.351,-0.206,-0.039,-0.025,-0.024,-0.020
61.825,-4.749,-0.427,0.086,-0.024,-0.037,-0.037,-0.018
61.836,-7.434,-1.249,-0.165,-0.043,-0.072,-0.072,-0.029
61.848,-4.016,-0.745,-0.248,-0.050,-0.073,-0.072,-0.039
61.859,0.011,-0.768,0.169,-0.029,-0.075,-0.075,-0.046
61.870,4.772,0.621,-0.165,-0.044,-0.057,-0.057,-0.049
61.881,3.429,-0.156,0.002,-0.045,-0.075,-0.075,-0.051
61.893,-5.603,-0.609,0.002,-0.035,-0.081,-0.081,-0.053
61.904,-0.720,-0.935,0.044,-0.033,-0.100,-0.100,-0.063
61.915,2.575,0.287,-0.164,-0.047,-0.084,-0.083,-0.067
61.926,-0.720,0.088,0.086,-0.036,-0.073,-0.073,-0.062
61.938,-3.772,0.589,0.002,-0.037,-0.059,-0.059,-0.056
61.949,-4.016,-0.516,-0.123,-0.030,-0.082,-0.082,-0.056
61.960,1.110,0.370,0.002,-0.031,-0.054,-0.054,-0.053
61.971,0.500,0.104,-0.123,-0.050,-0.058,-0.057,-0.051
61.982,-4.382,-1.303,-0.163,-0.049,-0.086,-0.085,-0.056
61.994,-3.040,-1.670,0.044,-0.040,-0.109,-0.108,-0.072
62.005,-0.110,-1.078,-0.291,-0.049,-0.123,-0.122,-0.090
62.016,-4.138,-0.160,0.002,-0.054,-0.108,-0.107,-0.093
62.027,1.476,-0.184,-0.081,-0.055,-0.107,-0.106,-0.095
62.039,2.331,-0.507,-0.080,-0.064,-0.124,-0.123,-0.101
62.050,7.458,0.572,0.044,-0.052,-0.106,-0.105,-0.103
62.061,8.434,0.919,0.044,-0.042,-0.092,-0.091,-0.097
62.072,2.209,0.766,0.086,-0.031,-0.095,-0.095,-0.090
62.083,1.720,0.523,-0.039,-0.034,-0.085,-0.085,-0.082
62.095,-4.871,-0.809,0.002,-0.027,-0.111,-0.112,-0.082
62.106,-0.110,-0.162,0.086,-0.021,-0.097,-0.097,-0.085
62.117,0.622,-0.368,0.044,-0.011,-0.102,-0.103,-0.086
62.128,-2.063,0.894,0.170,0.008,-0.089,-0.091,-0.086
62.140,1.720,0.737,-0.080,-0.011,-0.083,-0.084,-0.076
62.151,0.988,1.018,0.128,-0.024,-0.058,-0.058,-0.064
62.162,-3.650,1.109,0.253,-0.027,-0.053,-0.053,-0.053
62.173,3.307,0.734,-0.246,-0.014,-0.051,-0.052,-0.044
62.184,0.866,1.278,-0.039,-0.019,-0.026,-0.027,-0.030
62.196,-2.429,-0.059,-0.165,-0.013,-0.049,-0.050,-0.023
62.207,-1.575,-0.469,0.128,-0.008,-0.059,-0.060,-0.025
62.218,-3.284,0.314,0.044,-0.019,-0.041,-0.041,-0.022
62.229,-4.016,-0.019,0.002,-0.033,-0.046,-0.046,-0.020
62.241,1.598,-0.808,-0.291,-0.033,-0.071,-0.071,-0.027
62.252,-1.086,-1.276,0.002,-0.039,-0.098,-0.098,-0.041
62.263,2.453,-0.946,-0.122,-0.043,-0.106,-0.105,-0.054
62.274,0.988,-0.059,0.044,-0.015,-0.094,-0.095,-0.058
62.285,4.650,0.300,0.169,-0.010,-0.077,-0.078,-0.057
62.295,-2.918,0.306,-0.164,-0.017,-0.067,-0.068,-0.052
62.305,-9.265,-0.958,-0.247,-0.030,-0.102,-0.102,-0.054
62.316,5.260,-0.399,0.044,-0.034,-0.089,-0.089,-0.061
62.326,-2.063,0.240,0.002,-0.026,-0.066,-0.066,-0.059
62.336,-3.894,-0.527,0.044,-0.016,-0.086,-0.086,-0.059
62.347,0.988,-0.341,0.044,-0.018,-0.083,-0.084,-0.063
62.357,5.260,0.882,-0.122,-0.032,-0.042,-0.042,-0.058
62.367,-7.923,-0.643,-0.206,-0.037,-0.078,-0.078,-0.057
62.378,-2.063,-0.948,-0.207,-0.049,-0.093,-0.092,-0.065
62.388,-0.842,-0.837,0.128,-0.043,-0.092,-0.091,-0.072
62.398,-4.138,-0.605,-0.039,-0.035,-0.097,-0.097,-0.079
62.408,0.622,-1.225,0.128,-0.032,-0.140,-0.140,-0.094
62.419,5.627,-0.274,-2.872,-0.094,-0.140,-0.138,-0.104
62.429,7.702,0.227,0.085,-0.015,-0.140,-0.141,-0.109
62.439,2.697,0.146,0.340,0.097,-0.136,-0.142,-0.107
62.450,-4.993,-0.553,2.424,0.065,-0.149,-0.154,-0.106
62.460,-1.453,-0.438,1.919,0.080,-0.152,-0.157,-0.111
62.470,8.923,0.053,1.035,0.088,-0.145,-0.150,-0.116
62.480,-16.956,-1.683,-2.460,0.141,-0.174,-0.182,-0.117
62.491,-2.795,-0.669,-4.332,0.127,-0.157,-0.164,-0.126
62.501,-3.284,-0.549,1.834,-0.071,-0.189,-0.187,-0.136
62.511,5.749,-0.081,-6.225,-0.260,-0.207,-0.197,-0.144
62.522,0.622,-0.611,0.686,-0.458,-0.248,-0.226,-0.151
62.532,7.580,-0.627,0.780,-0.300,-0.264,-0.250,-0.162
62.542,-1.697,0.934,6.365,-0.073,-0.220,-0.216,-0.160
62.553,-5.237,0.768,10.500,0.096,-0.192,-0.193,-0.145
62.563,-5.847,-0.032,1.023,-0.001,-0.191,-0.187,-0.135
62.573,1.232,-1.014,-2.930,0.011,-0.222,-0.218,-0.141
62.583,0.133,-0.546,-3.117,0.124,-0.216,-0.217,-0.148
62.594,1.842,-0.478,11.783,0.051,-0.217,-0.215,-0.153
62.604,5.993,-0.601,3.122,0.200,-0.235,-0.240,-0.162
62.614,5.382,-0.403,-8.534,0.038,-0.246,-0.243,-0.167
62.625,-7.190,-0.880,1.479,-0.041,-0.254,-0.248,-0.169
62.635,-2.063,-0.204,-7.072,0.074,-0.228,-0.228,-0.170
62.645,-6.946,0.396,6.875,0.388,-0.173,-0.187,-0.159
62.656,3.796,1.374,2.702,0.549,-0.142,-0.164,-0.149
62.666,2.697,1.234,5.393,0.504,-0.140,-0.161,-0.135
62.676,5.627,0.540,-1.670,0.085,-0.184,-0.186,-0.130
62.686,5.505,1.354,1.669,-0.338,-0.176,-0.161,-0.123
62.697,5.627,0.916,6.689,-0.389,-0.155,-0.140,-0.111
62.707,3.429,0.423,11.076,-0.223,-0.158,-0.153,-0.109
62.717,3.063,-0.445,15.922,-0.201,-0.182,-0.180,-0.115
62.728,-3.284,-0.522,20.765,0.145,-0.185,-0.201,-0.124
62.738,0.133,0.327,17.868,0.135,-0.176,-0.194,-0.127
62.748,-5.847,-1.017,21.190,-0.001,-0.229,-0.244,-0.136
62.759,-0.354,-1.605,17.074,-0.131,-0.273,-0.287,-0.154
62.769,8.068,-0.839,13.760,-0.366,-0.277,-0.282,-0.171
62.779,-3.284,-1.001,19.150,-0.612,-0.310,-0.304,-0.186
62.790,6.847,-0.366,11.200,-0.630,-0.305,-0.300,-0.197
62.800,1.110,0.919,16.347,-0.795,-0.265,-0.256,-0.197
62.810,0.744,0.768,20.177,-0.682,-0.239,-0.239,-0.191
62.821,8.923,2.036,12.871,-0.553,-0.185,-0.194,-0.181
62.831,-0.842,2.048,16.254,-0.615,-0.147,-0.157,-0.160
62.841,-0.964,0.785,9.761,-0.650,-0.167,-0.178,-0.150
62.851,0.622,0.006,3.281,-0.667,-0.187,-0.198,-0.150
62.862,-9.754,1.294,0.382,-0.509,-0.142,-0.161,-0.141
62.872,-5.481,0.516,-4.287,-0.462,-0.145,-0.166,-0.132
62.882,-5.359,0.198,-1.270,-0.227,-0.138,-0.171,-0.129
62.893,5.505,0.242,-5.281,-0.264,-0.149,-0.181,-0.131
62.903,6.847,1.324,-3.410,-0.421,-0.128,-0.153,-0.124
62.913,15.515,1.663,-2.573,-0.396,-0.122,-0.147,-0.117
62.924,-4.138,1.750,9.211,-0.320,-0.099,-0.128,-0.100
62.934,6.969,1.214,1.664,-0.378,-0.100,-0.126,-0.089
62.944,6.969,0.281,-6.648,-0.413,-0.134,-0.160,-0.090
62.954,-1.575,1.404,1.768,-0.116,-0.099,-0.137,-0.083
62.965,9.167,2.528,-4.036,-0.148,-0.046,-0.083,-0.063
62.975,-10.120,0.267,-5.127,-0.300,-0.117,-0.148,-0.054
62.985,7.336,1.862,2.551,-0.306,-0.053,-0.086,-0.042
62.996,7.702,2.149,0.843,-0.367,-0.043,-0.079,-0.030
63.006,-11.341,-1.205,-1.183,-0.203,-0.102,-0.155,-0.025
63.016,-3.040,-0.049,-0.586,-0.241,-0.044,-0.104,-0.025
63.027,-6.702,-1.031,1.290,-0.240,-0.070,-0.133,-0.031
63.037,5.993,-1.194,10.449,-0.156,-0.057,-0.147,-0.046
63.047,-9.754,-0.885,-0.122,-0.014,-0.020,-0.131,-0.050
63.058,4.894,-1.982,-15.984,-0.130,-0.064,-0.171,-0.068
63.068,-25.501,-3.843,29.877,0.508,-0.095,-0.237,-0.091
63.078,-10.608,-6.000,-33.238,-0.406,-0.227,-0.321,-0.137
63.089,25.769,0.826,23.220,-0.036,-0.071,-0.184,-0.164
63.099,6.481,3.781,3.020,-0.140,0.038,-0.081,-0.137
63.109,4.162,2.691,-23.881,-1.042,0.006,-0.068,-0.106
63.119,-11.097,3.207,19.368,-0.554,0.062,-0.031,-0.077
63.129,18.322,8.130,-17.261,-0.575,0.248,0.174,-0.013
63.140,18.322,12.248,-14.141,-0.586,0.440,0.367,0.088
63.150,23.327,14.963,17.422,-0.030,0.656,0.561,0.223
63.160,33.582,19.265,-13.327,-0.721,0.939,0.865,0.402
63.171,7.702,19.964,11.964,-0.303,1.185,1.090,0.606
63.181,-0.476,15.894,-8.605,-1.060,1.235,1.165,0.782
63.192,15.270,12.889,-22.332,-1.408,1.282,1.233,0.919
63.202,-11.829,7.943,22.503,0.618,1.309,1.213,1.022
63.213,-1.453,5.873,9.936,0.324,1.285,1.209,1.083
63.223,10.388,8.784,-2.501,-0.045,1.425,1.359,1.155
63.233,17.102,7.487,-15.213,-0.927,1.429,1.387,1.222
63.244,15.026,7.743,-7.971,-0.877,1.482,1.423,1.277
63.254,1.842,7.944,40.521,1.217,1.642,1.486,1.351
63.264,9.777,9.393,7.586,0.279,1.738,1.608,1.435
63.275,23.449,13.376,-24.148,-0.591,1.961,1.852,1.552
63.285,34.192,15.553,12.508,0.414,2.179,2.037,1.688
63.296,16.369,15.822,15.737,1.078,2.377,2.200,1.846
63.306,23.694,15.696,-36.510,-0.255,2.500,2.353,1.997
63.317,43.348,16.254,-34.006,-0.583,2.649,2.506,2.142
63.327,14.904,16.213,25.816,0.476,2.791,2.622,2.292
63.338,-2.307,11.460,33.002,0.946,2.816,2.621,2.420
63.348,-1.819,8.094,-2.872,0.242,2.775,2.619,2.505
63.358,-17.689,2.016,-18.353,-0.327,2.611,2.493,2.537
63.369,-22.816,-4.356,8.120,0.144,2.391,2.264,2.496
63.379,-36.732,-9.746,-3.105,-0.149,2.145,2.030,2.402
63.390,-30.140,-15.379,-18.407,-1.302,1.831,1.750,2.249
63.400,-19.642,-17.744,-11.598,-1.868,1.562,1.498,2.048
63.410,-36.610,-22.943,5.588,-1.225,1.238,1.134,1.813
63.421,-42.225,-28.665,12.572,-0.836,0.792,0.674,1.516
63.431,-33.070,-29.558,-1.450,-0.949,0.451,0.332,1.195
63.442,-29.774,-30.228,-18.906,-1.363,0.130,0.011,0.873
63.452,-34.535,-33.245,11.539,-0.537,-0.233,-0.412,0.528
63.462,-35.511,-34.632,37.352,1.591,-0.557,-0.808,0.178
63.472,-51.991,-36.091,5.162,0.986,-0.959,-1.185,-0.168
63.482,-16.224,-31.399,-39.531,-0.385,-1.176,-1.379,-0.506
63.493,-2.307,-25.912,-37.523,-1.565,-1.377,-1.521,-0.799
63.503,-7.801,-24.911,-21.838,-0.733,-1.605,-1.782,-1.075
63.514,-18.543,-24.654,55.162,1.094,-1.826,-2.054,-1.335
63.525,-30.750,-25.658,55.602,4.718,-2.007,-2.349,-1.580
63.535,-29.896,-24.756,47.505,5.757,-2.189,-2.555,-1.807
63.546,-32.948,-21.544,-3.145,4.210,-2.361,-2.661,-2.006
63.557,-8.411,-18.222,-40.850,0.981,-2.582,-2.758,-2.193
63.567,-10.120,-14.588,-42.120,-1.447,-2.681,-2.784,-2.348
63.578,2.819,-11.897,-30.865,-1.905,-2.703,-2.828,-2.481
63.589,7.214,-8.541,-23.598,-2.256,-2.719,-2.844,-2.587
63.600,20.398,-4.277,1.004,-1.543,-2.628,-2.800,-2.651
63.610,3.551,-1.796,40.917,0.606,-2.500,-2.763,-2.667
63.621,0.988,0.702,39.695,2.712,-2.348,-2.689,-2.642
63.632,10.021,1.873,41.138,3.229,-2.281,-2.656,-2.606
63.642,2.819,7.009,16.159,1.707,-2.098,-2.420,-2.518
63.653,8.068,10.841,0.278,0.203,-1.944,-2.192,-2.398
63.664,38.831,16.278,-41.836,-1.190,-1.682,-1.890,-2.245
63.674,30.896,21.519,-48.490,-1.667,-1.314,-1.513,-2.025
63.685,39.685,24.784,-35.535,-2.073,-0.974,-1.175,-1.772
63.696,36.756,27.798,14.108,-1.077,-0.558,-0.820,-1.489
63.706,22.717,27.170,47.876,-0.251,-0.213,-0.549,-1.197
63.717,23.327,27.565,13.722,-0.311,0.126,-0.250,-0.908
63.727,36.145,28.476,-12.535,-1.161,0.417,0.066,-0.619
63.737,36.023,31.721,-9.610,-1.390,0.818,0.475,-0.304
63.748,26.990,29.607,10.418,-0.372,1.132,0.742,0.012
63.758,24.914,28.918,14.846,1.301,1.411,1.001,0.315
63.769,33.337,30.759,18.063,1.274,1.744,1.337,0.624
63.779,25.281,29.891,18.018,1.170,2.075,1.674,0.960
63.790,34.436,30.557,-7.513,0.577,2.390,2.008,1.276
63.801,29.065,29.963,-15.169,-0.220,2.630,2.297,1.587
63.811,15.270,27.620,7.273,-0.258,2.850,2.519,1.878
63.822,2.575,25.454,13.468,0.071,3.059,2.714,2.145
63.833,9.167,23.401,-22.218,-0.814,3.224,2.921,2.390
63.843,11.364,20.257,-35.830,-2.771,3.342,3.059,2.596
63.854,26.990,18.438,-23.813,-3.241,3.424,3.162,2.753
63.864,5.627,13.643,39.053,-2.085,3.491,3.145,2.871
63.874,-5.603,8.850,8.878,-1.581,3.483,3.099,2.947
63.885,4.406,7.205,-19.371,-3.052,3.489,3.131,3.000
63.895,-7.190,0.200,-18.815,-3.210,3.289,2.942,2.989
63.905,-9.387,-4.837,16.620,-2.121,3.096,2.726,2.917
63.916,-31.483,-11.078,21.310,-0.992,2.875,2.460,2.802
63.927,-20.862,-15.403,18.867,-0.127,2.628,2.186,2.633
63.937,-10.364,-17.209,9.562,0.140,2.391,1.945,2.438
63.948,-37.220,-22.850,23.957,0.371,2.021,1.560,2.204
63.958,-51.503,-27.955,14.236,0.569,1.568,1.111,1.912
63.969,-52.968,-33.131,8.807,0.066,1.058,0.632,1.563
63.981,-50.404,-36.311,14.408,-0.195,0.538,0.119,1.134
63.993,-41.127,-38.595,31.538,-0.029,0.032,-0.418,0.664
64.005,-38.075,-38.811,26.776,-0.113,-0.431,-0.902,0.187
64.017,-34.657,-38.781,10.662,0.236,-0.899,-1.381,-0.285
64.029,-49.306,-40.268,17.647,0.527,-1.399,-1.892,-0.757
64.041,-24.525,-39.350,25.337,1.380,-1.800,-2.335,-1.227
64.053,-42.103,-40.935,2.439,1.593,-2.260,-2.843,-1.689
64.065,-30.262,-42.224,-10.116,2.761,-2.709,-3.372,-2.159
64.077,-33.924,-44.464,-21.967,3.064,-3.251,-3.945,-2.652
64.089,-50.649,-46.923,-39.596,1.779,-3.864,-4.528,-3.171
64.101,-76.650,-52.151,-38.213,-0.025,-4.614,-5.217,-3.729
64.113,-52.968,-54.701,-36.887,-1.035,-5.282,-5.864,-4.316
64.124,-72.500,-62.449,-21.371,-1.501,-6.170,-6.743,-4.982
64.136,-74.941,-68.308,-6.724,-1.215,-7.090,-7.691,-5.745
64.148,-74.575,-73.339,-25.765,-1.513,-8.063,-8.661,-6.571
64.160,-88.247,-79.856,-28.478,-1.589,-9.138,-9.736,-7.462
64.172,-99.722,-84.360,-44.500,-2.443,-10.221,-10.794,-8.407
64.184,-98.013,-87.284,-37.883,-3.241,-11.293,-11.839,-9.395
64.196,-97.159,-88.257,-15.687,-3.991,-12.326,-12.835,-10.393
64.208,-88.980,-87.105,-30.799,-5.237,-13.253,-13.721,-11.343
64.219,-71.279,-84.430,-33.173,-5.757,-14.111,-14.592,-12.306
64.232,-67.373,-79.906,-25.219,-5.495,-14.873,-15.380,-13.241
64.244,-72.134,-75.021,20.482,-5.020,-15.514,-16.084,-14.114
64.256,-46.132,-66.972,29.522,-4.720,-15.963,-16.617,-14.897
64.268,-34.291,-56.149,-9.091,-4.503,-16.250,-16.926,-15.547
64.280,-18.787,-43.478,-33.038,-4.595,-16.366,-17.028,-16.047
64.292,0.500,-30.386,-17.832,-5.136,-16.348,-16.976,-16.404
64.304,28.088,-13.065,1.698,-5.565,-16.013,-16.628,-16.573
64.316,43.836,4.394,-1.950,-5.555,-15.429,-16.055,-16.526
64.327,51.771,21.945,-4.923,-5.582,-14.659,-15.301,-16.278
64.338,68.129,39.110,-41.130,-6.022,-13.726,-14.380,-15.850
64.348,104.751,55.786,-45.531,-6.525,-12.698,-13.333,-15.261
64.359,120.742,69.642,-25.810,-5.391,-11.564,-12.259,-14.526
64.369,115.005,79.873,56.919,-0.467,-10.250,-11.132,-13.644
64.380,110.977,89.447,51.627,3.995,-8.940,-9.927,-12.641
64.390,100.112,97.345,32.678,5.226,-7.579,-8.597,-11.508
64.401,118.911,105.208,11.729,4.061,-6.259,-7.212,-10.323
64.411,123.184,110.616,-10.309,2.051,-4.988,-5.871,-9.102
64.422,113.662,112.246,-7.954,0.795,-3.791,-4.605,-7.859
64.432,117.446,115.814,-16.122,-0.772,-2.546,-3.296,-6.614
64.443,107.314,115.413,-38.985,-3.125,-1.427,-2.081,-5.371
64.453,126.724,116.360,-26.456,-4.333,-0.173,-0.822,-4.141
64.464,121.353,113.985,16.709,-2.413,1.041,0.311,-2.927
64.474,99.502,110.115,49.334,-0.099,2.217,1.363,-1.744
64.485,99.135,106.266,18.524,-0.036,3.288,2.396,-0.589
64.495,89.247,103.485,-37.638,-2.475,4.234,3.420,0.500
64.506,87.538,95.581,-0.400,-1.905,5.076,4.221,1.518
64.516,71.669,87.941,41.598,0.685,5.846,4.894,2.447
64.526,58.851,80.049,5.648,0.600,6.475,5.525,3.305
64.537,60.316,73.063,-26.192,-1.171,6.968,6.100,4.085
64.548,44.934,63.252,-20.952,-1.727,7.331,6.492,4.765
64.558,17.834,50.361,4.114,-1.363,7.517,6.676,5.316
64.569,26.990,42.701,-3.691,-1.315,7.722,6.881,5.749
64.579,16.980,32.454,5.274,-1.081,7.793,6.947,6.078
64.591,-1.819,18.828,0.863,0.154,7.717,6.828,6.320
64.601,-20.862,6.941,36.492,0.732,7.506,6.588,6.397
64.613,-25.501,-3.639,46.565,1.138,7.232,6.278,6.352
64.625,-41.981,-13.124,38.803,0.578,6.858,5.912,6.200
64.635,-44.057,-18.894,-16.878,0.093,6.481,5.582,6.002
64.645,-20.618,-25.789,-30.363,-1.931,5.969,5.151,5.723
64.656,-37.465,-30.440,9.264,-0.182,5.565,4.680,5.382
64.666,-64.809,-36.937,28.353,0.467,5.026,4.139,5.001
64.677,-46.620,-39.896,5.778,0.222,4.475,3.604,4.563
64.687,-41.371,-41.255,-2.376,-0.107,4.007,3.152,4.126
64.699,-40.272,-44.523,-13.459,-0.550,3.328,2.498,3.566
64.709,-57.607,-48.476,26.344,0.970,2.798,1.900,3.077
64.719,-49.916,-48.435,8.338,1.134,2.282,1.376,2.573
64.729,-68.960,-50.152,-25.623,-0.642,1.670,0.841,2.052
64.740,-58.583,-49.663,-23.247,-1.887,1.098,0.308,1.500
64.751,-46.132,-51.803,-1.668,-1.728,0.489,-0.302,0.936
64.762,-66.396,-52.298,19.062,-1.165,-0.087,-0.912,0.331
64.774,-53.822,-53.220,39.093,0.133,-0.664,-1.553,-0.294
64.786,-48.085,-53.497,47.093,1.829,-1.238,-2.208,-0.931
64.798,-13.416,-50.467,-20.860,2.137,-1.739,-2.733,-1.537
64.810,-15.369,-47.118,16.343,4.862,-2.073,-3.169,-2.057
64.822,-4.871,-41.790,-40.793,5.165,-2.408,-3.495,-2.530
64.834,-1.697,-34.990,-35.919,4.030,-2.625,-3.688,-2.933
64.846,-14.270,-28.067,-25.846,3.543,-2.722,-3.770,-3.243
64.858,-2.429,-21.149,12.676,2.918,-2.766,-3.780,-3.481
64.870,4.406,-12.597,8.893,2.557,-2.664,-3.655,-3.624
64.882,24.060,-3.372,-8.367,2.037,-2.431,-3.394,-3.656
64.893,35.535,6.207,-18.695,0.876,-2.148,-3.063,-3.595
64.904,51.404,15.527,-26.382,-0.633,-1.770,-2.628,-3.431
64.916,45.545,24.910,-27.596,-2.056,-1.288,-2.095,-3.167
64.927,78.261,34.622,-27.963,-2.580,-0.718,-1.482,-2.818
64.939,70.570,43.320,-53.747,-3.163,-0.008,-0.743,-2.337
64.951,66.420,50.780,-46.086,-3.842,0.787,0.060,-1.760
64.963,82.167,58.530,-29.917,-4.411,1.684,0.935,-1.107
64.975,74.354,61.878,-19.908,-4.409,2.484,1.727,-0.400
64.987,92.665,67.150,-41.312,-4.428,3.380,2.610,0.353
65.000,75.819,70.508,-48.989,-4.928,4.276,3.517,1.166
65.012,71.791,70.982,-43.315,-6.172,5.068,4.331,1.974
65.024,55.921,68.302,-32.543,-7.528,5.709,5.011,2.750
65.036,55.799,65.603,-29.276,-8.555,6.316,5.636,3.478
65.048,48.841,60.345,-15.850,-8.477,6.863,6.158,4.154
65.060,32.239,54.037,15.670,-7.936,7.336,6.582,4.754
65.072,25.647,44.830,17.969,-7.597,7.588,6.805,5.249
65.084,17.224,36.439,17.563,-7.175,7.765,6.932,5.633
65.095,9.655,29.005,-25.146,-7.258,7.861,6.997,5.888
65.106,23.205,21.261,-21.570,-7.123,7.813,6.928,6.044
65.116,14.782,12.631,1.113,-5.823,7.715,6.741,6.117
65.127,-20.374,3.694,53.915,-3.825,7.533,6.475,6.113
65.137,-21.351,-2.996,7.060,-2.949,7.304,6.218,6.039
65.147,-38.319,-11.816,-28.407,-3.861,6.890,5.848,5.888
65.158,-46.498,-21.798,-31.724,-3.968,6.399,5.351,5.638
65.168,-46.254,-29.538,-20.171,-3.772,5.868,4.810,5.297
65.178,-55.776,-35.831,-28.707,-3.546,5.292,4.241,4.889
65.189,-49.428,-40.581,14.784,-2.150,4.759,3.654,4.430
65.199,-55.043,-43.688,38.624,-0.349,4.276,3.084,3.947
65.210,-64.321,-48.059,13.952,-0.427,3.649,2.471,3.431
65.220,-50.160,-50.932,-16.786,-1.819,2.956,1.840,2.873
65.231,-50.282,-50.584,-24.097,-2.222,2.387,1.299,2.311
65.241,-66.640,-52.979,32.953,-0.947,1.898,0.700,1.753
65.251,-49.672,-53.093,34.008,0.413,1.420,0.119,1.180
65.262,-60.903,-52.038,-7.998,-0.973,0.888,-0.374,0.631
65.272,-38.197,-50.283,-34.472,-2.165,0.364,-0.867,0.082
65.283,-18.055,-45.205,-38.571,-2.271,-0.004,-1.242,-0.431
65.293,-53.945,-43.978,28.348,1.095,-0.295,-1.660,-0.886
65.304,-59.926,-47.616,43.882,4.729,-0.762,-2.213,-1.343
65.314,-39.418,-45.226,18.575,4.517,-1.177,-2.600,-1.788
65.325,-20.618,-39.298,-27.539,2.391,-1.515,-2.820,-2.184
65.335,-34.169,-36.834,33.606,2.968,-1.768,-3.102,-2.539
65.346,-46.376,-36.222,44.245,3.078,-2.088,-3.435,-2.881
65.356,-33.070,-32.361,-32.396,1.186,-2.359,-3.625,-3.196
65.367,-12.928,-26.831,-35.809,0.092,-2.530,-3.731,-3.468
65.377,-6.702,-20.671,18.592,0.647,-2.567,-3.801,-3.685
65.387,-4.260,-15.165,-5.733,0.125,-2.587,-3.791,-3.835
65.398,8.678,-10.443,-44.637,-1.366,-2.578,-3.749,-3.941
65.408,6.603,-7.342,9.335,-0.438,-2.503,-3.732,-4.004
65.420,8.801,-2.651,6.053,0.093,-2.403,-3.641,-4.023
65.430,12.341,2.679,-4.106,-0.427,-2.256,-3.471,-3.988
65.442,13.806,10.914,25.076,-0.362,-1.856,-3.108,-3.859
65.452,49.451,19.815,-29.624,-2.794,-1.518,-2.696,-3.683
65.463,58.729,26.332,-5.232,-3.073,-1.098,-2.261,-3.429
65.474,49.817,31.208,9.865,-2.475,-0.606,-1.805,-3.110
65.484,48.108,36.527,14.330,-2.173,-0.096,-1.309,-2.742
65.495,49.451,41.688,-16.031,-3.196,0.430,-0.753,-2.320
65.505,63.246,46.216,-22.143,-4.575,0.965,-0.187,-1.877
65.516,76.430,46.652,-12.048,-3.717,1.463,0.274,-1.411
65.527,57.386,47.451,0.528,-2.769,1.955,0.737,-0.929
65.537,46.277,50.232,8.173,-1.784,2.555,1.304,-0.434
65.547,37.610,47.931,5.814,-1.798,2.964,1.722,0.046
65.557,37.732,44.710,24.203,-1.529,3.332,2.068,0.490
65.567,23.694,42.337,-3.789,-1.647,3.704,2.421,0.911
65.577,32.361,39.174,-37.674,-2.619,4.011,2.757,1.319
65.588,24.914,35.810,-24.157,-2.732,4.325,3.037,1.693
65.599,31.506,32.036,-8.719,-2.237,4.581,3.243,2.024
65.610,7.336,26.953,30.878,-0.620,4.784,3.369,2.308
65.620,-5.481,24.344,12.358,-0.054,4.991,3.547,2.555
65.630,4.528,19.840,-19.268,-1.995,5.064,3.655,2.753
65.640,5.749,15.078,7.336,-1.236,5.137,3.686,2.894
65.650,0.866,9.822,10.440,-0.939,5.064,3.614,2.978
65.662,-19.764,4.359,-2.600,-0.975,4.980,3.540,3.031
65.672,-14.026,-0.802,-7.817,-1.053,4.865,3.422,3.020
65.682,-22.449,-7.813,4.979,-0.778,4.650,3.197,2.950
65.692,-27.088,-12.977,9.133,-0.220,4.370,2.922,2.817
65.702,-24.158,-17.391,-17.197,-0.873,4.060,2.638,2.636
65.712,-18.421,-19.454,7.010,-0.614,3.825,2.383,2.426
65.722,-49.306,-26.105,47.476,0.988,3.491,1.953,2.177
65.732,-35.755,-27.929,-42.088,-2.422,3.016,1.617,1.881
65.742,-27.332,-29.047,-39.057,-2.360,2.689,1.302,1.568
65.752,-38.563,-32.237,37.820,-1.245,2.343,0.891,1.238
65.763,-57.607,-38.056,40.240,0.970,1.924,0.374,0.875
65.773,-50.771,-41.818,-40.563,-1.593,1.301,-0.139,0.459
65.783,-42.470,-43.953,-42.474,-3.122,0.691,-0.650,0.001
65.793,-52.235,-45.051,51.581,-0.600,0.330,-1.152,-0.464
65.803,-58.827,-45.785,-0.651,-1.425,-0.149,-1.608,-0.919
65.813,-46.742,-45.599,-29.147,-2.719,-0.629,-2.048,-1.383
65.823,-38.563,-46.540,0.724,-1.892,-1.068,-2.551,-1.858
65.833,-46.010,-45.178,42.428,-0.377,-1.438,-3.007,-2.318
65.843,-40.272,-41.056,14.734,0.341,-1.748,-3.316,-2.732
65.853,-38.319,-41.848,-34.850,-3.288,-2.254,-3.730,-3.142
65.863,-21.595,-37.588,-41.035,-3.276,-2.543,-4.019,-3.539
65.873,-22.938,-33.186,32.270,-1.381,-2.757,-4.259,-3.882
65.884,-28.675,-27.934,34.939,-1.071,-2.893,-4.444,-4.174
65.894,-30.506,-24.958,-12.371,-1.304,-3.086,-4.594,-4.414
65.904,0.622,-19.116,-36.444,-3.849,-3.220,-4.648,-4.623
65.914,20.398,-11.270,-15.918,-3.446,-3.149,-4.586,-4.768
65.924,9.777,-6.445,27.172,-1.758,-3.025,-4.535,-4.838
65.934,3.063,-1.899,34.650,-1.223,-2.930,-4.457,-4.856
65.944,19.787,4.529,-8.499,-2.436,-2.769,-4.275,-4.822
65.954,29.919,11.083,-30.565,-3.664,-2.571,-4.017,-4.731
65.964,31.873,18.443,2.824,-2.530,-2.141,-3.641,-4.558
65.975,56.165,24.733,15.879,-0.806,-1.684,-3.252,-4.318
65.985,39.929,31.339,36.374,-0.288,-1.181,-2.785,-4.005
65.995,30.041,34.544,13.458,-0.020,-0.714,-2.354,-3.645
66.005,54.212,37.322,-23.636,-1.981,-0.349,-1.916,-3.271
66.015,58.118,41.811,-13.511,-2.407,0.148,-1.400,-2.863
66.025,42.371,44.331,7.192,-1.905,0.651,-0.922,-2.424
66.037,57.874,44.945,3.861,-1.324,1.201,-0.397,-1.889
66.047,51.771,46.395,4.003,-1.427,1.621,0.040,-1.441
66.057,54.822,49.953,-15.304,-1.962,2.150,0.592,-0.962
66.067,65.199,51.684,-35.619,-2.576,2.691,1.146,-0.443
66.078,81.190,52.414,-21.545,-2.925,3.230,1.683,0.078
66.088,56.287,50.992,9.757,-2.139,3.740,2.150,0.598
66.098,39.197,47.943,9.676,-1.366,4.151,2.541,1.079
66.108,44.324,45.658,-29.008,-2.206,4.482,2.916,1.521
66.119,44.812,43.567,-12.013,-2.042,4.860,3.287,1.944
66.129,22.473,39.775,44.128,0.273,5.233,3.565,2.338
66.140,22.107,34.049,43.098,0.494,5.468,3.778,2.727
66.151,11.242,28.562,55.500,1.130,5.714,3.957,3.062
66.163,-4.993,22.371,36.869,0.715,5.839,4.076,3.346
66.175,-2.673,15.627,-1.849,0.667,5.808,4.059,3.549
66.187,-6.580,9.615,-8.549,0.889,5.727,3.988,3.673
66.199,3.307,6.322,-1.626,0.800,5.677,3.952,3.742
66.211,8.801,2.805,1.296,0.736,5.577,3.862,3.762
66.223,11.120,1.046,-2.789,0.836,5.495,3.781,3.751
66.235,-2.429,2.111,-13.160,0.677,5.515,3.804,3.749
66.247,-4.138,4.738,-22.922,-0.127,5.590,3.933,3.777
66.259,18.689,9.840,11.713,-0.646,5.770,4.135,3.832
66.270,32.605,17.693,26.250,-1.099,6.084,4.464,3.952
66.281,56.898,27.309,48.468,-0.865,6.567,4.932,4.165
66.293,65.199,37.037,36.617,-0.010,7.196,5.523,4.499
66.304,84.853,48.921,19.157,0.409,8.011,6.323,4.962
66.316,83.144,58.611,-11.913,0.390,8.869,7.184,5.549
66.328,97.548,70.008,-19.910,-0.166,9.942,8.270,6.292
66.340,101.821,79.163,16.223,-0.755,10.972,9.353,7.132
66.352,96.938,86.682,32.659,-0.640,12.130,10.487,8.065
66.364,99.135,92.344,15.284,-0.190,13.326,11.653,9.077
66.376,124.405,99.388,10.429,0.295,14.620,12.924,10.159
66.388,114.517,102.317,-11.927,0.541,15.817,14.098,11.287
66.400,113.052,105.156,-35.770,0.056,17.037,15.351,12.472
66.412,79.237,103.319,-24.710,-1.029,18.076,16.447,13.629
66.424,90.224,101.558,27.515,-1.653,19.089,17.504,14.748
66.437,102.675,99.483,41.895,-1.152,20.078,18.468,15.821
66.449,70.570,93.686,35.389,0.175,20.985,19.313,16.858
66.461,85.463,89.262,-35.808,-0.087,21.743,20.114,17.812
66.472,83.876,84.027,-40.511,0.134,22.473,20.802,18.690
66.484,69.349,76.303,-32.054,-0.641,22.991,21.322,19.478
66.496,36.145,68.012,-26.625,-1.575,23.437,21.786,20.177
66.508,34.802,58.121,-13.402,-1.604,23.708,22.075,20.759
66.520,35.535,49.317,-6.939,-2.353,23.867,22.263,21.205
66.532,7.946,38.174,-6.538,-2.844,23.854,22.268,21.526
66.544,-18.543,26.595,-9.468,-3.197,23.703,22.132,21.712
66.556,-6.336,15.700,4.475,-2.904,23.439,21.856,21.751
66.567,-3.284,6.672,1.856,-2.807,23.078,21.502,21.671
66.579,-16.468,-1.908,-7.246,-3.180,22.606,21.060,21.487
66.591,-42.592,-9.408,-11.109,-3.685,22.106,20.590,21.219
66.603,-44.789,-17.038,-2.220,-4.205,21.492,20.003,20.851
66.615,-55.287,-24.473,42.244,-3.802,20.840,19.317,20.390
66.627,-42.103,-29.883,54.966,-2.460,20.255,18.640,19.863
66.639,-41.371,-33.220,40.242,-0.469,19.719,17.985,19.301
66.651,-59.804,-40.207,-6.334,-0.036,18.895,17.142,18.688
66.663,-55.654,-45.509,-9.338,0.751,18.068,16.289,18.009
66.675,-52.602,-51.102,-10.928,1.246,17.145,15.376,17.273
66.687,-77.749,-60.021,-4.506,1.510,16.081,14.318,16.469
66.698,-88.247,-65.887,23.927,1.976,15.141,13.348,15.651
66.709,-107.291,-75.865,21.929,2.231,14.006,12.193,14.764
66.720,-109.854,-82.302,6.207,1.936,12.843,11.053,13.793
66.730,-108.267,-89.825,-22.299,1.187,11.646,9.872,12.779
66.742,-125.114,-98.650,-13.166,0.852,10.164,8.409,11.551
66.754,-126.212,-106.773,-3.706,1.062,8.629,6.870,10.235
66.766,-120.841,-113.553,-47.766,0.781,7.009,5.262,8.826
66.777,-125.602,-117.625,-44.792,-0.232,5.551,3.839,7.468
66.789,-139.152,-122.449,-49.797,-0.739,3.928,2.225,5.953
66.801,-127.433,-123.492,-32.592,-0.433,2.423,0.716,4.415
66.813,-133.903,-124.747,18.153,-0.149,0.876,-0.829,2.857
66.826,-112.540,-123.652,16.497,0.068,-0.627,-2.348,1.296
66.838,-122.672,-121.574,3.456,0.411,-2.064,-3.791,-0.214
66.850,-99.966,-118.114,-5.013,0.692,-3.431,-5.154,-1.680
66.862,-102.652,-114.998,-18.214,0.487,-4.733,-6.439,-3.084
66.874,-96.426,-108.643,-28.032,0.478,-5.854,-7.560,-4.420
66.886,-107.291,-103.511,22.135,0.981,-6.913,-8.623,-5.674
66.898,-80.435,-96.782,48.723,0.767,-7.858,-9.548,-6.822
66.910,-68.960,-90.411,54.750,1.757,-8.699,-10.430,-7.907
66.922,-50.282,-84.110,-4.808,2.970,-9.486,-11.235,-8.902
66.934,-75.063,-80.052,-29.930,2.450,-10.258,-12.018,-9.829
66.946,-69.936,-75.037,-21.674,1.261,-10.984,-12.698,-10.686
66.958,-70.058,-70.746,37.575,1.195,-11.662,-13.370,-11.503
66.971,-57.241,-67.011,44.303,2.389,-12.261,-14.001,-12.258
66.983,-47.353,-63.337,4.801,2.748,-12.855,-14.592,-12.955
66.995,-44.423,-60.177,1.160,3.456,-13.357,-15.118,-13.593
67.007,-36.244,-55.167,-11.246,3.555,-13.754,-15.519,-14.172
67.019,-39.784,-51.844,-10.743,3.317,-14.174,-15.918,-14.695
67.031,-47.719,-47.949,15.364,3.428,-14.537,-16.273,-15.180
67.044,-37.587,-44.872,34.372,3.668,-14.849,-16.621,-15.617
67.056,-44.545,-41.089,15.920,4.492,-15.063,-16.877,-15.995
67.068,-14.393,-37.114,-32.236,3.996,-15.331,-17.110,-16.329
67.080,-14.759,-33.988,-28.301,3.381,-15.546,-17.312,-16.622
67.092,-17.444,-31.126,-20.963,2.429,-15.762,-17.476,-16.878
67.104,-9.510,-26.583,-26.090,1.624,-15.901,-17.555,-17.095
67.116,-10.242,-23.327,-14.295,0.489,-16.052,-17.635,-17.273
67.128,-35.267,-21.520,5.130,-0.152,-16.141,-17.705,-17.417
67.140,-22.205,-19.198,48.559,0.529,-16.168,-17.759,-17.542
67.153,20.398,-15.663,9.963,0.654,-16.162,-17.749,-17.632
67.165,9.289,-12.186,-31.677,0.281,-16.111,-17.701,-17.671
67.177,-1.086,-9.479,-33.583,-0.846,-16.042,-17.601,-17.672
67.189,-15.735,-7.795,8.961,-0.924,-15.977,-17.512,-17.652
67.201,-19.520,-8.528,36.372,-0.325,-15.954,-17.499,-17.633
67.213,1.964,-7.654,30.501,0.736,-15.873,-17.448,-17.608
67.225,-12.561,-7.811,5.478,0.917,-15.842,-17.402,-17.565
67.237,-18.055,-8.861,18.057,1.526,-15.838,-17.419,-17.533
67.249,-14.026,-10.763,30.283,2.388,-15.863,-17.477,-17.517
67.262,-1.697,-11.479,2.159,3.581,-15.869,-17.526,-17.512
67.273,-13.172,-14.152,-20.248,4.034,-15.981,-17.608,-17.506
67.285,-11.341,-15.137,-26.324,3.856,-16.071,-17.652,-17.513
67.297,-17.811,-16.819,-17.309,3.241,-16.190,-17.723,-17.536
67.308,-35.023,-19.929,-2.964,2.920,-16.367,-17.865,-17.590
67.319,-44.545,-24.263,37.920,3.044,-16.576,-18.089,-17.690
67.331,-42.347,-27.014,50.233,3.748,-16.783,-18.322,-17.831
67.343,-36.854,-28.900,38.803,4.200,-17.021,-18.564,-17.999
67.354,-26.112,-30.622,37.462,4.884,-17.261,-18.810,-18.180
67.366,-21.717,-30.067,25.452,5.100,-17.421,-18.960,-18.350
67.377,-24.281,-29.145,10.107,4.536,-17.602,-19.103,-18.525
67.390,-29.286,-30.440,31.246,4.666,-17.810,-19.308,-18.707
67.402,-42.958,-31.212,58.135,5.302,-17.998,-19.536,-18.899
67.414,-29.286,-30.374,37.128,6.831,-18.091,-19.696,-19.077
67.426,-23.914,-31.068,11.152,7.736,-18.276,-19.902,-19.243
67.438,-9.876,-28.986,-34.825,7.354,-18.443,-20.005,-19.396
67.450,-11.707,-27.676,-28.544,6.654,-18.592,-20.090,-19.533
67.462,-18.177,-28.164,-20.208,5.403,-18.820,-20.230,-19.668
67.474,-37.831,-29.656,-17.771,3.945,-19.097,-20.429,-19.824
67.486,-27.210,-30.097,-15.663,2.597,-19.344,-20.614,-19.998
67.499,-25.257,-29.117,-15.922,1.411,-19.516,-20.733,-20.169
67.511,-21.717,-28.873,-24.909,0.683,-19.727,-20.890,-20.346
67.523,-36.976,-28.444,-7.989,0.117,-19.891,-21.029,-20.520
67.535,-35.145,-26.944,-6.755,-1.160,-20.057,-21.124,-20.686
67.547,-21.351,-25.366,38.913,-1.361,-20.225,-21.255,-20.855
67.559,-21.351,-24.240,52.910,-0.240,-20.268,-21.376,-20.997
67.571,-5.603,-21.273,34.664,0.887,-20.240,-21.390,-21.095
67.583,-20.496,-20.032,-23.824,0.785,-20.297,-21.411,-21.156
67.595,-12.928,-17.848,2.763,0.805,-20.295,-21.403,-21.203
67.607,-12.561,-15.134,28.508,1.076,-20.228,-21.345,-21.213
67.619,1.232,-13.342,26.169,1.018,-20.184,-21.299,-21.202
67.631,17.346,-9.558,-22.453,1.547,-20.022,-21.148,-21.150
67.643,5.993,-7.539,-33.387,0.863,-19.879,-21.002,-21.058
67.656,3.796,-3.218,-39.591,-0.956,-19.664,-20.733,-20.935
67.667,-8.167,-1.827,-18.897,-2.213,-19.511,-20.526,-20.791
67.679,8.312,1.321,0.752,-2.846,-19.297,-20.281,-20.634
67.691,13.073,5.315,-27.392,-3.404,-18.994,-19.946,-20.431
67.703,16.857,6.637,-47.473,-4.444,-18.785,-19.695,-20.215
67.714,13.928,8.395,-50.997,-5.979,-18.551,-19.401,-19.987
67.726,7.580,9.843,-38.109,-6.017,-18.225,-19.094,-19.739
67.738,18.322,13.126,-11.641,-7.359,-17.912,-18.718,-19.479
67.750,20.520,16.362,13.664,-7.853,-17.549,-18.335,-19.193
67.762,20.764,18.367,41.923,-7.180,-17.112,-17.969,-18.880
67.774,15.393,21.989,21.978,-6.902,-16.587,-17.483,-18.519
67.786,25.891,26.259,9.366,-5.993,-15.992,-16.937,-18.107
67.797,41.028,30.332,10.020,-5.276,-15.423,-16.404,-17.660
67.809,45.179,34.153,22.258,-4.829,-14.793,-15.822,-17.164
67.821,47.132,37.042,12.344,-4.533,-14.173,-15.226,-16.630
67.833,58.241,40.559,-9.643,-3.892,-13.466,-14.562,-16.051
67.844,64.100,44.641,-4.472,-3.029,-12.722,-13.879,-15.454
67.856,73.500,48.424,-21.255,-2.826,-11.957,-13.143,-14.790
67.868,44.812,49.456,-19.818,-3.409,-11.223,-12.415,-14.090
67.880,55.189,52.771,-16.525,-4.151,-10.438,-11.597,-13.374
67.892,60.072,54.296,-5.193,-4.672,-9.702,-10.849,-12.653
67.903,34.192,53.443,17.709,-4.683,-8.970,-10.139,-11.924
67.915,52.625,53.046,-0.605,-4.860,-8.293,-9.459,-11.218
67.927,48.597,51.395,12.608,-4.348,-7.659,-8.852,-10.533
67.939,47.742,50.851,17.782,-3.739,-7.005,-8.218,-9.859
67.951,62.391,49.558,-17.039,-3.251,-6.373,-7.619,-9.195
67.963,22.229,47.452,-31.432,-3.717,-5.761,-6.984,-8.527
67.975,35.779,45.018,-46.011,-5.037,-5.279,-6.445,-7.918
67.987,24.060,40.734,-1.629,-6.070,-4.903,-6.021,-7.372
67.998,28.210,36.079,28.597,-6.274,-4.586,-5.716,-6.904
68.010,17.590,30.473,35.486,-5.631,-4.306,-5.503,-6.495
68.022,7.214,25.873,9.046,-4.719,-4.017,-5.267,-6.126
68.034,20.520,21.214,-29.724,-4.525,-3.881,-5.129,-5.820
68.046,9.045,17.228,3.307,-4.510,-3.735,-4.984,-5.561
68.057,16.125,13.918,-13.108,-4.587,-3.623,-4.885,-5.349
68.070,17.102,12.560,-19.880,-4.348,-3.462,-4.733,-5.157
68.081,-16.468,8.630,-17.098,-4.788,-3.407,-4.662,-5.000
68.092,7.946,8.415,-34.344,-5.568,-3.329,-4.542,-4.876
68.103,-0.720,7.864,-48.761,-8.395,-3.366,-4.461,-4.783
68.114,-6.336,5.784,-49.924,-10.831,-3.444,-4.433,-4.725
68.124,10.388,8.441,-39.087,-11.928,-3.333,-4.281,-4.673
68.134,1.232,10.333,-17.297,-10.711,-3.093,-4.127,-4.592
68.145,10.754,11.629,5.317,-9.684,-2.879,-3.985,-4.493
68.156,28.210,14.457,-19.001,-8.551,-2.609,-3.780,-4.355
68.168,24.304,15.637,-30.303,-8.456,-2.384,-3.591,-4.183
68.180,10.998,16.914,-10.135,-8.640,-2.155,-3.351,-3.993
68.192,32.849,18.043,-16.994,-8.786,-1.983,-3.170,-3.812
68.204,7.336,19.575,19.871,-8.572,-1.660,-2.882,-3.593
68.215,19.299,19.917,15.246,-8.024,-1.409,-2.676,-3.381
68.227,30.408,20.876,19.642,-7.279,-1.128,-2.452,-3.164
68.238,18.933,22.529,40.365,-6.500,-0.764,-2.164,-2.921
68.249,42.127,25.594,4.473,-5.775,-0.372,-1.813,-2.646
68.261,63.246,30.100,-22.786,-5.462,0.087,-1.394,-2.322
68.273,58.241,36.952,-17.589,-5.702,0.690,-0.792,-1.919
68.285,68.617,46.880,3.797,-5.852,1.466,-0.021,-1.426
68.297,87.416,56.446,2.884,-5.845,2.324,0.825,-0.831
68.309,88.149,66.713,7.915,-5.614,3.352,1.835,-0.114
68.321,102.187,79.449,1.770,-5.412,4.595,3.067,0.743
68.332,119.033,90.695,-16.709,-5.411,5.907,4.355,1.726
68.344,127.457,101.847,-25.062,-5.801,7.304,5.764,2.832
68.356,137.589,112.818,-9.923,-6.190,8.814,7.298,4.056
68.368,143.082,122.502,17.577,-5.960,10.441,8.899,5.393
68.380,164.933,131.715,7.880,-5.478,12.119,10.553,6.821
68.392,162.858,140.953,0.807,-5.047,13.950,12.363,8.386
68.403,177.141,149.819,-17.257,-5.296,15.823,14.226,10.028
68.415,193.132,155.994,-32.600,-5.808,17.640,16.049,11.731
68.427,165.788,160.939,-25.244,-6.431,19.512,17.952,13.500
68.439,159.074,165.278,0.622,-6.416,21.456,19.892,15.315
68.451,165.299,166.679,27.462,-6.252,23.279,21.693,17.123
68.463,151.749,165.437,38.435,-5.665,25.054,23.425,18.927
68.475,156.022,161.922,1.853,-5.618,26.686,25.042,20.687
68.487,129.532,155.259,20.036,-4.891,28.206,26.521,22.395
68.499,142.960,148.050,-5.563,-4.459,29.519,27.815,23.970
68.511,105.361,137.049,15.285,-3.935,30.662,28.928,25.440
68.522,92.177,124.495,11.360,-4.226,31.559,29.842,26.757
68.534,106.338,110.812,-8.757,-3.384,32.266,30.509,27.897
68.546,71.302,98.950,-13.304,-2.896,32.918,31.133,28.894
68.558,70.814,86.990,-34.874,-3.146,33.406,31.603,29.750
68.570,41.883,74.098,-20.447,-3.905,33.664,31.886,30.434
68.582,42.249,62.178,-33.341,-4.704,33.794,32.043,30.964
68.594,16.125,51.733,1.946,-4.578,33.909,32.154,31.370
68.606,14.538,41.529,-0.025,-5.028,33.869,32.137,31.638
68.618,19.665,32.918,-14.279,-5.250,33.707,31.993,31.777
68.629,-16.712,25.696,5.028,-5.518,33.587,31.873,31.843
68.641,-4.871,20.423,29.102,-5.194,33.457,31.711,31.827
68.653,14.172,16.028,33.488,-4.280,33.261,31.464,31.743
68.665,9.533,14.245,23.740,-3.290,33.152,31.301,31.643
68.677,3.063,11.501,-42.273,-3.668,32.946,31.101,31.524
68.689,5.993,8.230,-29.075,-3.322,32.732,30.851,31.367
68.701,-6.946,6.232,-5.702,-3.902,32.467,30.627,31.179
68.713,-15.369,2.370,-3.026,-4.150,32.122,30.293,30.949
68.725,-16.590,-1.889,5.341,-4.217,31.711,29.882,30.666
68.736,-38.197,-7.960,12.934,-4.312,31.232,29.391,30.328
68.747,-40.394,-14.890,32.564,-3.965,30.631,28.771,29.909
68.759,-29.774,-23.091,25.316,-3.517,29.892,28.005,29.401
68.770,-47.597,-31.520,49.848,-2.626,29.127,27.180,28.813
68.782,-63.222,-40.057,32.374,-1.509,28.295,26.291,28.148
68.793,-72.378,-49.281,10.217,-0.998,27.296,25.273,27.391
68.805,-96.304,-59.259,19.628,-0.483,26.216,24.169,26.540
68.816,-116.691,-70.256,12.907,-0.050,24.961,22.909,25.571
68.828,-109.854,-81.906,16.204,0.078,23.516,21.461,24.474
68.839,-135.002,-92.836,46.470,0.642,22.032,19.968,23.265
68.850,-129.386,-103.396,43.888,0.745,20.495,18.437,22.013
68.860,-144.523,-114.322,7.027,0.146,18.861,16.838,20.685
68.871,-132.926,-121.157,-35.793,-0.754,17.239,15.253,19.270
68.881,-125.358,-126.850,-47.710,-1.607,15.601,13.653,17.794
68.892,-152.092,-132.871,-36.405,-1.831,13.982,12.050,16.287
68.902,-153.923,-137.056,-10.712,-1.460,12.373,10.415,14.710
68.913,-158.318,-141.996,11.346,-0.252,10.762,8.742,13.121
68.924,-140.373,-144.865,2.894,0.251,8.990,6.943,11.378
68.935,-147.331,-145.481,-2.013,0.568,7.268,5.211,9.639
68.947,-157.463,-145.673,13.428,0.777,5.562,3.513,7.911
68.958,-146.110,-145.569,9.359,0.877,3.824,1.782,6.145
68.970,-133.048,-143.211,4.242,0.989,2.123,0.085,4.389
68.982,-137.199,-139.509,21.783,1.318,0.550,-1.472,2.686
68.994,-124.137,-133.385,11.115,1.255,-0.888,-2.878,1.060
69.006,-94.961,-124.718,-6.373,1.643,-2.162,-4.149,-0.487
69.018,-84.097,-115.575,14.575,1.877,-3.293,-5.281,-1.897
69.029,-70.547,-104.010,20.016,2.156,-4.135,-6.115,-3.092
69.040,-82.632,-93.273,19.358,2.458,-4.884,-6.853,-4.191
69.052,-51.625,-79.980,3.478,2.639,-5.456,-7.417,-5.160
69.063,-35.633,-67.062,14.020,2.606,-5.891,-7.836,-5.935
69.074,3.918,-51.202,23.048,2.682,-6.097,-8.016,-6.542
69.086,26.501,-34.931,14.431,2.556,-6.081,-7.969,-6.959
69.097,13.806,-19.481,7.103,2.359,-5.873,-7.733,-7.198
69.109,14.538,-7.582,1.214,2.245,-5.622,-7.460,-7.282
69.120,24.914,3.086,-10.895,1.857,-5.302,-7.106,-7.238
69.131,15.393,12.739,-21.591,1.013,-4.949,-6.692,-7.088
69.141,23.572,19.967,-22.882,0.405,-4.595,-6.290,-6.866
69.151,30.286,24.969,-19.732,0.265,-4.203,-5.872,-6.584
69.162,38.220,30.103,-8.587,0.762,-3.708,-5.381,-6.246
69.172,44.324,33.699,3.259,1.792,-3.203,-4.908,-5.866
69.183,42.737,36.013,9.338,2.944,-2.671,-4.415,-5.445
69.193,38.953,39.779,13.997,4.006,-2.089,-3.863,-4.988
69.204,51.038,43.052,14.325,4.640,-1.508,-3.302,-4.494
69.214,41.028,43.691,12.543,4.824,-1.001,-2.796,-3.989
69.225,30.530,43.734,10.983,4.787,-0.509,-2.287,-3.475
69.235,39.685,46.081,2.865,4.527,0.029,-1.715,-2.956
69.245,41.761,47.624,-2.655,4.061,0.550,-1.150,-2.424
69.256,31.384,48.665,2.976,3.715,1.086,-0.580,-1.881
69.266,40.174,49.853,11.840,3.556,1.608,-0.039,-1.344
69.277,31.140,48.437,10.353,3.445,2.090,0.459,-0.807
69.287,33.826,48.082,-1.890,2.819,2.544,0.959,-0.290
69.297,30.652,46.055,-12.833,1.807,2.894,1.377,0.198
69.308,31.384,43.266,-26.737,0.444,3.185,1.748,0.657
69.318,33.582,41.796,-33.126,-0.219,3.520,2.113,1.079
69.329,32.361,37.967,-36.382,-0.398,3.768,2.373,1.465
69.339,36.023,34.281,-34.480,-0.253,3.987,2.596,1.810
69.350,31.995,31.286,-25.166,0.103,4.232,2.834,2.129
69.360,24.670,27.836,-10.272,0.636,4.430,3.016,2.410
69.370,23.083,22.319,6.547,1.242,4.535,3.100,2.641
69.381,12.341,15.937,22.139,1.819,4.580,3.124,2.817
69.391,-7.923,8.472,37.554,2.303,4.492,3.020,2.917
69.402,-33.924,0.076,44.903,2.540,4.306,2.829,2.940
69.412,-44.667,-8.380,29.208,2.399,4.003,2.540,2.873
69.423,-50.282,-16.371,9.400,1.963,3.610,2.175,2.719
69.433,-49.062,-22.276,-8.235,1.398,3.182,1.786,2.491
69.444,-41.737,-26.926,-22.100,0.916,2.740,1.379,2.208
69.454,-40.150,-31.759,-26.433,0.747,2.262,0.924,1.877
69.465,-42.836,-36.536,-16.774,1.001,1.743,0.401,1.492
69.475,-37.220,-39.730,0.670,1.500,1.252,-0.106,1.078
69.486,-44.545,-44.004,15.904,2.165,0.700,-0.675,0.630
69.496,-41.859,-47.860,22.602,2.695,0.117,-1.271,0.146
69.507,-37.098,-50.348,25.191,3.028,-0.472,-1.863,-0.373
69.517,-37.953,-51.969,25.467,3.069,-1.049,-2.427,-0.901
69.527,-39.051,-51.261,18.164,2.933,-1.581,-2.941,-1.426
69.538,-39.662,-51.553,12.611,2.788,-2.133,-3.477,-1.949
69.548,-43.446,-50.451,15.881,2.894,-2.602,-3.948,-2.455
69.559,-35.023,-49.481,18.639,3.090,-3.059,-4.415,-2.949
69.569,-21.595,-46.175,18.616,3.083,-3.437,-4.794,-3.414
69.579,-23.426,-44.170,5.078,2.427,-3.878,-5.197,-3.857
69.590,-24.036,-40.967,-11.981,1.345,-4.272,-5.525,-4.269
69.600,-14.515,-37.329,-13.784,0.443,-4.635,-5.839,-4.663
69.612,-15.491,-33.500,-12.824,0.634,-4.901,-6.099,-5.037
69.624,-27.454,-28.342,-10.763,0.445,-5.070,-6.245,-5.359
69.635,-20.130,-23.300,-10.100,0.238,-5.195,-6.350,-5.622
69.647,-14.148,-19.642,-7.768,0.052,-5.324,-6.460,-5.839
69.659,-13.904,-17.430,1.876,-0.109,-5.439,-6.564,-6.019
69.671,-9.998,-16.266,19.704,0.014,-5.570,-6.694,-6.186
69.683,-11.585,-16.980,19.782,0.536,-5.771,-6.898,-6.352
69.694,-27.454,-20.634,-0.821,0.575,-6.059,-7.183,-6.535
69.706,-44.179,-26.410,-27.983,0.492,-6.469,-7.571,-6.769
69.718,-60.903,-34.857,-36.165,-0.268,-7.089,-8.142,-7.092
69.730,-91.665,-46.427,48.288,0.474,-7.801,-8.891,-7.533
69.742,-76.894,-56.910,47.942,1.187,-8.666,-9.775,-8.108
69.754,-80.801,-67.897,26.497,2.377,-9.661,-10.821,-8.803
69.766,-104.849,-78.769,-3.218,3.182,-10.736,-11.917,-9.597
69.777,-108.756,-88.650,-36.823,3.136,-11.927,-13.105,-10.502
69.789,-104.483,-96.748,-34.069,2.438,-13.158,-14.320,-11.487
69.800,-117.057,-103.662,-21.731,1.548,-14.430,-15.534,-12.536
69.812,-113.517,-106.835,-24.999,0.357,-15.686,-16.721,-13.656
69.823,-131.462,-110.007,-20.775,-0.272,-16.925,-17.917,-14.794
69.835,-104.117,-106.635,-3.461,-0.747,-17.959,-18.928,-15.930
69.846,-90.811,-100.557,-3.103,-1.217,-18.832,-19.778,-16.957
69.856,-76.162,-91.834,-14.635,-2.134,-19.523,-20.407,-17.845
69.867,-38.197,-78.592,-19.112,-2.117,-19.905,-20.789,-18.609
69.877,-14.026,-63.095,-39.473,-3.387,-20.177,-20.974,-19.211
69.887,-4.505,-45.611,-5.438,-2.517,-20.134,-20.953,-19.627
69.897,6.603,-25.151,22.564,-1.193,-19.753,-20.649,-19.841
69.908,31.750,-4.026,-12.489,-1.678,-19.191,-20.061,-19.836
69.919,68.251,16.671,-29.769,-2.419,-18.455,-19.278,-19.622
69.931,89.614,38.504,-18.135,-3.339,-17.414,-18.180,-19.163
69.942,96.938,56.789,6.670,-3.081,-16.207,-16.993,-18.489
69.954,106.704,71.606,12.887,-2.156,-14.868,-15.710,-17.628
69.965,105.849,84.102,4.504,-1.492,-13.451,-14.333,-16.606
69.977,105.117,92.504,5.721,-1.073,-12.041,-12.941,-15.443
69.989,126.968,100.506,11.399,-0.783,-10.577,-11.468,-14.193
70.001,115.982,103.507,17.844,-0.091,-9.210,-10.102,-12.877
70.012,138.077,107.616,9.993,0.743,-7.754,-8.695,-11.543
70.024,127.579,108.923,-1.721,1.688,-6.321,-7.298,-10.164
70.036,135.513,111.376,-32.885,0.929,-4.902,-5.854,-8.762
70.048,123.428,112.487,-42.142,1.060,-3.514,-4.443,-7.351
70.060,114.761,112.516,-52.237,0.060,-2.175,-3.066,-5.953
70.072,118.423,110.435,-58.649,-0.648,-0.948,-1.804,-4.599
70.084,115.493,110.663,-32.211,-1.014,0.400,-0.458,-3.258
70.096,103.408,108.680,-13.776,-0.974,1.681,0.802,-1.925
70.108,98.769,106.501,3.166,0.110,2.925,1.997,-0.637
70.119,101.089,103.321,-21.498,0.194,3.986,3.093,0.604
70.131,113.174,100.910,-16.056,2.062,5.095,4.172,1.802
70.143,101.699,97.570,-2.319,3.187,6.147,5.207,2.974
70.155,86.562,91.627,2.762,3.947,7.056,6.118,4.085
70.167,66.420,85.490,9.547,4.281,7.901,6.974,5.129
70.179,55.799,77.230,-1.781,3.788,8.571,7.687,6.078
70.190,34.192,67.129,1.890,2.527,9.063,8.232,6.908
70.202,18.322,55.243,11.907,1.965,9.342,8.553,7.582
70.214,7.214,41.606,35.880,2.298,9.468,8.675,8.107
70.226,-9.876,27.016,49.957,3.547,9.423,8.579,8.455
70.238,-28.675,13.020,39.020,4.511,9.197,8.349,8.645
70.250,-33.802,0.571,20.700,4.583,8.843,8.005,8.679
70.261,-37.709,-12.167,-21.322,3.213,8.288,7.523,8.562
70.273,-46.376,-22.046,-36.494,1.025,7.713,7.013,8.312
70.284,-43.080,-32.288,-31.018,0.386,7.040,6.355,7.937
70.296,-50.160,-38.849,-16.706,0.558,6.391,5.715,7.476
70.307,-78.726,-48.766,-7.105,0.510,5.589,4.933,6.938
70.318,-72.256,-53.493,-18.611,-0.250,4.820,4.210,6.314
70.330,-71.035,-57.406,-21.547,-0.653,3.989,3.415,5.611
70.342,-72.744,-59.381,-9.099,-1.271,3.210,2.657,4.879
70.353,-65.053,-60.009,3.560,-1.311,2.485,1.934,4.138
70.365,-53.334,-59.626,16.472,-0.664,1.781,1.209,3.392
70.377,-35.023,-58.076,24.320,0.216,1.146,0.527,2.662
70.389,-40.761,-56.550,36.689,1.338,0.615,-0.100,1.972
70.400,-65.786,-55.960,-5.759,1.391,-0.004,-0.714,1.321
70.412,-45.521,-53.635,-3.841,2.803,-0.566,-1.317,0.677
70.424,-43.446,-52.434,-4.963,3.617,-1.145,-1.912,0.066
70.436,-28.065,-47.889,-0.030,4.554,-1.562,-2.344,-0.500
70.448,-32.093,-42.625,-26.955,5.158,-1.961,-2.694,-0.988
70.460,-25.135,-36.078,-13.923,5.352,-2.223,-2.924,-1.398
70.472,7.336,-30.114,-0.708,5.879,-2.404,-3.093,-1.737
70.484,5.749,-21.972,-8.094,5.534,-2.439,-3.094,-1.977
70.495,6.115,-14.467,-7.600,5.842,-2.385,-3.024,-2.124
70.507,29.675,-5.896,-11.984,5.427,-2.189,-2.798,-2.172
70.519,35.901,2.918,-32.450,4.658,-1.941,-2.492,-2.125
70.531,38.342,11.652,-47.542,4.039,-1.605,-2.086,-1.978
70.543,39.929,20.142,-40.153,3.942,-1.086,-1.564,-1.721
70.555,50.794,26.742,-17.722,3.455,-0.565,-1.036,-1.395
70.566,41.638,32.763,12.501,3.514,0.025,-0.451,-0.997
70.578,49.207,39.470,28.594,3.711,0.673,0.197,-0.531
70.590,56.776,44.866,34.108,3.880,1.348,0.865,-0.001
70.602,37.244,47.969,31.369,4.170,2.000,1.515,0.580
70.614,60.316,51.017,3.339,3.783,2.631,2.193,1.193
70.625,47.864,51.755,23.144,4.683,3.234,2.796,1.799
70.636,57.142,52.574,25.867,6.579,3.829,3.378,2.402
70.648,51.038,51.038,27.152,7.299,4.404,3.961,3.038
70.660,68.006,51.185,29.449,8.026,5.021,4.600,3.675
70.672,54.945,51.185,9.444,7.505,5.609,5.247,4.320
70.683,36.267,47.067,5.301,7.898,6.103,5.744,4.930
70.695,22.107,41.726,4.702,7.417,6.464,6.156,5.482
70.707,8.923,37.178,7.380,7.004,6.760,6.493,5.961
70.718,24.914,33.017,-7.155,5.878,6.962,6.767,6.353
70.729,13.439,25.005,-19.292,4.398,7.019,6.878,6.665
70.740,10.754,20.166,-20.243,2.358,7.039,6.971,6.889
70.752,2.209,11.889,-16.763,1.534,6.903,6.881,7.025
70.763,-16.590,3.411,-13.321,1.333,6.680,6.692,7.066
70.775,-43.080,-7.695,14.477,1.104,6.329,6.327,6.995
70.786,-61.757,-15.869,-12.882,-0.364,5.845,5.907,6.807
70.798,-44.545,-22.909,-16.062,-2.046,5.304,5.426,6.514
70.809,-50.282,-29.417,-14.389,-3.036,4.707,4.870,6.135
70.821,-41.493,-38.747,-4.531,-2.859,3.967,4.111,5.654
70.832,-64.077,-46.767,0.156,-2.887,3.191,3.322,5.091
70.844,-68.105,-52.032,29.701,-1.202,2.455,2.513,4.456
70.855,-56.264,-56.965,20.289,-0.051,1.667,1.684,3.783
70.867,-86.660,-61.907,-6.924,-0.302,0.862,0.893,3.100
70.878,-53.822,-64.764,-35.757,-1.150,0.022,0.052,2.343
70.889,-78.726,-66.588,-42.796,-1.679,-0.737,-0.699,1.600
70.900,-36.244,-66.802,-40.445,-1.363,-1.494,-1.507,0.821
70.912,-59.804,-67.421,-5.410,0.583,-2.196,-2.284,0.062
70.923,-50.771,-65.736,38.255,2.677,-2.821,-2.992,-0.672
70.934,-53.945,-64.383,26.459,3.693,-3.483,-3.643,-1.371
70.945,-56.020,-61.167,13.505,4.647,-4.040,-4.189,-2.024
70.956,-51.869,-57.847,21.404,5.401,-4.545,-4.710,-2.634
70.968,-32.704,-52.281,19.074,5.354,-4.970,-5.107,-3.191
70.979,-28.675,-43.445,-15.332,4.401,-5.220,-5.292,-3.652
70.990,-5.847,-34.082,-0.938,4.215,-5.323,-5.383,-4.000
71.000,-9.265,-25.606,33.862,6.104,-5.286,-5.383,-4.227
71.010,-3.284,-16.866,26.819,6.329,-5.139,-5.263,-4.354
71.021,19.299,-5.836,4.120,5.208,-4.912,-5.003,-4.386
71.031,19.787,4.984,-10.718,3.565,-4.629,-4.600,-4.301
71.042,38.953,12.782,-47.826,2.343,-4.386,-4.250,-4.149
71.052,41.394,21.117,-16.625,2.386,-3.939,-3.787,-3.909
71.062,34.802,29.120,27.217,2.921,-3.408,-3.266,-3.587
71.073,44.934,33.328,4.950,2.527,-2.951,-2.781,-3.208
71.083,58.607,41.800,2.494,2.232,-2.312,-2.124,-2.767
71.094,44.812,45.463,23.564,2.444,-1.679,-1.504,-2.262
71.104,58.851,48.082,-12.369,1.745,-1.133,-0.914,-1.737
71.115,65.565,52.284,-30.887,0.753,-0.499,-0.237,-1.184
71.125,60.682,53.103,-12.168,0.713,0.096,0.340,-0.615
71.136,47.498,51.557,29.874,2.570,0.701,0.844,-0.051
71.146,37.976,48.612,28.352,3.877,1.195,1.280,0.490
71.157,46.155,49.496,0.109,2.339,1.670,1.836,1.021
71.167,72.279,52.648,-37.908,0.739,2.294,2.482,1.568
71.178,61.292,53.205,-25.540,0.405,2.851,3.056,2.125
71.188,55.799,51.736,40.498,1.755,3.375,3.521,2.663
71.199,26.135,48.504,33.094,2.350,3.838,3.963,3.189
71.209,27.478,43.554,-12.403,1.182,4.112,4.317,3.660
71.220,52.381,43.050,-34.749,0.537,4.432,4.695,4.080
71.230,44.324,43.125,45.224,1.451,4.896,5.093,4.501
71.240,21.496,38.956,1.951,0.992,5.192,5.410,4.910
71.251,24.060,31.988,-36.805,-0.727,5.307,5.577,5.243
71.261,22.961,26.641,-25.725,-0.314,5.430,5.689,5.506
71.272,-19.153,16.434,36.878,2.993,5.406,5.607,5.703
71.283,-13.782,6.833,27.768,2.782,5.210,5.444,5.793
71.293,-9.021,0.948,-8.240,1.952,4.973,5.285,5.797
71.303,-28.675,-6.834,0.500,1.753,4.710,5.034,5.736
71.314,-20.985,-12.253,-21.953,1.031,4.385,4.760,5.599
71.324,-16.712,-17.574,-7.787,0.859,4.071,4.457,5.409
71.335,-39.784,-25.079,12.372,1.241,3.641,4.006,5.151
71.345,-31.727,-28.466,-21.261,0.468,3.213,3.598,4.835
71.356,-37.220,-32.853,-31.941,-0.488,2.735,3.141,4.482
71.366,-77.749,-43.052,58.989,3.460,2.190,2.458,4.065
71.377,-70.302,-47.907,48.209,3.791,1.572,1.817,3.570
71.387,-68.715,-52.601,-41.043,1.566,0.903,1.210,3.043
71.398,-70.791,-58.863,-48.614,0.765,0.089,0.476,2.448
71.408,-97.891,-66.257,1.569,1.307,-0.718,-0.329,1.800
71.418,-63.588,-70.092,-7.810,1.478,-1.525,-1.151,1.081
71.429,-70.180,-73.854,42.001,3.655,-2.241,-1.983,0.337
71.439,-79.580,-72.446,45.955,6.885,-2.851,-2.692,-0.394
71.450,-55.898,-67.277,31.043,5.875,-3.456,-3.239,-1.084
71.460,-29.652,-59.931,-42.334,3.276,-3.886,-3.617,-1.698
71.471,-36.610,-55.988,-31.137,2.718,-4.359,-4.046,-2.267
71.482,-37.220,-52.221,26.865,4.438,-4.739,-4.479,-2.789
71.492,-34.413,-45.543,-3.903,3.276,-5.062,-4.735,-3.240
71.503,-23.426,-37.535,-35.674,1.968,-5.264,-4.854,-3.608
71.513,-20.496,-33.985,8.862,3.232,-5.445,-5.087,-3.932
71.523,-21.107,-30.790,38.971,3.519,-5.590,-5.265,-4.206
71.534,-1.575,-22.538,15.231,3.278,-5.588,-5.261,-4.420
71.544,3.307,-15.103,16.825,3.027,-5.554,-5.183,-4.550
71.555,-9.143,-8.913,-11.116,2.314,-5.493,-5.055,-4.604
71.565,28.699,0.150,-22.418,1.762,-5.296,-4.828,-4.601
71.576,21.130,7.426,-8.431,1.541,-5.009,-4.526,-4.500
71.586,36.145,14.543,-24.265,1.017,-4.676,-4.182,-4.336
71.596,25.281,17.015,32.754,2.296,-4.277,-3.892,-4.119
71.607,40.662,24.630,50.986,4.570,-3.698,-3.428,-3.838
71.617,33.337,29.869,-13.969,2.897,-3.271,-2.933,-3.485
71.628,61.292,37.702,-38.706,-0.345,-2.765,-2.347,-3.096
71.638,67.762,44.079,-7.930,-0.307,-2.082,-1.720,-2.641
71.649,52.991,48.581,48.230,0.680,-1.390,-1.131,-2.136
71.659,51.893,52.012,22.396,1.535,-0.670,-0.486,-1.571
71.670,89.369,57.963,-14.616,0.145,0.013,0.250,-0.981
71.680,72.645,63.429,-17.950,-0.761,0.773,1.042,-0.333
71.690,61.170,63.078,5.608,-0.153,1.470,1.695,0.333
71.701,67.518,64.986,21.985,1.001,2.167,2.366,0.996
71.711,39.319,62.089,26.065,0.921,2.757,2.964,1.667
71.722,56.898,60.050,-17.803,-0.176,3.308,3.538,2.294
71.732,61.659,59.699,-33.402,-0.552,3.840,4.110,2.895
71.743,31.506,55.160,-11.143,-0.473,4.304,4.584,3.477
71.753,50.062,51.110,-15.000,-0.699,4.726,5.003,4.001
71.764,24.792,43.435,17.576,0.133,5.054,5.274,4.475
71.774,-10.242,31.900,20.936,0.773,5.099,5.322,4.837
71.785,13.195,22.405,-7.510,0.117,5.039,5.299,5.075
71.795,9.899,15.645,10.827,0.452,5.022,5.249,5.225
71.805,-22.571,8.028,43.542,1.984,5.033,5.154,5.322
71.816,-25.257,-1.044,-22.830,0.025,4.732,4.937,5.323
71.826,1.476,-6.879,-24.421,-1.490,4.411,4.685,5.222
71.837,-17.200,-9.228,27.559,0.471,4.335,4.506,5.102
71.847,-31.239,-15.433,5.210,1.153,4.041,4.180,4.942
71.858,-24.647,-19.096,6.764,1.439,3.762,3.883,4.735
71.868,-47.841,-25.339,37.188,3.450,3.398,3.463,4.486
71.878,-48.817,-30.286,-5.889,2.225,2.896,3.029,4.182
71.889,-58.095,-34.233,-48.894,-1.404,2.382,2.610,3.827
71.899,-58.339,-44.762,12.506,-0.659,1.702,1.881,3.369
71.910,-62.856,-49.265,33.848,1.540,1.146,1.244,2.860
71.920,-56.630,-53.612,-6.768,0.557,0.481,0.621,2.315
71.931,-70.058,-58.016,-3.379,0.516,-0.214,-0.080,1.723
71.941,-92.154,-66.068,12.707,1.211,-1.068,-0.942,1.072
71.952,-87.149,-71.558,9.397,1.053,-1.938,-1.799,0.351
71.962,-66.030,-70.701,-11.609,0.508,-2.645,-2.490,-0.389
71.973,-50.282,-66.635,4.473,0.655,-3.235,-3.083,-1.094
71.983,-61.757,-64.085,19.431,1.050,-3.804,-3.656,-1.752
71.993,-57.607,-61.514,-13.994,0.453,-4.381,-4.202,-2.378
72.003,-39.418,-58.307,-21.651,-0.224,-4.902,-4.689,-2.961
72.014,-41.127,-53.032,47.649,1.079,-5.235,-5.108,-3.493
72.024,-8.533,-41.944,-4.567,1.269,-5.347,-5.246,-3.930
72.034,-13.172,-33.900,-6.087,0.962,-5.477,-5.370,-4.273
72.045,-24.036,-29.373,21.323,1.427,-5.614,-5.538,-4.558
72.056,-20.862,-20.871,30.118,1.955,-5.546,-5.499,-4.765
72.066,-15.003,-16.894,0.088,1.385,-5.600,-5.544,-4.914
72.077,14.172,-8.860,-30.917,-0.609,-5.547,-5.406,-5.003
72.088,15.881,-1.927,-45.349,-3.407,-5.410,-5.190,-5.017
72.099,42.249,6.471,-52.420,-4.205,-5.133,-4.922,-4.971
72.111,40.418,16.016,-44.899,-4.702,-4.664,-4.484,-4.814
72.123,45.301,24.320,-31.843,-4.141,-4.064,-3.969,-4.549
72.135,42.737,32.764,12.766,-3.721,-3.415,-3.356,-4.188
72.147,62.757,40.434,7.327,-3.564,-2.741,-2.692,-3.741
72.159,78.383,47.855,-39.291,-3.801,-1.979,-1.957,-3.199
72.172,78.383,55.351,-42.677,-5.242,-1.141,-1.119,-2.572
72.184,89.858,62.563,-34.424,-5.992,-0.228,-0.187,-1.866
72.196,62.879,65.110,-20.300,-5.333,0.622,0.625,-1.117
72.208,94.252,72.010,-10.894,-4.752,1.653,1.626,-0.312
72.220,94.252,75.850,-12.144,-3.735,2.726,2.619,0.564
72.232,97.548,76.391,-35.283,-2.906,3.697,3.494,1.454
72.244,84.731,73.352,-43.156,-3.300,4.515,4.275,2.334
72.256,83.876,71.543,-40.601,-3.611,5.315,5.059,3.171
72.269,34.314,62.765,-47.634,-4.679,5.754,5.539,3.934
72.281,40.662,55.379,-37.986,-5.496,6.129,5.945,4.566
72.292,23.327,45.916,-26.257,-5.709,6.352,6.185,5.082
72.304,7.824,35.365,-1.934,-5.107,6.465,6.260,5.478
72.316,-3.406,23.641,14.850,-3.947,6.410,6.153,5.736
72.328,-10.974,12.774,7.604,-2.407,6.256,5.943,5.876
72.340,-8.411,1.421,13.553,-0.993,5.970,5.604,5.891
72.351,-34.413,-8.983,37.208,0.530,5.608,5.220,5.800
72.362,-60.414,-19.043,35.012,2.338,5.213,4.748,5.615
72.372,-69.936,-30.364,0.571,0.792,4.542,4.161,5.317
72.383,-56.630,-38.908,-52.023,-1.405,3.904,3.560,4.911
72.393,-58.705,-46.589,-22.729,-0.892,3.256,2.863,4.417
72.404,-72.134,-53.219,22.824,0.150,2.574,2.133,3.861
72.414,-74.453,-56.530,6.562,0.388,1.899,1.455,3.264
72.425,-64.443,-60.354,46.377,1.605,1.205,0.734,2.639
72.435,-59.316,-58.681,5.340,2.133,0.653,0.191,2.041
72.447,-68.838,-57.068,4.134,-1.413,-0.035,-0.400,1.345
72.457,-51.503,-56.682,-49.306,-2.973,-0.567,-0.926,0.760
72.467,-46.254,-57.107,-3.006,-1.949,-1.075,-1.505,0.170
72.477,-46.742,-55.559,54.740,-0.122,-1.570,-2.062,-0.417
72.487,-46.132,-53.519,-17.600,-0.100,-2.087,-2.548,-0.959
72.499,-55.409,-47.242,-28.814,-3.188,-2.615,-2.937,-1.550
72.509,-28.553,-44.623,-54.251,-5.620,-3.040,-3.293,-2.023
72.519,-41.371,-44.555,56.118,-1.336,-3.279,-3.747,-2.476
72.529,-40.883,-40.626,26.138,-0.514,-3.511,-4.044,-2.880
72.539,-18.421,-35.594,-43.238,-2.251,-3.699,-4.228,-3.241
72.549,2.209,-25.464,2.275,-1.464,-3.663,-4.241,-3.527
72.559,-6.336,-18.874,6.770,-0.354,-3.654,-4.261,-3.719
72.570,14.172,-10.229,-14.041,-0.622,-3.574,-4.150,-3.837
72.580,12.829,-4.111,21.569,0.527,-3.404,-4.024,-3.874
72.592,2.575,0.918,5.884,0.358,-3.241,-3.866,-3.843
72.604,-0.842,4.420,-10.661,-0.667,-3.099,-3.677,-3.762
72.614,39.929,11.931,-32.776,-1.044,-2.800,-3.374,-3.654
72.624,47.010,20.085,25.781,0.164,-2.337,-2.985,-3.460
72.634,17.102,21.442,17.585,1.759,-1.990,-2.696,-3.208
72.644,31.262,24.653,24.518,1.925,-1.667,-2.363,-2.942
72.654,30.286,29.032,4.824,1.286,-1.281,-1.953,-2.636
72.664,53.724,35.534,-40.414,-2.112,-0.810,-1.395,-2.283
72.674,58.851,41.132,30.029,-0.051,-0.183,-0.875,-1.884
72.684,56.043,46.121,-0.154,0.583,0.386,-0.333,-1.432
72.694,50.306,46.892,10.301,0.878,0.899,0.159,-0.953
72.704,47.742,49.471,23.012,1.734,1.539,0.737,-0.445
72.714,56.776,50.744,-31.130,0.572,2.046,1.296,0.072
72.724,49.573,51.747,18.065,0.904,2.557,1.813,0.588
72.734,48.597,51.539,-23.225,-0.212,2.990,2.327,1.106
72.744,53.968,46.183,-13.535,-0.727,3.272,2.658,1.576
72.755,26.013,42.710,33.711,1.365,3.692,3.014,2.025
72.765,27.844,37.667,-0.870,0.876,3.922,3.282,2.422
72.775,16.003,31.266,9.376,0.883,4.059,3.431,2.749
72.785,19.909,27.803,-9.551,-0.017,4.196,3.619,3.033
72.796,23.205,25.107,-4.298,-0.194,4.377,3.798,3.280
72.806,9.167,22.601,30.293,1.544,4.618,3.975,3.516
72.817,-5.359,16.925,-23.827,-0.009,4.598,4.027,3.707
72.827,29.675,14.215,-36.051,-1.748,4.542,4.051,3.818
72.838,-11.219,11.189,27.371,1.057,4.649,4.077,3.927
72.848,-13.294,3.728,30.888,2.931,4.563,3.907,3.982
72.859,-26.478,-2.681,12.650,2.460,4.360,3.753,3.981
72.869,-22.694,-9.893,11.287,2.063,4.058,3.479,3.895
72.880,-57.607,-18.310,4.945,1.535,3.702,3.131,3.740
72.890,-25.257,-26.260,-39.483,-0.753,3.157,2.669,3.471
72.900,-33.070,-28.300,-26.042,-1.545,2.801,2.338,3.163
72.911,-30.873,-33.590,25.994,0.386,2.374,1.824,2.804
72.921,-41.981,-34.589,10.788,1.200,2.036,1.443,2.440
72.933,-33.436,-34.911,-19.016,0.456,1.568,1.020,2.009
72.944,-45.521,-37.598,-26.579,0.216,1.130,0.601,1.628
72.955,-37.709,-39.130,28.853,2.661,0.794,0.169,1.222
72.966,-42.470,-40.769,53.849,4.053,0.335,-0.330,0.795
72.976,-55.654,-44.806,49.909,6.694,-0.099,-0.862,0.375
72.987,-55.409,-47.377,6.708,5.333,-0.688,-1.374,-0.067
72.997,-55.776,-46.641,-36.897,1.882,-1.227,-1.754,-0.512
73.008,-27.088,-45.795,-36.933,-0.121,-1.816,-2.237,-1.007
73.018,-44.301,-45.086,-26.695,-0.281,-2.250,-2.661,-1.476
73.029,-41.493,-44.587,-8.395,-0.177,-2.687,-3.097,-1.937
73.040,-35.633,-42.637,-3.959,-0.052,-3.069,-3.476,-2.384
73.050,-28.797,-39.502,-7.208,-0.015,-3.364,-3.763,-2.790
73.061,-40.883,-36.694,4.516,0.435,-3.622,-4.032,-3.160
73.072,-21.839,-31.904,16.741,1.069,-3.816,-4.250,-3.491
73.082,-17.566,-26.748,21.079,1.800,-3.948,-4.405,-3.766
73.093,-5.725,-21.782,17.330,1.744,-4.060,-4.506,-3.987
73.104,-14.515,-16.698,-7.903,0.422,-4.134,-4.514,-4.144
73.114,-10.242,-9.808,-14.368,-0.807,-4.097,-4.423,-4.245
73.125,10.510,-4.210,-35.994,-1.421,-4.030,-4.333,-4.297
73.136,18.444,1.617,-33.610,-2.185,-3.902,-4.162,-4.285
73.146,28.577,8.418,-21.081,-2.746,-3.660,-3.887,-4.208
73.157,42.371,16.408,-16.197,-2.389,-3.275,-3.519,-4.055
73.168,46.644,22.036,0.735,-1.341,-2.840,-3.141,-3.827
73.178,60.194,29.875,1.567,-0.607,-2.311,-2.646,-3.525
73.189,73.622,35.065,10.471,-0.187,-1.817,-2.178,-3.164
73.200,48.108,39.020,30.631,0.703,-1.261,-1.673,-2.743
73.211,50.794,41.039,39.310,1.940,-0.707,-1.176,-2.285
73.221,50.062,43.285,29.028,2.219,-0.165,-0.657,-1.806
73.232,52.015,45.720,31.356,2.089,0.398,-0.091,-1.299
73.243,61.659,48.081,2.607,1.459,0.953,0.510,-0.771
73.254,65.321,50.920,-11.298,0.323,1.541,1.140,-0.222
73.264,59.705,50.206,-6.754,0.219,2.055,1.656,0.319
73.275,50.916,48.834,30.878,1.845,2.607,2.137,0.852
73.286,31.018,46.484,25.461,3.349,3.137,2.606,1.383
73.296,39.197,44.787,13.242,3.007,3.560,3.051,1.880
73.307,17.956,42.525,-9.980,2.294,3.985,3.509,2.369
73.318,42.005,39.687,-17.199,1.813,4.303,3.850,2.799
73.328,10.021,35.653,10.937,2.124,4.624,4.145,3.205
73.339,-9.510,26.429,12.863,2.982,4.718,4.227,3.522
73.350,7.336,19.565,-6.105,2.030,4.755,4.309,3.764
73.361,11.608,15.860,-24.260,0.998,4.814,4.395,3.946
73.372,17.956,14.805,-33.391,-0.405,4.885,4.533,4.084
73.382,7.580,10.551,11.101,1.279,4.987,4.545,4.196
73.393,-2.429,4.104,41.686,2.976,4.921,4.407,4.248
73.403,-20.130,-1.299,14.868,2.636,4.776,4.271,4.252
73.414,-8.899,-7.778,-20.862,1.654,4.493,4.035,4.181
73.424,-11.707,-12.238,-24.454,1.256,4.255,3.821,4.063
73.434,-29.774,-15.984,45.424,3.338,4.102,3.580,3.913
73.444,-42.958,-24.380,34.502,3.174,3.649,3.123,3.688
73.455,-31.849,-28.943,-11.337,1.189,3.108,2.682,3.385
73.465,-47.475,-34.111,-39.847,-2.122,2.560,2.238,3.038
73.476,-29.896,-39.361,-39.899,-3.441,1.915,1.653,2.607
73.486,-53.212,-42.779,9.856,-1.623,1.430,1.107,2.158
73.496,-75.674,-48.228,21.117,-0.458,0.906,0.523,1.689
73.506,-53.700,-50.184,-8.148,-0.907,0.351,-0.018,1.182
73.516,-41.981,-50.394,-5.148,-0.937,-0.164,-0.526,0.665
73.526,-66.640,-53.607,30.359,0.444,-0.681,-1.116,0.144
73.536,-56.386,-53.530,15.770,0.894,-1.195,-1.659,-0.389
73.546,-49.672,-51.831,-7.174,0.341,-1.688,-2.126,-0.907
73.556,-45.888,-51.119,-35.946,-1.415,-2.212,-2.590,-1.417
73.566,-40.638,-50.818,11.629,-0.197,-2.619,-3.093,-1.924
73.578,-38.197,-46.271,-36.259,-0.417,-3.044,-3.522,-2.478
73.588,-32.582,-43.394,8.348,0.803,-3.316,-3.879,-2.904
73.598,-18.665,-38.543,46.720,1.985,-3.511,-4.143,-3.283
73.608,-29.652,-35.397,38.892,3.145,-3.656,-4.361,-3.599
73.618,-13.782,-29.958,-2.899,1.854,-3.868,-4.516,-3.882
73.630,-2.551,-22.862,37.982,1.019,-3.977,-4.598,-4.149
73.640,-4.871,-17.467,21.026,1.537,-3.979,-4.614,-4.304
73.650,-1.697,-12.263,-24.598,-0.103,-4.055,-4.613,-4.417
73.660,-15.857,-8.600,-43.939,-0.937,-4.041,-4.558,-4.478
73.670,24.548,-1.564,-29.482,-1.511,-3.887,-4.383,-4.496
73.681,32.361,5.117,35.604,1.484,-3.531,-4.153,-4.436
73.691,26.013,10.137,51.474,2.414,-3.282,-3.920,-4.312
73.701,17.102,13.686,32.381,3.245,-3.005,-3.670,-4.138
73.711,36.145,21.920,-47.643,-0.324,-2.726,-3.245,-3.914
73.723,39.807,28.981,40.813,0.329,-2.163,-2.727,-3.569
73.733,41.150,33.964,-29.351,-1.764,-1.771,-2.251,-3.225
73.743,58.118,39.613,-28.351,-2.086,-1.260,-1.731,-2.839
73.753,44.568,42.865,-21.383,-2.648,-0.749,-1.202,-2.409
73.763,62.757,46.719,-1.537,-1.758,-0.168,-0.687,-1.962
73.775,47.864,48.778,-23.892,-1.671,0.522,-0.023,-1.363
73.785,73.134,53.574,-17.874,-1.848,1.149,0.594,-0.852
73.797,53.480,52.930,-28.521,-1.358,1.804,1.212,-0.209
73.809,50.916,53.567,-9.763,-1.465,2.429,1.838,0.408
73.820,45.301,51.378,-14.991,-1.594,2.949,2.355,0.977
73.831,43.592,47.007,-16.187,-1.563,3.377,2.769,1.501
73.843,48.719,45.473,-17.554,-1.814,3.842,3.233,2.021
73.853,41.883,43.060,18.420,-0.512,4.286,3.599,2.447
73.863,28.088,40.127,22.228,-0.127,4.578,3.893,2.841
73.873,31.628,38.220,-6.835,-0.206,4.884,4.201,3.211
73.883,39.197,35.274,-36.513,-2.566,5.086,4.460,3.542
73.893,18.078,30.239,15.413,-1.140,5.353,4.627,3.837
73.903,-6.580,21.540,23.501,-0.052,5.396,4.621,4.063
73.913,-6.214,14.307,-22.626,-0.947,5.299,4.581,4.206
73.923,-13.782,7.250,20.137,0.029,5.256,4.500,4.285
73.935,-15.125,-2.756,-9.204,-0.207,4.982,4.233,4.267
73.945,-39.418,-9.393,40.308,2.562,4.834,3.969,4.186
73.958,-39.051,-15.576,12.029,3.242,4.511,3.640,4.030
73.970,-34.779,-21.893,5.110,3.313,4.088,3.229,3.801
73.982,-41.371,-25.584,13.294,3.121,3.703,2.856,3.518
73.993,-54.189,-31.955,40.704,3.243,3.210,2.353,3.183
74.005,-50.160,-36.778,48.844,3.783,2.697,1.823,2.782
74.017,-48.573,-41.472,49.310,4.759,2.114,1.211,2.315
74.029,-49.916,-43.733,7.435,5.688,1.594,0.663,1.828
74.041,-46.010,-44.876,-14.620,5.670,1.002,0.103,1.322
74.053,-38.563,-46.368,-18.518,5.363,0.428,-0.451,0.803
74.065,-53.212,-47.958,-16.955,4.601,-0.179,-1.024,0.272
74.077,-39.662,-47.727,-20.225,3.844,-0.690,-1.527,-0.242
74.088,-23.792,-44.792,-21.702,2.872,-1.110,-1.920,-0.736
74.100,-23.670,-43.250,-22.349,2.021,-1.547,-2.342,-1.211
74.111,-31.849,-41.127,-14.532,1.043,-2.003,-2.751,-1.685
74.123,-32.704,-37.434,34.443,1.158,-2.294,-3.070,-2.124
74.135,-18.909,-33.403,32.475,1.016,-2.517,-3.316,-2.512
74.147,-38.563,-30.900,29.632,2.084,-2.721,-3.575,-2.844
74.158,-13.782,-25.956,4.185,2.424,-2.867,-3.728,-3.130
74.170,1.842,-18.677,-27.131,2.281,-2.837,-3.701,-3.333
74.182,-1.819,-13.632,-17.936,2.035,-2.821,-3.695,-3.474
74.194,7.580,-6.706,10.642,1.187,-2.755,-3.557,-3.547
74.205,24.060,-0.029,15.084,0.673,-2.628,-3.384,-3.551
74.217,38.587,7.865,31.536,0.706,-2.301,-3.064,-3.467
74.229,29.675,13.583,17.627,1.235,-1.939,-2.723,-3.296
74.241,41.883,19.782,-3.626,1.599,-1.489,-2.286,-3.046
74.253,47.742,26.187,-2.992,1.674,-0.977,-1.777,-2.725
74.265,40.784,31.325,-19.129,1.173,-0.448,-1.222,-2.332
74.277,42.981,36.626,-20.894,0.838,0.146,-0.602,-1.881
74.289,48.597,41.804,1.020,0.049,0.781,0.059,-1.382
74.301,52.991,45.470,31.452,0.113,1.424,0.692,-0.846
74.313,51.038,49.395,25.794,0.689,2.114,1.360,-0.264
74.326,82.289,56.132,4.506,1.307,2.930,2.167,0.381
74.338,84.731,61.862,5.247,1.664,3.815,3.042,1.106
74.350,68.373,62.890,-23.678,1.434,4.628,3.833,1.871
74.362,59.828,64.351,-18.985,1.097,5.452,4.660,2.652
74.374,70.692,67.054,-7.217,0.203,6.297,5.545,3.442
74.386,66.542,68.648,5.323,-0.211,7.149,6.412,4.253
74.398,53.113,66.905,4.837,-0.181,7.860,7.126,5.040
74.410,44.812,63.550,13.938,-0.223,8.510,7.762,5.788
74.422,50.550,61.517,31.556,0.082,9.205,8.424,6.502
74.434,51.282,58.309,35.295,0.972,9.797,8.969,7.173
74.446,48.475,54.904,3.305,1.945,10.321,9.471,7.811
74.458,37.732,48.428,-10.237,2.171,10.722,9.869,8.397
74.471,38.342,43.136,-18.160,2.128,11.059,10.192,8.901
74.483,32.605,37.531,-11.901,1.622,11.285,10.445,9.328
74.495,7.458,29.628,-15.793,0.991,11.345,10.545,9.669
74.507,-7.556,22.158,-6.120,0.688,11.349,10.566,9.917
74.519,-28.797,12.703,-2.995,-0.023,11.154,10.414,10.055
74.531,-15.125,5.399,34.595,-0.018,10.973,10.231,10.084
74.543,-22.571,-0.816,41.809,1.002,10.785,9.987,10.035
74.555,-16.346,-8.088,7.995,1.174,10.413,9.608,9.904
74.567,-12.195,-12.339,-16.123,1.857,10.126,9.306,9.724
74.579,-38.197,-18.880,-39.746,1.991,9.700,8.885,9.487
74.591,-30.384,-24.122,-41.480,1.325,9.211,8.401,9.170
74.603,-48.329,-30.104,-35.850,-0.424,8.574,7.838,8.775
74.615,-56.020,-36.674,27.335,-0.716,7.905,7.158,8.290
74.628,-60.292,-42.305,52.531,-0.112,7.269,6.471,7.745
74.640,-36.000,-46.216,37.525,1.110,6.585,5.739,7.145
74.652,-52.602,-48.558,-11.863,2.049,5.944,5.055,6.535
74.664,-63.344,-51.245,-31.923,1.743,5.255,4.368,5.904
74.676,-56.264,-51.653,-2.928,0.994,4.579,3.730,5.251
74.688,-37.587,-50.904,40.251,1.205,3.951,3.093,4.597
74.700,-36.610,-49.815,24.164,2.107,3.407,2.519,3.978
74.712,-41.615,-46.957,2.994,2.682,2.949,2.047,3.402
74.724,-35.023,-42.876,-11.709,2.762,2.530,1.645,2.859
74.736,-17.933,-40.016,-0.112,2.501,2.062,1.198,2.347
74.748,-22.083,-34.216,-7.829,2.364,1.789,0.941,1.909
74.760,-10.120,-28.570,-37.284,2.015,1.581,0.769,1.546
74.772,-2.673,-21.663,-29.022,0.961,1.443,0.699,1.251
74.784,11.852,-13.548,30.762,0.765,1.447,0.713,1.032
74.796,6.481,-7.601,2.338,0.424,1.456,0.754,0.905
74.808,3.673,-2.073,-33.948,0.479,1.549,0.856,0.854
74.820,33.704,4.847,-40.846,-0.171,1.710,1.069,0.869
74.832,26.257,11.581,-21.210,-1.076,1.961,1.365,0.964
74.844,38.587,19.645,7.523,-1.301,2.362,1.796,1.143
74.856,38.831,27.375,19.489,-1.526,2.874,2.313,1.413
74.868,46.888,33.322,47.014,-0.989,3.409,2.808,1.748
74.880,77.894,40.805,23.395,-0.924,4.019,3.420,2.159
74.892,56.532,46.666,-9.488,-0.312,4.713,4.069,2.666
74.904,58.241,52.700,-33.485,-0.127,5.523,4.867,3.264
74.916,66.664,57.448,31.513,0.298,6.328,5.654,3.907
74.928,74.110,60.484,52.249,1.165,7.118,6.396,4.584
74.940,74.965,61.407,-7.606,0.997,7.804,7.101,5.286
74.952,53.113,60.667,-41.419,0.570,8.495,7.798,6.001
74.964,50.184,59.831,-11.072,0.425,9.158,8.480,6.701
74.976,42.127,56.163,17.312,-0.404,9.648,8.990,7.337
74.989,37.488,52.339,37.363,-0.087,10.147,9.454,7.926
75.001,32.849,45.890,12.215,0.098,10.462,9.760,8.449
75.013,43.225,40.189,-5.194,0.791,10.747,10.008,8.894
75.025,25.647,35.035,-31.336,0.695,10.940,10.233,9.281
75.037,-6.580,26.154,-6.581,0.568,10.964,10.269,9.579
75.049,-8.533,17.745,-6.925,-0.043,10.872,10.205,9.751
75.060,-3.406,10.145,2.231,-0.384,10.727,10.075,9.831
75.072,-21.107,1.417,9.989,-0.474,10.430,9.779,9.805
75.084,-17.689,-5.880,0.454,-0.075,10.097,9.432,9.686
75.095,-13.660,-12.645,-18.590,-0.082,9.705,9.052,9.494
75.106,-40.516,-20.336,-2.413,-0.224,9.229,8.585,9.241
75.116,-30.750,-27.377,21.166,1.284,8.768,8.060,8.915
75.126,-53.578,-32.693,-5.823,0.463,8.203,7.550,8.543
75.136,-60.659,-39.126,-34.398,-0.416,7.641,7.017,8.126
75.146,-44.667,-45.254,-20.309,-0.384,6.991,6.347,7.611
75.157,-68.838,-52.828,33.629,2.439,6.339,5.557,7.038
75.167,-77.017,-62.452,42.845,4.889,5.552,4.663,6.394
75.177,-86.172,-68.915,42.154,6.078,4.749,3.789,5.699
75.187,-116.324,-78.601,-8.221,4.728,3.720,2.823,4.951
75.198,-92.398,-82.088,-40.174,2.287,2.701,1.924,4.122
75.208,-94.839,-84.614,0.565,3.390,1.881,1.051,3.277
75.218,-83.486,-85.875,13.374,3.887,1.035,0.196,2.427
75.228,-68.960,-83.763,26.531,4.889,0.264,-0.617,1.567
75.238,-83.731,-83.448,16.743,5.138,-0.536,-1.421,0.725
75.249,-62.368,-80.894,20.371,5.162,-1.305,-2.181,-0.104
75.259,-65.908,-78.728,21.547,4.852,-2.069,-2.908,-0.899
75.270,-72.500,-76.223,18.839,4.903,-2.783,-3.603,-1.668
75.280,-61.879,-72.672,9.460,4.428,-3.448,-4.226,-2.386
75.290,-52.846,-66.881,-20.822,2.951,-4.038,-4.721,-3.038
75.302,-44.545,-58.858,14.462,2.429,-4.575,-5.217,-3.741
75.312,-23.304,-49.364,-2.156,2.112,-4.809,-5.429,-4.228
75.322,-9.021,-40.953,5.591,1.989,-5.011,-5.619,-4.631
75.332,-23.304,-34.737,6.895,1.859,-5.214,-5.802,-4.965
75.343,-8.045,-24.775,-8.779,1.398,-5.258,-5.816,-5.232
75.354,13.928,-15.016,-31.777,-0.385,-5.236,-5.705,-5.394
75.365,27.234,-5.469,-40.536,-1.066,-5.096,-5.507,-5.467
75.375,41.516,4.062,-33.922,-1.075,-4.834,-5.220,-5.438
75.386,40.784,12.439,-2.978,-0.603,-4.453,-4.854,-5.306
75.397,40.174,20.224,9.041,0.368,-3.989,-4.436,-5.088
75.407,53.236,28.942,28.689,0.947,-3.437,-3.914,-4.782
75.418,37.122,34.147,24.545,1.834,-2.884,-3.381,-4.391
75.429,41.394,39.753,23.460,2.936,-2.272,-2.810,-3.944
75.439,53.236,43.246,16.495,2.933,-1.726,-2.259,-3.460
75.450,59.705,48.133,12.703,3.087,-1.087,-1.614,-2.928
75.461,52.503,50.955,15.436,2.877,-0.484,-0.991,-2.357
75.471,54.212,54.297,-7.054,1.463,0.156,-0.289,-1.756
75.482,65.199,57.505,-17.474,0.097,0.807,0.408,-1.146
75.493,69.593,61.192,-27.236,-0.543,1.539,1.166,-0.499
75.504,76.185,62.129,-33.461,-1.540,2.147,1.832,0.155
75.514,54.090,61.514,13.894,-0.649,2.841,2.479,0.813
75.525,42.249,59.446,47.730,1.242,3.490,3.042,1.447
75.536,51.771,58.183,27.241,1.912,4.120,3.636,2.076
75.546,58.973,54.562,-11.692,0.923,4.593,4.133,2.666
75.557,41.516,49.740,-10.925,0.727,4.986,4.550,3.208
75.568,43.592,45.180,5.378,0.978,5.318,4.879,3.690
75.579,40.540,43.008,-11.033,0.415,5.632,5.214,4.122
75.589,23.938,37.673,-12.142,0.129,5.896,5.476,4.519
75.600,13.684,30.633,37.795,1.087,6.080,5.584,4.845
75.611,-14.393,20.138,24.087,1.929,6.043,5.524,5.080
75.621,-13.172,11.306,8.808,1.679,5.891,5.414,5.213
75.632,-17.811,3.647,15.719,1.595,5.736,5.265,5.259
75.643,-42.836,-5.455,12.041,1.128,5.448,4.994,5.217
75.653,-4.382,-10.669,-34.000,-0.681,5.075,4.705,5.074
75.664,-0.598,-11.072,-31.823,-1.724,4.869,4.548,4.909
75.675,-46.132,-18.220,-1.748,-0.863,4.532,4.167,4.709
75.686,-66.518,-30.910,27.590,0.216,3.882,3.519,4.398
75.696,-42.958,-36.676,-0.078,-0.248,3.242,2.944,3.988
75.707,-59.194,-43.008,8.492,-0.032,2.638,2.329,3.531
75.718,-77.993,-51.763,26.735,0.421,1.916,1.570,2.997
75.728,-68.471,-56.899,-20.225,-1.211,1.102,0.827,2.380
75.739,-54.189,-58.783,-34.909,-3.301,0.379,0.150,1.724
75.750,-65.053,-61.257,-13.085,-2.564,-0.296,-0.578,1.047
75.760,-88.125,-66.234,36.904,0.496,-1.025,-1.399,0.351
75.771,-81.167,-68.977,32.519,1.607,-1.804,-2.229,-0.387
75.782,-62.734,-66.593,13.683,0.663,-2.472,-2.857,-1.107
75.793,-53.945,-65.090,-45.166,-0.745,-3.116,-3.471,-1.801
75.803,-28.675,-60.385,-10.698,0.074,-3.602,-3.992,-2.462
75.814,-44.301,-55.911,19.506,1.698,-3.992,-4.463,-3.055
75.825,-59.560,-53.671,11.124,1.717,-4.462,-4.922,-3.595
75.836,-44.545,-52.116,9.590,1.810,-4.952,-5.411,-4.126
75.846,-35.023,-44.011,27.434,2.661,-5.173,-5.653,-4.587
75.857,-27.210,-39.053,-14.757,1.804,-5.476,-5.893,-4.976
75.868,-7.434,-29.183,-42.855,-0.677,-5.602,-5.921,-5.295
75.878,15.881,-18.697,-24.261,-0.850,-5.523,-5.839,-5.507
75.889,23.205,-9.095,39.646,1.963,-5.269,-5.708,-5.611
75.900,18.200,1.363,41.264,5.198,-4.886,-5.410,-5.576
75.911,9.655,9.011,35.473,3.946,-4.573,-5.069,-5.440
75.921,42.005,19.735,-41.998,0.339,-4.151,-4.549,-5.226
75.932,62.269,30.060,-48.652,-0.864,-3.606,-3.944,-4.912
75.943,60.682,35.741,44.414,2.478,-2.885,-3.416,-4.516
75.953,38.220,38.940,55.894,5.404,-2.208,-2.873,-4.046
75.964,49.695,44.562,13.521,3.844,-1.583,-2.207,-3.527
75.975,57.264,48.525,-22.277,2.200,-0.972,-1.540,-2.977
75.986,86.440,53.378,-37.048,0.970,-0.349,-0.840,-2.402
75.996,66.786,58.532,-3.473,1.483,0.439,-0.080,-1.767
76.007,43.103,58.243,39.131,2.981,1.128,0.561,-1.109
76.018,64.710,61.862,-5.377,0.818,1.775,1.302,-0.448
76.029,82.533,66.098,-35.026,-1.709,2.479,2.093,0.231
76.039,74.965,68.113,-10.483,-1.485,3.217,2.833,0.931
76.050,75.453,70.446,-15.737,-1.618,3.976,3.600,1.647
76.061,82.533,68.624,-38.166,-2.135,4.604,4.254,2.363
76.071,47.010,64.729,46.142,1.375,5.330,4.837,3.063
76.082,30.774,56.470,48.605,4.353,5.819,5.225,3.702
76.093,28.699,49.975,-5.633,3.006,6.118,5.615,4.264
76.104,26.501,42.396,-17.546,1.850,6.313,5.869,4.733
76.114,-1.331,31.463,7.925,2.323,6.373,5.937,5.101
76.125,3.551,22.134,10.578,2.296,6.329,5.903,5.348
76.136,-7.923,13.879,13.085,2.246,6.264,5.854,5.512
76.146,-20.252,3.866,40.336,3.098,6.088,5.622,5.569
76.157,-40.028,-6.644,6.094,2.381,5.737,5.287,5.521
76.168,-39.418,-15.335,-17.286,0.237,5.251,4.889,5.356
76.179,-40.516,-23.238,-27.983,-0.281,4.792,4.445,5.106
76.189,-64.809,-33.299,33.674,1.247,4.283,3.844,4.768
76.199,-83.853,-44.427,23.453,1.777,3.625,3.128,4.341
76.210,-71.157,-53.339,-34.336,-0.961,2.806,2.395,3.809
76.220,-38.197,-54.881,-25.218,-2.022,2.120,1.739,3.181
76.231,-61.635,-59.805,11.266,-0.277,1.433,0.975,2.532
76.242,-80.557,-65.663,14.055,0.876,0.636,0.141,1.848
76.252,-82.388,-70.498,21.529,1.382,-0.225,-0.726,1.111
76.263,-77.261,-71.866,20.643,2.108,-0.995,-1.517,0.348
76.274,-62.368,-69.443,4.577,1.683,-1.696,-2.187,-0.391
76.284,-47.230,-65.267,-15.615,0.759,-2.288,-2.730,-1.059
76.295,-53.212,-60.664,22.482,1.485,-2.753,-3.238,-1.703
76.305,-52.358,-58.317,14.742,1.658,-3.276,-3.779,-2.311
76.316,37.854,-42.906,-9.788,0.486,-3.461,-3.919,-2.843
76.327,120.010,6.845,-28.952,0.186,-2.207,-2.656,-2.952
76.337,117.569,42.318,7.965,1.381,-0.915,-1.406,-2.635
76.347,100.600,64.003,-8.705,1.339,0.303,-0.184,-2.019
76.358,73.011,69.539,19.816,2.220,1.261,0.696,-1.279
76.368,47.864,65.046,-10.619,1.990,1.836,1.294,-0.555
76.379,-57.973,39.682,9.929,9.149,1.929,1.317,0.063
76.389,49.207,29.133,-50.307,11.210,2.095,1.511,0.492
76.400,19.421,21.667,-28.922,10.992,2.123,1.726,0.859
76.411,13.073,15.514,-2.807,11.044,2.185,1.944,1.188
76.423,3.796,11.974,-1.034,10.980,2.258,2.132,1.453
76.434,-89.712,-15.244,20.016,13.570,2.053,1.771,1.585
76.445,39.075,-13.404,-24.113,11.723,1.676,1.588,1.477
76.457,-19.764,15.565,6.288,5.730,2.193,2.328,1.627
76.468,-30.018,-5.465,38.039,7.980,1.929,1.917,1.692
76.480,30.652,-1.636,-15.902,6.477,1.820,1.960,1.689
76.491,3.673,1.231,-1.035,4.624,1.792,2.070,1.734
76.503,7.824,9.831,-5.446,2.596,1.998,2.340,1.834
76.514,8.801,11.113,19.653,5.361,2.308,2.486,1.974
76.525,-18.055,3.352,4.949,4.534,2.083,2.466,2.093
76.537,-15.613,-3.295,6.035,5.070,2.002,2.363,2.122
76.548,-7.190,-6.443,-6.277,3.544,1.842,2.276,2.091
76.559,0.500,-4.381,-10.734,2.936,1.772,2.266,2.045
76.570,7.580,0.380,-3.329,1.495,1.752,2.334,2.025
76.582,14.416,6.051,4.092,1.530,1.901,2.480,2.061
76.594,2.453,5.609,11.520,2.007,2.001,2.543,2.134
76.604,-10.730,3.091,5.359,2.119,2.006,2.540,2.186
76.614,-4.505,0.154,0.501,2.004,1.938,2.477,2.202
76.625,-1.209,-1.261,1.333,1.687,1.879,2.433,2.194
76.635,-4.627,-1.596,-0.319,1.490,1.837,2.405,2.179
76.645,-1.209,-0.163,-2.237,0.942,1.835,2.434,2.169
76.656,9.289,2.871,2.393,0.848,1.919,2.522,2.179
76.666,11.974,4.683,-0.085,0.721,1.993,2.604,2.212
76.676,2.209,3.190,8.092,1.264,2.032,2.610,2.248
76.687,-1.086,0.970,0.367,1.176,1.970,2.554,2.260
76.697,-3.650,-0.514,0.880,1.090,1.931,2.519,2.257
76.708,3.185,-0.659,-1.395,0.876,1.903,2.502,2.245
76.718,-2.795,-1.624,0.772,0.818,1.851,2.453,2.224
76.728,2.819,-0.097,-0.280,0.711,1.871,2.479,2.209
76.738,2.697,1.515,0.277,0.585,1.907,2.521,2.210
76.749,2.819,2.727,0.323,0.552,1.953,2.569,2.225
76.759,4.406,3.356,3.136,0.694,2.008,2.615,2.251
76.769,-7.068,2.101,0.264,0.922,2.013,2.606,2.273
76.780,-1.819,-0.491,0.085,0.832,1.929,2.528,2.269
76.790,-1.453,-1.415,-0.473,0.767,1.875,2.477,2.248
76.801,4.284,0.187,0.394,0.677,1.905,2.511,2.235
76.811,-4.382,-0.100,0.045,0.656,1.895,2.502,2.229
76.821,1.720,0.370,1.331,0.634,1.911,2.518,2.224
76.832,0.988,1.106,0.313,0.770,1.933,2.533,2.224
76.843,3.796,0.156,0.807,0.768,1.897,2.494,2.212
76.854,3.551,-0.160,0.401,0.760,1.879,2.474,2.197
76.865,6.237,0.200,-0.040,0.642,1.854,2.453,2.178
76.876,-4.505,-0.970,0.333,0.616,1.812,2.410,2.160
76.887,3.307,0.378,1.125,0.712,1.832,2.422,2.145
76.898,7.214,1.223,0.433,0.664,1.830,2.421,2.137
76.910,-1.941,0.695,0.654,0.676,1.829,2.417,2.137
76.921,-2.795,-0.085,0.847,0.640,1.807,2.395,2.129
76.932,0.622,-0.039,0.044,0.637,1.804,2.389,2.117
76.943,2.819,-0.081,0.917,0.665,1.779,2.361,2.099
76.954,-0.354,0.457,0.554,0.675,1.778,2.357,2.088
76.965,-4.016,-0.302,0.919,0.661,1.747,2.325,2.077
76.976,0.500,-0.404,1.002,0.682,1.723,2.297,2.059
76.987,2.819,0.526,0.716,0.664,1.744,2.317,2.051
76.999,-3.772,-1.338,0.585,0.663,1.689,2.260,2.033
77.010,-3.040,-0.395,0.550,0.658,1.693,2.262,2.014
77.021,-5.969,-0.992,0.253,0.624,1.665,2.233,1.995
77.032,-2.185,-1.034,0.463,0.624,1.642,2.208,1.972
77.043,-0.232,-0.811,0.672,0.633,1.620,2.184,1.949
77.054,-0.964,-0.771,1.044,0.648,1.608,2.169,1.932
77.065,-2.185,-0.348,0.631,0.648,1.596,2.155,1.913
77.077,4.406,0.565,0.507,0.644,1.604,2.160,1.902
77.088,-4.871,0.494,0.547,0.639,1.600,2.155,1.899
77.099,0.011,0.556,0.379,0.628,1.607,2.161,1.896
77.110,0.255,-0.002,0.713,0.609,1.587,2.140,1.887
77.121,-2.063,0.170,0.588,0.620,1.573,2.123,1.874
77.132,-1.697,-0.681,0.463,0.617,1.545,2.092,1.860
77.143,-1.819,0.648,0.716,0.620,1.562,2.107,1.851
77.155,2.331,0.126,0.504,0.612,1.555,2.098,1.846
77.166,-0.720,-0.048,0.671,0.609,1.534,2.076,1.834
77.177,-5.847,-0.862,0.463,0.592,1.503,2.044,1.818
77.188,6.847,-0.008,0.588,0.581,1.491,2.030,1.797
77.199,-3.528,-0.073,0.630,0.570,1.468,2.006,1.784
77.210,-2.673,0.151,0.751,0.595,1.457,1.992,1.771
77.221,-2.063,0.297,0.461,0.591,1.442,1.975,1.761
77.232,5.993,0.823,0.801,0.598,1.440,1.970,1.753
77.244,-0.964,-0.060,0.503,0.603,1.419,1.947,1.746
77.255,0.866,0.730,0.792,0.626,1.415,1.940,1.737
77.266,-3.894,0.851,0.420,0.631,1.414,1.937,1.736
77.277,3.307,1.556,0.505,0.629,1.436,1.957,1.741
77.288,-3.528,1.409,0.544,0.633,1.436,1.955,1.747
77.299,1.110,1.083,0.423,0.612,1.438,1.956,1.753
77.310,-0.720,0.694,0.586,0.628,1.438,1.954,1.754
77.321,2.941,-0.201,0.631,0.630,1.417,1.930,1.746
77.333,-0.720,0.024,0.548,0.635,1.422,1.933,1.737