R
Px,Ix,Dx,Py,Iy,Dy,Pz,Iz,FFrx,FFry,FFdrx,FFdry,satI,satPID,DTermC,GparamC,AparamC,KFQAng,KFQbias,KFRmeas,CPx,CIx,CPy,CIy,CsatI,CsatPID,CFFdrx,CFFdry,CFalpha,FFDTermC,IRelaxR,IRelaxE,DmaxR,DmaxE,DMx,DMy
180,0,1900,180,0,2100,500,150,0,0,0,0,7,75,10,10.0,64.0,0.000100,0.003000,50,30,0,30,0,75,300,0,0,0.995,10.000,300,100,300,100,1900,2100
sysTime,PIDRefX,PIDRefY,PIDRefZ,PIDSensX,PIDSensY,PIDSensZ
440.461,0.000,-0.297,0.000,-24.966,2.349,-3.200
440.466,0.000,-0.297,0.000,-24.966,2.349,-3.200
440.471,0.000,-0.297,0.000,-24.966,2.349,-3.200
440.476,0.000,-0.297,0.000,-24.966,2.349,-3.200
440.481,0.000,-0.297,0.000,-24.966,2.349,-3.200
440.486,0.000,-0.297,0.000,-24.966,2.349,-3.200
440.491,0.000,-0.297,0.000,-24.966,2.349,-3.200
440.497,0.000,-0.297,0.000,-24.966,2.349,-3.200
440.502,0.000,-0.297,0.000,-24.966,2.349,-3.200
440.507,0.000,-0.297,0.000,-24.966,2.349,-3.200
440.512,0.000,-0.297,0.000,-24.966,2.349,-3.200
440.517,0.000,-0.297,0.000,-24.966,2.349,-3.200
440.522,0.000,-0.297,0.000,-24.966,2.349,-3.200
440.527,0.000,-0.297,0.000,-24.966,2.349,-3.200
440.532,0.000,-0.297,0.000,-24.966,2.349,-3.200
440.537,0.000,-0.297,0.000,-24.966,2.349,-3.200
440.542,0.000,-0.297,0.000,-24.966,2.349,-3.200
440.547,0.000,-0.297,0.000,-24.966,2.349,-3.200
440.552,0.000,-0.297,0.000,-24.966,2.349,-3.200
440.558,0.000,-0.297,0.000,-24.966,2.349,-3.200
440.563,0.000,-0.297,0.000,-24.966,2.349,-3.200
440.568,0.000,-0.297,0.000,-24.966,2.349,-3.200
440.573,0.000,-0.297,0.000,-24.966,2.349,-3.200
440.578,0.000,-0.297,0.000,-24.966,2.349,-3.200
440.583,0.000,-0.297,0.000,-24.966,2.349,-3.200
440.588,0.000,-0.297,0.000,-24.966,2.349,-3.200
440.593,0.000,-0.297,0.000,-24.966,2.349,-3.200
440.598,0.000,-0.297,0.000,-24.966,2.349,-3.200
440.603,0.000,-0.297,0.000,-24.966,2.349,-3.200
440.608,0.000,-0.297,0.000,-24.966,2.349,-3.200
440.613,0.000,-0.297,0.000,-24.966,2.349,-3.200
440.619,0.000,-0.297,0.000,-24.966,2.349,-3.200
440.624,0.000,-0.297,0.000,-24.966,2.349,-3.200
440.629,0.000,-0.297,0.000,-24.966,2.349,-3.200
440.634,0.000,-0.297,0.000,-24.966,2.349,-3.200
440.639,0.000,-0.297,0.000,-24.966,2.349,-3.200
440.644,0.000,-0.297,0.000,-24.966,2.349,-3.200
440.649,0.000,-0.297,0.000,-24.966,2.349,-3.200
440.654,0.000,-0.297,0.000,-24.966,2.349,-3.200
440.659,0.000,-0.297,0.000,-24.966,2.349,-3.200
440.664,0.000,-0.297,0.000,-24.966,2.349,-3.200
440.669,0.000,-0.297,0.000,-24.966,2.349,-3.200
440.674,0.000,-0.297,0.000,-24.966,2.349,-3.200
440.680,0.000,-0.297,0.000,-24.966,2.349,-3.200
440.685,0.000,-0.297,0.000,-24.966,2.349,-3.200
440.690,0.000,-0.297,0.000,-24.966,2.349,-3.200
440.695,0.000,-0.297,0.000,-24.966,2.349,-3.200
440.700,0.000,-0.297,0.000,-24.966,2.349,-3.200
440.705,0.000,-0.297,0.000,-24.966,2.349,-3.200
440.710,0.000,-0.297,0.000,-24.966,2.349,-3.200
440.715,0.000,-0.297,0.000,-24.966,2.349,-3.200
440.720,0.000,-0.297,0.000,-24.966,2.349,-3.200
440.725,0.000,-0.297,0.000,-24.966,2.349,-3.200
440.731,0.000,-0.297,0.000,-24.966,2.349,-3.200
440.736,0.000,-0.297,0.000,-24.966,2.349,-3.200
440.741,0.000,-0.297,0.000,-24.966,2.349,-3.200
440.746,0.000,-0.297,0.000,-24.966,2.349,-3.200
440.751,0.000,-0.297,0.000,-24.966,2.349,-3.200
440.756,0.000,-0.297,0.000,-24.966,2.349,-3.200
440.761,0.000,-0.297,0.000,-24.966,2.349,-3.200
440.766,0.000,-0.297,0.000,-24.966,2.349,-3.200
440.771,0.000,-0.297,0.000,-24.966,2.349,-3.200
440.776,0.000,-0.297,0.000,-24.966,2.349,-3.200
440.781,0.000,-0.297,0.000,-24.966,2.349,-3.200
440.786,0.000,-0.297,0.000,-24.966,2.349,-3.200
440.791,0.000,-0.297,0.000,-24.966,2.349,-3.200
440.797,0.000,-0.297,0.000,-24.966,2.349,-3.200
440.802,0.000,-0.297,0.000,-24.966,2.349,-3.200
440.807,0.000,-0.297,0.000,-24.966,2.349,-3.200
440.812,0.000,-0.297,0.000,-24.966,2.349,-3.200
440.817,0.000,-0.297,0.000,-24.966,2.349,-3.200
440.822,0.000,-0.297,0.000,-24.966,2.349,-3.200
440.827,0.000,-0.297,0.000,-24.966,2.349,-3.200
440.832,0.000,-0.297,0.000,-24.966,2.349,-3.200
440.837,0.000,-0.297,0.000,-24.966,2.349,-3.200
440.842,0.000,-0.297,0.000,-24.966,2.349,-3.200
440.848,0.000,-0.297,0.000,-24.966,2.349,-3.200
440.853,0.000,-0.297,0.000,-24.966,2.349,-3.200
440.858,0.000,-0.297,0.000,-24.966,2.349,-3.200
440.863,0.000,-0.297,0.000,-24.966,2.349,-3.200
440.868,0.000,-0.297,0.000,-24.966,2.349,-3.200
440.873,0.000,-0.297,0.000,-24.966,2.349,-3.200
440.878,0.000,-0.297,0.000,-24.966,2.349,-3.200
440.883,0.000,-0.297,0.000,-24.966,2.349,-3.200
440.888,0.000,-0.297,0.000,-24.966,2.349,-3.200
440.893,0.000,-0.297,0.000,-24.966,2.349,-3.200
440.898,0.000,-0.297,0.000,-24.966,2.349,-3.200
440.903,0.000,-0.297,0.000,-24.966,2.349,-3.200
440.909,0.000,-0.297,0.000,-24.966,2.349,-3.200
440.914,0.000,-0.297,0.000,-24.966,2.349,-3.200
440.919,0.000,-0.297,0.000,-24.966,2.349,-3.200
440.924,0.000,-0.297,0.000,-24.966,2.349,-3.200
440.929,0.000,-0.297,0.000,-24.966,2.349,-3.200
440.934,0.000,-0.297,0.000,-24.966,2.349,-3.200
440.939,0.000,-0.297,0.000,-24.966,2.349,-3.200
440.944,0.000,-0.297,0.000,-24.966,2.349,-3.200
440.949,0.000,-0.297,0.000,-24.966,2.349,-3.200
440.954,0.000,-0.297,0.000,-24.966,2.349,-3.200
440.959,0.000,-0.297,0.000,-24.966,2.349,-3.200
440.965,0.000,-0.297,0.000,-24.966,2.349,-3.200
440.970,0.000,-0.297,0.000,-24.966,2.349,-3.200
440.975,0.000,-0.297,0.000,-24.966,2.349,-3.200
440.980,0.000,-0.297,0.000,-24.966,2.349,-3.200
440.985,0.000,-0.297,0.000,-24.966,2.349,-3.200
440.990,0.000,-0.297,0.000,-24.966,2.349,-3.200
440.996,0.000,-0.297,0.000,0.005,0.414,0.026
441.002,0.000,-0.297,0.000,0.297,-0.077,-0.349
441.008,0.000,-0.297,0.000,0.207,-0.772,0.781
441.014,0.000,-0.297,0.000,-0.784,0.445,-0.218
441.020,0.000,-0.297,0.000,-0.867,0.434,-0.362
441.027,0.000,-0.297,0.000,-0.678,0.183,-0.434
441.033,0.000,-0.297,0.000,-0.513,-0.103,0.039
441.039,0.000,-0.297,0.000,-0.576,-0.107,-0.071
441.045,0.000,-0.297,0.000,-0.441,0.596,-0.521
441.051,0.000,-0.297,0.000,-0.219,-0.578,-0.043
441.058,0.000,-0.297,0.000,-0.315,-0.505,0.186
441.064,0.000,-0.297,0.000,-0.336,-1.247,0.121
441.070,0.000,-0.297,0.000,0.015,-1.065,-0.975
441.076,0.000,-0.297,0.000,0.393,-0.575,-0.148
441.082,0.000,-0.297,0.000,-0.193,-0.611,-0.273
441.088,0.000,-0.297,0.000,-1.454,-0.023,-1.006
441.095,0.000,-0.297,0.000,-1.331,-0.344,-1.278
441.101,0.000,-0.297,0.000,-2.009,-1.643,-2.105
441.107,0.000,-0.297,0.000,-0.985,-2.039,-0.507
441.113,0.000,-0.297,0.000,-1.081,-1.502,-0.099
441.119,0.000,-0.297,0.000,-0.545,-1.306,-1.602
441.125,0.000,-0.297,0.000,-1.138,-0.737,-1.232
441.132,0.000,-0.297,0.000,-0.443,-0.730,2.587
441.138,0.000,-0.297,0.000,0.044,-1.126,1.680
441.144,0.000,-0.297,0.000,0.608,-1.122,0.444
441.150,0.000,-0.297,0.000,0.571,-0.153,2.566
441.156,0.000,-0.297,0.000,0.017,0.471,1.946
441.163,0.000,-0.297,0.000,-1.069,-0.492,-1.337
441.169,0.000,-0.297,0.000,-0.989,0.181,-2.510
441.175,0.000,-0.297,0.000,-0.731,1.165,0.229
441.181,0.000,-0.297,0.000,-0.563,1.312,-1.060
441.187,0.000,-0.297,0.000,-0.254,0.946,-2.806
441.193,0.000,-0.297,0.000,-0.013,0.533,-0.844
441.200,0.000,-0.297,0.000,-0.390,0.387,-1.122
441.206,0.000,-0.297,0.000,-1.025,0.193,-1.931
441.212,0.000,-0.297,0.000,-0.470,0.265,-2.039
441.218,0.000,-0.297,0.000,-1.509,-0.366,-2.882
441.224,0.000,-0.297,0.000,-1.980,0.388,-2.067
441.230,0.000,-0.297,0.000,-1.345,0.444,-1.965
441.237,0.000,-0.297,0.000,-1.395,0.338,-1.755
441.243,0.000,-0.297,0.000,-0.883,-0.084,-1.955
441.249,0.000,-0.297,0.000,0.295,-1.190,-1.136
441.255,0.000,-0.297,0.000,-0.149,-1.729,-1.377
441.261,0.000,-0.297,0.000,0.861,-1.144,-0.676
441.267,0.000,-0.297,0.000,0.490,-1.293,-0.641
441.274,0.000,-0.297,0.000,0.436,-1.586,-0.598
441.280,0.000,-0.297,0.000,0.141,-1.380,-1.108
441.286,0.000,-0.297,0.000,0.292,-0.661,-0.844
441.292,0.000,-0.297,0.000,0.704,-0.407,-0.407
441.299,0.000,-0.297,0.000,0.021,-0.290,-0.724
441.305,0.000,-0.297,0.000,0.008,-0.395,-0.512
441.311,0.000,-0.297,0.000,0.352,-0.870,0.493
441.317,0.000,-0.297,0.000,0.418,-1.638,-0.095
441.323,0.000,-0.297,0.000,-0.353,-0.604,-0.531
441.329,0.000,-0.297,0.000,-0.306,-0.527,-0.370
441.336,0.000,-0.297,0.000,0.795,-1.456,0.685
441.342,0.000,-0.297,0.000,1.350,-0.462,1.023
441.348,0.000,-0.297,0.000,0.832,-0.547,1.170
441.354,0.000,-0.297,0.000,0.501,-1.501,1.571
441.360,0.000,-0.297,0.000,-0.734,-0.690,1.340
441.367,0.000,-0.297,0.000,-0.569,-0.088,1.062
441.373,0.000,-0.297,0.000,-0.949,0.202,0.473
441.379,0.000,-0.297,0.000,-0.222,0.358,-0.713
441.385,0.000,-0.297,0.000,-0.382,-0.190,-1.088
441.391,0.000,-0.297,0.000,0.400,0.159,-0.587
441.397,0.000,-0.297,0.000,0.719,-0.200,-0.537
441.404,0.000,-0.297,0.000,0.300,-0.381,-1.546
441.410,0.000,-0.297,0.000,0.520,-0.963,-0.304
441.416,0.000,-0.297,0.000,0.487,0.349,0.434
441.422,0.000,-0.297,0.000,0.933,1.887,0.125
441.428,0.000,-0.297,0.000,0.956,0.578,0.719
441.435,0.000,-0.297,0.000,0.817,0.617,0.867
441.441,0.000,-0.297,0.000,-0.224,0.582,0.244
441.447,0.000,-0.297,0.000,0.043,-0.050,-0.099
441.453,0.000,-0.297,0.000,0.354,0.783,0.420
441.459,0.000,-0.297,0.000,0.404,1.575,0.082
441.466,0.000,-0.446,0.000,0.820,1.170,0.964
441.472,0.000,-0.297,0.000,-0.133,-0.062,0.480
441.478,0.000,-0.297,0.000,0.288,0.548,0.691
441.484,0.000,-0.297,0.000,0.715,-0.754,0.885
441.491,0.000,-0.297,0.000,0.383,-0.206,0.914
441.497,0.000,-0.297,0.000,0.269,-1.179,0.824
441.503,0.000,-0.297,0.000,-0.078,-0.491,0.493
441.509,0.000,-0.446,0.000,0.091,-0.586,-0.302
441.516,0.000,-0.446,0.000,0.406,-0.601,-1.039
441.522,0.000,-0.446,0.000,0.831,-0.775,-0.276
441.529,0.000,-0.595,0.000,0.744,-1.677,-0.210
441.535,0.000,-0.595,0.000,1.245,-1.762,-1.178
441.541,0.000,-0.595,0.000,1.857,-1.423,-0.386
441.547,0.000,-0.595,0.000,1.157,-1.610,0.262
441.553,0.000,-0.595,0.000,2.074,-1.922,2.597
441.559,0.000,-0.595,0.000,2.221,-0.699,2.267
441.566,0.000,-0.595,0.000,2.372,-0.592,2.845
441.572,0.000,-0.595,0.000,2.959,-0.356,2.426
441.578,0.000,-0.595,0.000,1.598,-0.004,1.868
441.584,0.000,-0.744,0.000,0.784,-0.197,-0.763
441.591,0.000,-0.744,0.000,-0.212,1.061,-1.666
441.598,0.000,-0.744,0.000,0.300,0.204,-1.256
441.604,0.000,-0.744,0.000,0.607,0.465,-0.488
441.611,0.000,-0.893,0.000,0.793,0.089,1.363
441.617,0.000,-0.893,0.000,0.732,0.147,1.302
441.624,0.000,-1.042,0.000,0.376,1.233,0.124
441.631,0.000,-1.042,0.000,0.201,0.129,-1.025
441.636,0.000,-1.042,0.000,-0.157,-0.562,-0.876
441.642,0.000,-1.042,0.000,-0.185,-1.662,0.656
441.649,0.000,-1.042,0.000,-0.673,-1.134,0.972
441.656,0.000,-1.042,0.000,-1.021,-0.900,0.356
441.663,0.000,-1.042,0.000,-2.091,1.117,-0.214
441.669,0.000,-1.042,0.000,-2.497,0.331,-0.591
441.676,0.000,-1.042,0.000,-1.640,-1.144,-0.952
441.683,0.000,-1.042,0.000,-1.401,-2.080,-0.678
441.689,0.000,-1.042,0.000,-1.483,-2.745,0.753
441.696,0.000,-1.042,0.000,-2.716,-3.331,-0.023
441.703,0.000,-1.042,0.000,-3.942,-3.629,-1.529
441.708,0.000,-1.042,0.000,-3.251,-4.484,-1.988
441.713,0.000,-1.042,0.000,-4.337,-5.550,-3.147
441.720,0.000,-1.042,0.000,-6.880,-5.082,-2.835
441.726,0.000,-1.042,0.000,-8.552,-5.832,-3.334
441.733,0.000,-1.042,0.000,-11.503,-6.855,-4.228
441.740,0.000,-1.042,0.000,-12.515,-10.165,-4.632
441.745,0.000,-1.042,0.000,-13.392,-12.251,-6.040
441.751,0.000,-1.042,0.000,-16.313,-12.107,-7.751
441.758,0.000,-1.042,0.000,-19.174,-12.001,-9.169
441.764,0.000,-1.192,0.000,-21.154,-12.492,-10.078
441.771,0.000,-1.042,0.000,-22.438,-13.386,-10.981
441.776,0.000,-1.042,0.000,-22.686,-15.433,-11.560
441.782,0.000,-1.192,0.000,-25.856,-14.941,-12.544
441.789,0.000,-1.192,0.000,-27.658,-14.782,-13.292
441.795,0.000,-1.192,0.000,-28.148,-17.518,-13.337
441.801,0.000,-1.192,0.000,-29.036,-20.431,-13.640
441.807,0.000,-1.042,1.000,-30.485,-22.299,-12.466
441.814,0.000,-1.042,1.000,-32.537,-22.513,-11.617
441.821,0.000,-1.042,1.000,-31.673,-25.074,-10.503
441.827,0.000,-1.192,1.000,-31.726,-26.046,-10.130
441.834,0.000,-1.192,1.000,-31.863,-27.548,-10.003
441.840,0.000,-1.192,1.000,-32.287,-28.246,-9.654
441.846,0.000,-1.192,1.000,-32.083,-28.429,-8.445
441.852,0.000,-1.192,1.000,-33.357,-25.716,-9.053
441.859,0.000,-1.192,1.000,-33.331,-24.413,-9.988
441.865,0.000,-1.042,0.000,-33.733,-22.890,-9.022
441.872,0.000,-1.042,0.000,-31.864,-22.133,-7.136
441.877,0.000,-1.042,0.000,-30.498,-23.589,-7.211
441.884,0.000,-1.042,0.000,-28.831,-22.764,-4.381
441.889,0.000,-1.042,0.000,-25.874,-26.408,-5.509
441.896,0.000,-1.042,0.000,-27.415,-23.052,-4.169
441.901,0.000,-1.042,0.000,-25.069,-25.730,-3.738
441.907,0.000,-1.042,0.000,-25.063,-22.720,-1.755
441.914,0.000,-1.042,0.000,-23.275,-19.825,1.337
441.919,0.000,-1.042,0.000,-20.885,-18.422,3.395
441.924,0.000,-1.042,0.000,-22.640,-14.574,5.861
441.931,0.000,-1.042,0.000,-20.709,-9.595,7.835
441.936,0.000,-1.042,0.000,-18.557,-7.472,8.731
441.943,0.000,-1.042,0.000,-20.093,-2.322,8.991
441.949,0.000,-1.042,0.000,-20.163,3.969,9.289
441.954,0.000,-1.042,0.000,-18.734,6.496,9.804
441.959,0.000,-1.042,0.000,-19.956,11.073,9.473
441.964,0.000,-1.042,0.000,-19.895,12.851,9.452
441.971,0.000,-1.042,0.000,-19.768,13.554,10.427
441.978,0.000,-1.042,0.000,-17.738,13.707,11.831
441.984,0.000,-1.042,0.000,-16.541,13.416,12.035
441.991,0.000,-1.042,0.000,-16.673,13.046,13.261
441.998,0.000,-1.042,0.000,-17.518,11.362,14.276
442.005,0.000,-1.042,0.000,-16.603,9.232,13.775
442.010,0.000,-1.042,0.000,-15.704,10.240,13.847
442.015,0.000,-1.042,0.000,-15.855,10.090,13.721
442.021,0.000,-1.042,0.000,-14.159,4.872,12.704
442.026,0.000,-1.042,0.000,-15.087,4.142,11.927
442.033,0.000,-1.042,0.000,-15.429,0.311,12.381
442.040,0.000,-1.042,0.000,-13.258,-2.495,13.223
442.047,0.000,-1.042,0.000,-12.962,-5.009,13.784
442.053,0.000,-1.042,0.000,-13.726,-4.263,13.378
442.058,0.000,-1.042,0.000,-11.640,-7.103,13.659
442.065,0.000,-1.042,0.000,-12.974,-4.921,12.296
442.072,0.000,-1.042,0.000,-12.517,-3.475,10.448
442.078,0.000,-1.042,0.000,-12.433,-0.061,10.324
442.085,0.000,-1.042,0.000,-10.948,3.549,11.309
442.090,0.000,-1.042,0.000,-13.008,7.245,9.917
442.095,0.000,-1.042,0.000,-14.134,8.023,8.747
442.102,0.000,-0.893,0.000,-12.691,9.953,10.242
442.108,0.000,-0.744,0.000,-13.205,13.670,9.676
442.113,0.000,-0.744,0.000,-13.210,17.825,10.037
442.118,0.000,-0.744,0.000,-13.745,18.853,9.812
442.123,0.000,-0.744,0.000,-11.444,18.444,8.448
442.130,0.000,-0.744,0.000,-11.392,18.939,7.717
442.135,0.000,-0.744,0.000,-10.794,19.516,7.475
442.142,0.000,-0.744,0.000,-8.685,20.508,7.870
442.147,0.000,-0.744,0.000,-7.886,19.971,7.831
442.152,0.000,-0.744,0.000,-6.205,18.324,5.122
442.157,0.000,-0.744,0.000,-3.494,14.866,3.434
442.164,0.000,-0.744,0.000,-2.580,15.681,1.963
442.171,0.000,-0.744,0.000,-3.403,15.564,2.960
442.177,0.000,-0.744,0.000,-1.630,15.828,2.355
442.184,0.000,-0.744,0.000,-2.055,13.877,4.072
442.189,0.000,-0.744,0.000,-1.499,13.132,4.283
442.196,0.000,-0.744,0.000,-2.852,11.204,3.791
442.201,0.000,-0.744,0.000,-3.439,9.813,5.458
442.208,0.148,-0.744,0.000,-2.578,7.232,5.114
442.214,0.148,-0.744,0.000,-4.419,9.787,3.441
442.219,0.148,-0.744,0.000,-5.481,7.172,0.952
442.224,0.148,-0.744,0.000,-5.869,5.056,-0.319
442.231,0.297,-0.744,0.000,-6.959,5.971,0.735
442.237,0.297,-0.744,0.000,-8.388,5.011,-1.091
442.242,0.297,-0.744,0.000,-9.973,4.301,-1.255
442.247,0.744,-0.744,0.000,-10.572,3.541,-1.181
442.253,0.744,-0.744,0.000,-9.832,2.175,0.295
442.259,1.642,-0.744,0.000,-10.037,2.315,0.489
442.264,1.642,-0.744,0.000,-10.334,2.397,1.906
442.270,5.088,-1.042,0.000,-10.817,2.753,1.556
442.276,5.088,-1.042,0.000,-10.600,3.765,3.121
442.281,5.088,-1.042,0.000,-11.023,5.485,4.043
442.287,5.088,-1.042,0.000,-11.333,6.850,4.428
442.293,9.416,-1.944,0.000,-10.248,8.681,4.623
442.298,9.416,-1.944,0.000,-9.929,10.739,4.422
442.304,9.416,-1.944,0.000,-9.266,12.771,4.469
442.310,11.061,-2.095,0.000,-9.021,14.832,3.662
442.315,11.276,-2.247,1.000,-8.736,16.127,3.619
442.321,11.276,-2.247,1.000,-8.115,17.416,3.875
442.327,11.276,-2.247,1.000,-7.093,19.572,6.141
442.332,11.492,-2.095,0.000,-6.817,21.144,6.776
442.338,11.492,-2.095,0.000,-5.452,20.372,6.174
442.344,11.492,-2.095,0.000,-4.004,19.640,6.711
442.350,11.492,-2.095,0.000,-3.533,18.110,7.116
442.355,12.154,-2.095,-4.000,-2.962,17.134,8.121
442.361,12.154,-2.095,-4.000,-2.337,15.740,7.959
442.367,12.154,-2.095,-4.000,-0.949,13.021,7.719
442.372,12.154,-2.095,-4.000,-0.467,10.532,7.742
442.378,14.508,-2.095,-19.000,-0.906,7.873,6.038
442.384,14.508,-2.095,-19.000,-1.656,5.557,5.728
442.389,15.776,-2.095,-29.000,-2.280,2.151,4.555
442.395,15.776,-2.095,-29.000,-4.014,-0.720,3.457
442.401,16.839,-2.095,-40.000,-4.314,-3.101,1.272
442.406,16.839,-2.095,-40.000,-3.386,-6.064,-1.476
442.412,17.111,-2.095,-41.000,-1.857,-6.533,-2.113
442.418,17.111,-2.095,-41.000,-1.208,-7.532,-3.879
442.423,17.111,-2.095,-41.000,-0.043,-7.650,-5.559
442.429,17.111,-2.095,-41.000,2.849,-6.715,-7.234
442.435,17.111,-2.095,-41.000,4.553,-3.884,-9.740
442.440,17.111,-2.095,-41.000,7.534,-2.843,-10.352
442.446,17.111,-2.095,-41.000,11.007,-2.129,-12.081
442.452,18.231,-1.192,-45.000,12.231,0.641,-14.736
442.457,18.518,-1.341,-45.000,13.251,1.109,-17.746
442.463,20.000,-1.192,-45.000,14.385,2.313,-19.870
442.468,20.000,-1.192,-45.000,15.329,2.591,-22.968
442.474,20.614,-1.341,-45.000,15.024,2.506,-25.027
442.480,20.614,-1.341,-45.000,14.819,3.368,-27.430
442.485,20.614,-1.341,-45.000,14.000,4.731,-31.095
442.491,20.614,-1.341,-45.000,15.550,4.133,-33.425
442.497,21.561,-1.341,-45.000,17.189,4.453,-35.804
442.502,21.883,-1.341,-44.000,18.986,3.543,-37.911
442.508,21.883,-1.341,-44.000,19.192,4.446,-40.469
442.514,21.883,-1.341,-44.000,18.614,4.814,-45.100
442.520,21.883,-1.341,-41.000,18.418,6.150,-47.394
442.525,21.883,-1.341,-41.000,17.103,5.445,-48.415
442.531,21.883,-1.341,-41.000,16.454,6.146,-49.223
442.537,21.883,-1.341,-41.000,18.180,5.408,-50.887
442.542,21.883,-1.341,-41.000,18.235,5.469,-52.668
442.548,21.883,-1.341,-41.000,18.200,4.961,-53.937
442.554,21.883,-1.341,-41.000,16.858,4.294,-53.890
442.560,23.546,-2.095,-37.000,16.220,3.984,-55.460
442.565,25.660,-2.552,-37.000,15.549,3.060,-55.225
442.571,27.145,-3.325,-37.000,14.925,3.636,-56.190
442.577,27.145,-3.325,-37.000,14.759,4.106,-57.214
442.582,27.145,-3.325,-37.000,14.741,3.109,-57.840
442.588,30.720,-4.597,-38.000,14.681,3.094,-57.179
442.594,30.720,-4.597,-38.000,13.246,3.901,-58.588
442.599,30.720,-4.597,-38.000,13.643,2.506,-58.477
442.605,30.720,-4.597,-38.000,12.189,5.477,-57.809
442.611,31.560,-5.589,-38.000,13.234,3.472,-56.204
442.616,31.560,-5.758,-37.000,11.284,2.922,-54.867
442.622,31.560,-5.758,-37.000,12.509,1.562,-54.674
442.628,31.560,-5.758,-37.000,12.323,3.856,-55.705
442.634,31.560,-5.758,-37.000,13.697,4.494,-57.104
442.639,31.560,-5.758,-37.000,12.294,6.033,-57.137
442.645,31.560,-5.758,-37.000,12.621,5.504,-55.966
442.651,31.987,-6.445,-28.000,12.326,5.930,-55.377
442.656,31.987,-6.445,-28.000,11.845,6.329,-53.277
442.662,31.987,-6.445,-22.000,12.626,6.913,-53.091
442.668,31.987,-6.445,-22.000,12.731,7.812,-52.267
442.674,31.987,-6.620,-20.000,16.078,7.957,-50.077
442.679,31.987,-6.620,-20.000,15.809,10.256,-48.068
442.685,31.987,-6.620,-20.000,17.170,10.613,-46.799
442.691,31.987,-6.620,-20.000,19.232,10.036,-45.821
442.696,29.896,-6.796,-11.000,20.114,9.390,-46.596
442.702,29.896,-6.796,-10.000,21.822,8.733,-45.739
442.707,29.896,-6.796,-10.000,23.168,10.347,-44.554
442.713,29.491,-6.796,-7.000,24.063,11.507,-41.926
442.719,29.491,-6.796,-7.000,25.854,13.009,-40.499
442.724,29.491,-6.974,-2.000,27.001,12.402,-39.021
442.730,29.491,-6.974,-2.000,27.503,13.097,-38.193
442.736,29.491,-6.974,-2.000,27.455,13.395,-35.262
442.741,29.491,-6.974,-2.000,27.732,12.242,-31.535
442.747,29.896,-6.974,-2.000,28.526,10.979,-28.745
442.753,29.896,-6.974,-2.000,28.062,10.344,-25.724
442.758,30.306,-6.974,-2.000,25.205,10.070,-22.876
442.764,30.306,-6.974,-2.000,22.375,10.806,-21.667
442.770,31.138,-7.153,-2.000,21.900,8.632,-18.400
442.775,31.138,-7.153,-2.000,22.285,8.222,-15.587
442.781,31.560,-7.153,-2.000,24.436,7.552,-12.220
442.787,31.560,-7.153,-2.000,26.285,6.750,-10.620
442.792,31.560,-7.153,-2.000,27.129,5.928,-9.775
442.798,31.560,-7.153,-2.000,26.494,5.259,-8.042
442.804,31.560,-7.153,-2.000,26.546,4.889,-6.231
442.810,34.188,-7.153,-2.000,26.665,5.482,-4.340
442.815,34.188,-7.153,-2.000,26.682,6.637,-3.034
442.821,34.188,-7.153,-2.000,26.173,9.186,-2.965
442.827,34.188,-7.153,-2.000,25.748,11.570,-1.630
442.833,51.831,-7.515,-2.000,23.563,12.437,-0.914
442.838,51.831,-7.515,-2.000,24.070,13.504,-0.288
442.844,61.190,-9.816,-10.000,24.786,14.248,1.490
442.850,61.190,-9.816,-10.000,24.518,15.356,2.842
442.855,85.768,-14.756,-11.000,25.464,16.304,5.093
442.861,85.768,-14.756,-11.000,25.994,17.094,8.116
442.867,95.508,-13.302,-14.000,27.052,15.783,10.804
442.873,95.508,-13.302,-14.000,28.883,17.226,12.074
442.878,95.508,-13.302,-14.000,32.263,17.944,13.500
442.884,95.508,-13.302,-14.000,32.757,18.821,14.228
442.890,95.508,-13.302,-14.000,35.227,18.808,14.507
442.896,95.508,-13.302,-14.000,34.471,20.862,14.804
442.901,95.508,-13.302,-14.000,36.104,23.909,16.386
442.907,95.508,-13.302,-14.000,35.319,27.421,15.466
442.913,101.762,-12.836,-21.000,36.308,28.905,14.278
442.919,101.762,-12.836,-21.000,37.692,30.350,14.006
442.924,101.762,-12.836,-21.000,39.722,31.129,13.298
442.930,101.762,-12.836,-21.000,42.452,31.147,12.643
442.936,101.762,-12.836,-21.000,45.276,32.048,10.817
442.942,101.762,-12.836,-21.000,50.035,31.576,9.395
442.947,101.762,-12.836,-21.000,54.052,31.600,8.615
442.953,101.762,-12.836,-21.000,56.025,35.214,7.328
442.959,101.762,-12.836,-21.000,58.255,37.376,6.353
442.965,101.762,-12.836,-21.000,64.127,37.020,5.323
442.970,101.762,-12.836,-21.000,68.118,34.726,4.335
442.976,101.762,-12.836,-21.000,70.402,34.875,4.065
442.982,101.762,-12.836,-21.000,71.221,34.669,2.136
442.988,101.762,-12.836,-21.000,71.682,32.898,1.253
442.993,101.762,-12.836,-21.000,72.418,30.974,-0.307
442.999,101.762,-12.836,-21.000,74.343,27.968,-1.124
443.005,80.315,-11.711,-13.000,74.989,26.835,-4.717
443.010,80.315,-11.711,-13.000,75.437,26.557,-7.838
443.016,57.705,-11.711,-10.000,76.605,26.799,-12.170
443.022,57.705,-11.711,-10.000,77.500,26.912,-15.451
443.028,57.705,-11.711,-10.000,78.070,25.181,-17.030
443.033,46.439,-11.492,-11.000,77.815,23.698,-18.993
443.039,46.439,-11.492,-11.000,77.113,23.644,-20.978
443.045,46.439,-11.492,-11.000,75.439,25.031,-22.719
443.051,46.439,-11.492,-11.000,75.915,24.884,-22.317
443.056,20.000,-7.333,-2.000,75.618,23.740,-21.403
443.062,20.000,-7.333,-2.000,74.039,22.170,-20.243
443.068,20.000,-7.333,-2.000,72.634,22.394,-20.527
443.073,7.698,-6.272,-1.000,71.809,20.872,-20.511
443.079,6.620,-5.421,-1.000,69.388,21.378,-21.173
443.085,6.620,-5.421,-1.000,67.765,23.485,-21.092
443.091,6.620,-5.421,-1.000,66.252,25.037,-21.591
443.096,1.944,-3.325,-1.000,65.700,26.452,-22.017
443.102,1.944,-3.325,-1.000,63.129,27.103,-22.583
443.108,1.944,-3.325,-1.000,59.822,28.801,-21.983
443.113,1.944,-3.325,-1.000,57.319,28.383,-22.345
443.119,1.944,-3.325,-1.000,55.182,28.332,-23.116
443.125,2.399,-3.796,-1.000,52.071,27.726,-23.890
443.130,2.399,-3.796,-1.000,49.576,27.441,-23.689
443.135,2.399,-3.796,-1.000,46.044,28.669,-23.446
443.141,2.399,-4.435,-1.000,43.486,28.133,-22.522
443.146,2.399,-4.435,-1.000,39.467,29.734,-22.781
443.152,2.399,-4.435,-1.000,37.575,30.995,-21.433
443.157,2.399,-4.435,-1.000,35.402,32.142,-18.793
443.162,2.095,-5.589,-1.000,32.800,34.183,-16.051
443.168,2.095,-5.589,-1.000,29.916,36.299,-12.829
443.174,1.944,-5.589,-1.000,26.366,38.793,-10.193
443.179,1.944,-5.589,-1.000,26.123,37.733,-7.796
443.185,1.642,-5.758,-1.000,26.070,35.725,-5.743
443.191,1.642,-5.758,-1.000,25.059,34.132,-3.344
443.197,1.042,-5.421,-1.000,23.874,33.532,-2.165
443.202,1.042,-5.421,-1.000,23.222,32.395,-1.569
443.208,1.042,-5.421,-1.000,23.293,31.685,-0.750
443.214,0.446,-5.088,-1.000,24.230,29.671,-0.612
443.219,0.446,-4.760,-1.000,23.353,30.842,-0.643
443.225,0.446,-4.760,-1.000,22.623,31.504,-1.148
443.231,0.446,-4.760,-1.000,21.421,33.956,-0.314
443.236,0.000,-4.114,-1.000,22.765,34.251,0.122
443.243,0.000,-4.114,-1.000,20.950,36.532,-0.390
443.248,0.000,-4.114,-1.000,23.419,35.149,0.407
443.254,0.000,-4.114,-1.000,20.559,36.899,0.427
443.260,0.000,-5.421,0.000,21.048,35.552,1.972
443.266,0.000,-5.421,0.000,18.891,36.306,2.451
443.273,0.000,-5.421,0.000,17.191,35.310,3.273
443.280,0.000,-5.421,0.000,15.165,34.196,3.483
443.286,0.000,-5.421,0.000,13.304,33.395,3.987
443.293,0.000,-5.421,0.000,9.363,35.353,4.607
443.300,0.000,-5.421,0.000,9.510,31.043,5.615
443.306,0.000,-6.974,0.000,9.873,29.236,6.943
443.313,0.000,-6.974,0.000,5.442,29.239,5.269
443.318,0.000,-7.153,1.000,6.366,26.737,5.711
443.323,0.000,-7.153,1.000,4.849,25.482,5.828
443.328,0.000,-7.153,1.000,5.874,23.606,7.717
443.333,0.000,-7.153,1.000,5.438,25.158,7.895
443.338,0.000,-7.153,1.000,5.565,23.989,8.139
443.344,-0.297,-7.698,1.000,2.854,25.694,6.499
443.349,-0.297,-7.698,1.000,1.277,26.396,4.941
443.354,-0.297,-7.698,1.000,-1.098,25.653,4.723
443.359,-0.297,-7.698,1.000,-2.608,25.418,4.151
443.365,-0.446,-11.492,0.000,-1.099,24.138,3.469
443.370,-0.297,-14.018,0.000,-1.497,24.379,3.540
443.376,-0.297,-14.018,0.000,-2.731,24.883,2.998
443.381,-0.297,-14.018,0.000,-2.782,24.404,3.974
443.386,-0.297,-16.038,0.000,-3.610,22.441,6.366
443.392,-0.297,-16.038,0.000,-5.471,19.167,7.849
443.397,-0.297,-17.111,0.000,-5.420,15.552,8.893
443.403,-0.297,-17.111,0.000,-5.041,13.030,8.040
443.408,-0.297,-17.111,0.000,-4.683,11.148,7.476
443.413,0.000,-20.927,0.000,-4.807,11.545,7.091
443.418,0.000,-22.538,0.000,-7.033,14.136,8.179
443.425,0.000,-22.538,0.000,-8.475,13.199,7.424
443.430,0.000,-22.538,0.000,-9.921,13.800,7.999
443.435,0.000,-27.145,1.000,-12.024,14.962,8.446
443.442,0.000,-26.768,0.000,-14.638,13.496,7.247
443.447,0.000,-26.768,0.000,-16.587,13.473,8.641
443.452,0.000,-35.100,0.000,-18.764,14.482,7.064
443.457,0.000,-36.981,0.000,-20.024,15.922,4.824
443.464,0.000,-40.977,0.000,-21.218,13.370,5.207
443.469,0.000,-40.977,0.000,-21.003,13.980,4.633
443.474,0.000,-40.977,0.000,-20.651,14.378,4.950
443.479,0.000,-43.098,0.000,-20.526,13.185,4.854
443.484,0.000,-43.098,0.000,-21.700,10.565,4.278
443.489,0.000,-43.098,0.000,-19.612,3.900,4.030
443.495,0.000,-43.098,0.000,-19.133,0.984,2.845
443.500,0.000,-43.098,0.000,-20.766,0.382,2.196
443.505,0.000,-43.098,0.000,-19.608,-3.832,2.484
443.512,0.000,-43.098,0.000,-18.916,-4.680,1.860
443.519,0.000,-47.597,0.000,-21.160,-2.746,2.894
443.524,0.000,-48.778,0.000,-21.727,-0.860,3.228
443.529,0.000,-48.778,0.000,-20.830,-0.597,2.255
443.534,0.000,-48.778,0.000,-22.625,-0.967,2.193
443.539,0.000,-48.778,0.000,-21.923,-5.393,2.180
443.544,0.000,-49.981,0.000,-23.035,-7.465,2.193
443.549,0.000,-49.981,0.000,-24.003,-9.382,1.699
443.554,0.000,-49.981,0.000,-24.675,-9.546,3.682
443.559,-0.148,-49.981,0.000,-27.228,-9.107,6.421
443.564,-0.148,-50.592,0.000,-28.604,-8.964,7.266
443.569,-0.148,-50.592,0.000,-29.544,-6.252,5.741
443.574,-0.297,-50.592,0.000,-29.274,-6.386,6.014
443.580,-0.297,-50.592,0.000,-30.134,-3.997,6.229
443.585,-0.297,-50.592,0.000,-30.063,-4.931,7.689
443.591,-0.297,-50.592,0.000,-33.236,-4.265,8.149
443.596,-0.297,-50.592,0.000,-34.683,-5.301,7.678
443.601,-0.297,-50.592,0.000,-35.182,-7.450,7.281
443.607,-0.297,-50.592,0.000,-36.145,-9.352,8.518
443.612,-0.297,-49.981,0.000,-35.472,-9.911,8.879
443.617,-0.297,-49.981,0.000,-36.234,-9.651,10.145
443.623,-0.297,-49.981,0.000,-35.370,-10.922,11.704
443.628,-0.297,-49.981,0.000,-36.079,-11.942,11.231
443.634,-0.297,-49.981,0.000,-36.916,-14.088,10.666
443.639,-0.297,-49.981,0.000,-38.915,-15.442,10.599
443.644,-0.297,-49.981,0.000,-40.894,-15.740,9.433
443.650,-0.297,-49.981,0.000,-41.097,-16.226,8.946
443.655,-0.297,-49.981,0.000,-42.496,-14.567,8.196
443.661,-0.297,-49.981,0.000,-43.146,-14.834,8.798
443.666,-0.297,-49.981,0.000,-45.071,-14.674,8.075
443.671,0.000,-47.597,0.000,-44.978,-17.119,8.896
443.676,0.000,-47.597,0.000,-45.037,-15.777,8.001
443.681,0.000,-47.597,0.000,-42.184,-15.775,6.514
443.687,0.000,-47.597,0.000,-42.038,-12.328,5.567
443.692,0.000,-47.597,0.000,-42.191,-11.798,5.091
443.697,0.000,-42.560,0.000,-41.900,-11.051,5.205
443.703,0.000,-38.442,0.000,-45.996,-10.453,3.811
443.710,0.000,-38.442,0.000,-47.034,-11.214,4.210
443.715,0.000,-38.442,0.000,-48.128,-12.560,3.970
443.720,0.000,-27.911,0.000,-50.356,-11.930,3.564
443.727,0.000,-25.660,0.000,-50.324,-11.023,3.318
443.734,0.000,-24.941,0.000,-49.857,-10.946,0.889
443.740,0.000,-23.889,0.000,-49.704,-10.022,2.345
443.747,0.000,-23.889,0.000,-48.883,-8.951,3.056
443.754,0.000,-23.889,0.000,-50.871,-7.029,3.407
443.760,0.000,-23.206,0.000,-49.866,-5.432,2.853
443.767,0.000,-23.206,0.000,-49.819,-2.894,0.492
443.772,0.000,-22.870,0.000,-48.316,0.693,-2.107
443.779,0.000,-22.870,0.000,-47.757,0.431,-2.346
443.784,0.000,-22.870,0.000,-49.458,1.092,-2.913
443.789,0.000,-21.561,0.000,-50.752,-0.180,-3.346
443.796,0.000,-21.561,0.000,-50.997,-1.766,-3.144
443.801,0.000,-21.561,0.000,-53.893,-1.623,-1.906
443.807,0.000,-21.242,0.000,-52.050,-1.703,-2.212
443.814,0.148,-21.242,0.000,-52.279,-1.178,-1.681
443.821,0.148,-21.242,0.000,-52.641,-2.491,-3.070
443.828,0.148,-21.242,0.000,-54.846,-1.769,-1.529
443.833,0.148,-21.242,0.000,-56.550,-3.321,-0.497
443.839,0.148,-21.242,0.000,-54.846,-3.838,-2.167
443.846,0.148,-21.242,0.000,-54.233,-4.425,-2.485
443.851,0.446,-21.242,0.000,-56.506,-2.261,-3.835
443.857,0.446,-21.242,0.000,-55.868,-2.430,-4.549
443.863,0.446,-21.242,0.000,-54.919,-2.608,-5.438
443.868,0.446,-21.242,0.000,-55.566,-0.925,-8.065
443.874,0.446,-21.561,0.000,-55.945,-1.470,-8.364
443.879,0.446,-21.561,0.000,-57.335,-2.213,-9.379
443.885,0.446,-21.561,0.000,-58.979,-2.656,-10.413
443.890,0.595,-23.889,0.000,-61.216,-2.429,-10.107
443.896,0.744,-24.586,0.000,-63.053,-3.759,-10.384
443.901,1.492,-26.025,0.000,-63.677,-5.532,-10.747
443.907,1.492,-26.025,0.000,-64.277,-7.591,-8.877
443.913,2.095,-26.395,0.000,-65.809,-8.591,-7.896
443.919,2.095,-26.395,0.000,-65.705,-9.247,-8.312
443.924,2.095,-26.395,0.000,-64.055,-11.740,-8.907
443.930,2.095,-26.395,0.000,-64.403,-11.383,-9.165
443.936,4.597,-35.563,0.000,-63.462,-10.542,-10.317
443.941,4.597,-35.563,0.000,-62.398,-11.171,-10.447
443.947,4.597,-35.563,0.000,-60.963,-9.300,-10.683
443.953,4.597,-35.563,0.000,-59.852,-8.251,-10.790
443.958,7.333,-40.977,0.000,-59.684,-6.567,-10.797
443.964,7.333,-40.977,0.000,-60.596,-5.195,-9.905
443.970,7.333,-40.977,0.000,-59.656,-5.143,-9.807
443.976,9.816,-42.560,0.000,-59.778,-6.530,-9.278
443.981,9.816,-42.560,0.000,-59.462,-6.354,-8.816
443.987,9.816,-42.560,0.000,-58.996,-7.306,-9.217
443.993,9.816,-42.560,0.000,-58.993,-9.280,-7.908
443.998,14.018,-45.869,0.000,-56.849,-12.705,-6.306
444.004,14.018,-45.869,0.000,-57.929,-14.368,-4.723
444.010,17.387,-47.016,0.000,-58.937,-16.304,-3.732
444.015,17.387,-47.016,0.000,-55.647,-21.048,-3.674
444.021,18.808,-47.016,0.000,-54.107,-25.524,-4.152
444.027,18.808,-47.016,0.000,-52.540,-28.588,-3.243
444.032,18.808,-47.016,0.000,-51.040,-32.301,-3.368
444.038,18.808,-47.016,0.000,-48.597,-37.248,-2.765
444.044,23.206,-47.597,0.000,-47.819,-42.031,-2.793
444.049,23.206,-47.597,0.000,-47.401,-45.422,-3.602
444.055,23.206,-47.597,0.000,-44.631,-50.611,-4.044
444.061,23.206,-47.597,0.000,-43.817,-51.710,-5.561
444.067,27.145,-45.304,0.000,-43.527,-52.274,-5.527
444.072,27.145,-45.304,0.000,-42.249,-50.947,-6.158
444.078,27.145,-45.304,0.000,-41.125,-50.361,-6.645
444.084,30.720,-45.304,0.000,-39.478,-49.645,-6.041
444.090,31.987,-45.869,0.000,-40.624,-46.572,-6.520
444.095,32.854,-45.869,0.000,-40.481,-45.023,-7.655
444.101,32.854,-45.869,0.000,-40.204,-44.387,-6.861
444.107,32.854,-45.869,0.000,-39.139,-44.900,-6.256
444.112,34.188,-48.778,0.000,-41.469,-43.046,-4.601
444.118,34.188,-48.778,0.000,-41.937,-41.700,-3.740
444.124,34.188,-48.778,0.000,-41.363,-42.094,-1.588
444.129,34.188,-48.778,0.000,-39.439,-42.554,-1.176
444.135,36.504,-51.208,0.000,-39.456,-41.338,-0.188
444.141,36.504,-51.208,0.000,-39.866,-39.067,0.261
444.147,36.504,-51.208,0.000,-38.938,-38.515,0.811
444.152,36.504,-51.208,0.000,-38.357,-36.087,0.893
444.158,36.504,-51.208,0.000,-36.843,-36.362,1.293
444.164,37.463,-53.093,0.000,-35.457,-35.736,1.085
444.169,37.463,-53.093,0.000,-35.611,-35.781,0.732
444.175,40.460,-53.093,0.000,-32.701,-37.700,0.934
444.181,40.460,-53.093,0.000,-31.255,-38.633,0.604
444.187,40.460,-53.093,0.000,-28.653,-42.406,0.958
444.192,40.460,-53.093,0.000,-29.612,-42.200,0.488
444.198,52.459,-53.093,0.000,-29.399,-43.333,0.830
444.204,53.734,-53.093,0.000,-26.626,-45.393,-0.507
444.210,53.734,-53.093,0.000,-25.359,-45.342,-1.763
444.215,53.734,-53.093,0.000,-24.546,-43.701,-2.138
444.221,57.028,-53.093,0.000,-24.218,-43.358,-3.567
444.227,57.028,-53.093,0.000,-23.139,-41.557,-3.462
444.232,55.691,-53.093,0.000,-19.934,-43.410,-3.190
444.238,55.691,-53.093,0.000,-20.202,-40.617,-3.929
444.244,51.831,-53.093,0.000,-19.973,-39.542,-3.128
444.250,50.592,-53.093,0.000,-17.413,-40.281,-2.588
444.255,42.560,-51.831,0.000,-16.017,-40.476,-2.339
444.261,42.560,-51.831,0.000,-14.682,-42.535,-3.206
444.267,42.560,-51.831,0.000,-14.452,-43.867,-3.460
444.273,35.100,-49.377,0.000,-14.637,-42.948,-3.940
444.278,35.100,-49.377,0.000,-11.283,-45.386,-4.623
444.284,29.491,-47.016,0.000,-9.023,-46.897,-5.076
444.290,28.300,-44.744,0.000,-7.750,-46.497,-4.383
444.295,24.941,-47.597,0.000,-6.843,-45.671,-5.370
444.301,24.941,-47.597,0.000,-5.159,-45.499,-6.092
444.307,19.398,-44.190,0.000,-3.835,-45.473,-6.957
444.313,15.776,-26.395,0.000,-3.316,-43.565,-8.636
444.318,14.508,-25.660,0.000,-1.711,-42.630,-10.399
444.324,14.508,-25.660,0.000,-1.749,-38.981,-13.094
444.330,14.508,-25.660,0.000,-2.395,-34.951,-14.354
444.335,9.218,-20.614,0.000,-3.294,-30.937,-15.493
444.341,8.828,-20.000,1.000,-2.583,-29.873,-14.669
444.347,8.828,-20.000,1.000,-3.465,-29.621,-14.362
444.352,8.828,-20.000,1.000,-5.912,-28.872,-15.167
444.358,7.515,-15.776,1.000,-7.264,-28.171,-14.284
444.364,7.333,-15.517,1.000,-7.639,-27.112,-13.074
444.370,7.333,-15.517,1.000,-7.087,-26.287,-13.661
444.375,7.333,-15.517,1.000,-5.064,-26.649,-11.738
444.381,7.153,-15.261,0.000,-5.153,-27.080,-10.943
444.387,7.153,-15.261,0.000,-6.124,-28.377,-9.763
444.393,7.153,-15.261,0.000,-6.937,-29.771,-7.574
444.398,7.333,-15.776,1.000,-7.148,-30.213,-6.301
444.404,7.153,-15.776,1.000,-6.327,-30.660,-3.899
444.410,7.153,-15.776,1.000,-5.776,-28.394,-3.038
444.415,7.153,-15.776,1.000,-5.362,-28.097,-2.815
444.421,7.153,-15.776,1.000,-5.281,-28.773,-1.992
444.427,7.153,-15.517,1.000,-4.792,-28.234,-1.453
444.433,7.153,-15.517,1.000,-5.441,-27.379,0.462
444.439,7.153,-15.517,1.000,-4.498,-27.224,1.428
444.444,8.068,-15.007,0.000,-4.112,-26.121,2.392
444.450,8.068,-15.007,0.000,-2.553,-24.775,3.573
444.456,11.061,-14.508,0.000,-4.793,-21.634,4.596
444.461,11.061,-14.508,0.000,-4.929,-21.162,4.985
444.467,13.068,-14.508,1.000,-5.933,-19.434,7.309
444.473,13.068,-14.508,1.000,-6.449,-18.852,8.262
444.479,13.068,-14.508,1.000,-5.184,-19.222,9.034
444.484,13.068,-14.508,1.000,-6.811,-17.771,10.890
444.490,23.889,-17.111,1.000,-5.005,-18.315,10.934
444.496,25.298,-18.231,1.000,-3.034,-17.331,11.105
444.502,25.298,-18.231,1.000,-2.871,-15.555,12.260
444.507,30.306,-21.242,1.000,-1.916,-13.909,12.476
444.513,32.854,-20.927,1.000,-1.346,-11.849,14.164
444.519,34.188,-20.927,1.000,-0.341,-10.717,13.802
444.524,34.188,-20.927,1.000,2.794,-10.555,15.030
444.530,34.188,-20.927,1.000,3.889,-9.498,15.470
444.536,42.560,-20.614,0.000,6.145,-9.858,16.147
444.542,44.190,-20.614,1.000,9.775,-10.974,17.205
444.547,44.190,-20.614,1.000,11.920,-10.914,16.657
444.553,44.190,-20.614,1.000,14.152,-11.301,17.233
444.559,57.705,-20.000,0.000,15.463,-10.309,18.170
444.565,57.705,-20.000,0.000,17.855,-9.952,18.326
444.570,57.705,-20.000,0.000,20.139,-13.065,17.833
444.576,85.768,-18.518,0.000,21.955,-13.915,17.426
444.582,105.008,-18.518,0.000,23.854,-15.360,16.876
444.587,105.008,-18.518,0.000,25.704,-18.112,15.299
444.593,105.008,-18.518,0.000,27.827,-20.356,13.105
444.599,132.732,-18.518,0.000,29.080,-23.460,11.995
444.604,132.732,-18.518,0.000,31.913,-26.486,12.122
444.610,132.732,-18.518,0.000,35.011,-29.892,11.094
444.616,132.732,-18.518,0.000,37.409,-32.766,9.005
444.621,145.044,-18.808,0.000,39.941,-34.752,6.828
444.627,145.044,-18.808,0.000,44.888,-38.646,6.116
444.633,146.466,-18.808,0.000,48.140,-40.968,4.601
444.638,146.466,-18.808,0.000,50.369,-40.874,3.981
444.644,145.044,-18.808,0.000,54.940,-40.793,2.564
444.649,145.044,-18.808,0.000,59.201,-40.532,1.805
444.655,145.044,-18.808,0.000,65.423,-41.721,0.129
444.661,146.466,-19.697,0.000,71.335,-43.034,-1.128
444.666,150.799,-18.518,0.000,76.216,-44.836,-0.569
444.672,150.799,-18.518,0.000,79.882,-44.751,-1.341
444.678,150.799,-18.518,0.000,82.953,-43.089,-2.748
444.683,150.799,-18.518,0.000,86.988,-42.697,-3.228
444.689,150.799,-18.518,0.000,91.542,-42.735,-3.279
444.695,203.686,-17.387,0.000,94.363,-42.070,-4.252
444.700,203.686,-17.387,0.000,98.060,-41.405,-5.256
444.706,203.686,-17.387,0.000,103.358,-40.637,-6.107
444.712,224.932,-16.839,0.000,109.044,-40.623,-5.619
444.718,224.932,-16.839,0.000,114.095,-37.905,-6.842
444.723,224.932,-16.839,0.000,119.647,-36.116,-8.036
444.729,224.932,-16.038,0.000,124.763,-33.103,-11.231
444.735,224.932,-16.038,0.000,129.985,-30.212,-13.362
444.741,224.932,-16.038,0.000,133.538,-26.897,-14.789
444.746,224.932,-16.038,0.000,136.548,-23.801,-15.948
444.752,224.932,-16.038,0.000,139.348,-19.795,-17.049
444.758,224.932,-16.038,0.000,143.509,-16.917,-15.906
444.764,149.343,-11.276,0.000,146.718,-14.432,-15.167
444.769,149.343,-11.276,0.000,151.645,-14.418,-14.326
444.775,131.417,-8.828,0.000,155.271,-13.836,-14.859
444.780,131.417,-8.828,0.000,157.946,-12.320,-13.681
444.785,131.417,-8.828,0.000,159.777,-11.350,-11.357
444.791,64.096,-6.620,0.000,162.394,-11.728,-9.223
444.797,54.380,-6.620,0.000,162.474,-10.570,-9.554
444.802,54.380,-6.620,0.000,163.009,-9.065,-8.011
444.808,54.380,-6.620,0.000,163.668,-8.584,-9.016
444.814,20.614,-3.638,0.000,164.855,-9.640,-9.161
444.820,20.614,-3.638,0.000,164.785,-12.270,-8.757
444.825,20.614,-3.638,0.000,163.728,-13.020,-8.716
444.831,20.614,-3.638,0.000,161.550,-11.698,-7.756
444.836,0.297,-1.042,0.000,158.445,-9.144,-7.787
444.842,0.297,-1.042,0.000,152.537,-6.648,-8.088
444.847,0.297,-1.042,0.000,146.997,-4.306,-8.217
444.852,0.297,-1.042,0.000,140.041,-1.372,-7.947
444.858,0.000,-0.744,0.000,132.756,1.879,-7.611
444.864,0.000,-0.744,0.000,124.974,0.482,-7.947
444.869,0.000,-0.744,0.000,119.171,1.909,-8.823
444.874,0.000,-0.744,0.000,113.425,0.536,-9.322
444.879,0.000,-0.744,0.000,107.355,-3.221,-9.351
444.886,0.000,-0.744,0.000,99.052,-5.300,-8.844
444.893,0.000,-0.744,0.000,90.622,-6.366,-7.320
444.898,-0.595,-0.744,0.000,85.585,-9.840,-5.997
444.903,-1.341,-0.744,0.000,82.134,-12.586,-5.544
444.909,-1.341,-0.744,0.000,79.137,-13.979,-4.600
444.915,-1.341,-0.744,0.000,75.237,-15.609,-4.312
444.920,-1.341,-0.744,0.000,70.772,-16.453,-3.782
444.926,-5.088,-0.595,0.000,68.059,-17.967,-3.543
444.932,-5.088,-0.595,0.000,64.086,-18.780,-2.295
444.937,-5.088,-0.595,0.000,63.217,-20.633,-2.230
444.942,-10.019,-0.744,0.000,61.868,-18.824,-0.817
444.948,-10.019,-0.744,0.000,63.011,-18.779,-0.805
444.954,-10.019,-0.744,0.000,62.248,-15.015,-0.402
444.960,-10.019,-0.744,0.000,63.319,-14.471,-2.069
444.965,-17.387,-0.744,0.000,63.058,-12.607,-2.013
444.971,-17.387,-0.744,0.000,61.709,-9.359,-1.097
444.977,-19.101,-0.744,0.000,59.973,-5.842,-0.695
444.982,-19.101,-0.744,0.000,57.734,-3.206,-0.590
444.988,-21.561,-0.744,0.000,55.551,-1.182,-0.536
444.994,-21.561,-0.744,0.000,53.242,0.276,-0.716
445.000,-21.561,-0.893,0.000,51.994,0.965,-0.018
445.005,-21.561,-0.893,0.000,52.081,2.081,-0.143
445.011,-22.538,-1.042,0.000,51.170,4.370,-0.603
445.016,-22.538,-1.042,0.000,50.190,6.792,-0.441
445.022,-22.209,-1.192,0.000,48.249,9.019,-0.301
445.027,-22.209,-1.192,0.000,43.501,10.964,-0.665
445.032,-22.209,-1.192,0.000,40.382,11.711,0.029
445.038,-22.209,-1.793,0.000,37.799,11.597,0.469
445.043,-22.209,-1.793,0.000,35.396,9.919,1.283
445.049,-22.209,-1.793,0.000,32.521,9.756,2.683
445.055,-22.209,-1.793,0.000,28.319,10.324,2.974
445.060,-22.209,-1.944,0.000,25.110,11.288,3.362
445.066,-22.209,-1.944,0.000,21.789,10.267,1.984
445.072,-22.209,-1.944,0.000,18.626,10.285,2.001
445.077,-22.209,-1.944,0.000,16.005,11.377,3.167
445.083,-22.209,-1.944,0.000,13.797,12.421,2.639
445.089,-21.561,-1.793,0.000,11.783,13.078,3.619
445.094,-21.561,-1.793,0.000,8.044,14.812,4.336
445.100,-21.561,-1.793,0.000,5.934,15.647,6.151
445.106,-21.561,-1.793,0.000,2.167,17.147,7.068
445.111,-20.000,-1.492,0.000,-1.108,17.565,8.555
445.117,-20.000,-1.492,0.000,-3.840,16.447,9.723
445.123,-20.000,-1.492,0.000,-6.362,16.160,7.614
445.128,-20.000,-1.492,0.000,-8.282,15.744,6.821
445.134,-20.000,-1.492,0.000,-11.565,14.197,7.658
445.140,-20.000,-1.492,0.000,-14.620,13.484,7.893
445.145,-20.000,-1.492,0.000,-17.530,13.081,8.297
445.151,-18.808,-1.042,0.000,-19.973,11.036,9.446
445.156,-18.808,-1.042,0.000,-23.063,8.871,9.856
445.162,-18.808,-1.042,0.000,-26.949,7.456,10.556
445.168,-19.101,-1.042,0.000,-29.924,6.776,11.063
445.173,-19.101,-1.042,1.000,-31.872,4.900,12.181
445.179,-19.101,-1.042,1.000,-32.608,2.171,12.685
445.185,-19.101,-1.042,1.000,-33.364,1.084,13.835
445.190,-19.697,-1.042,0.000,-33.851,2.138,13.801
445.196,-20.000,-1.042,0.000,-33.306,1.267,14.366
445.202,-20.000,-1.042,0.000,-32.258,1.243,14.503
445.207,-20.000,-1.042,0.000,-32.767,2.151,14.970
445.213,-20.614,-0.893,0.000,-33.606,3.164,15.097
445.218,-20.614,-0.893,0.000,-34.197,3.621,15.697
445.224,-20.614,-0.893,0.000,-34.089,5.103,15.438
445.230,-20.614,-0.893,0.000,-34.356,8.683,14.984
445.235,-21.883,-0.744,0.000,-34.814,11.010,15.230
445.241,-22.870,-0.744,1.000,-35.867,12.258,15.376
445.247,-22.870,-0.744,1.000,-36.903,14.813,15.915
445.253,-22.870,-0.744,1.000,-37.618,17.639,17.338
445.258,-24.941,-0.595,0.000,-38.602,20.176,19.309
445.264,-24.941,-0.595,0.000,-41.303,23.190,19.609
445.269,-25.298,-0.595,0.000,-44.350,26.517,19.839
445.274,-25.298,-0.595,0.000,-45.260,29.097,20.186
445.280,-26.768,-0.595,0.000,-46.619,31.607,21.052
445.285,-26.768,-0.595,0.000,-48.049,32.471,21.086
445.291,-26.768,-0.595,0.000,-50.674,33.903,21.922
445.296,-26.768,-0.595,0.000,-52.337,36.037,22.241
445.301,-26.768,-0.595,0.000,-55.614,38.070,21.212
445.307,-26.768,-0.595,0.000,-57.871,38.313,22.520
445.312,-27.911,-0.446,0.000,-59.017,39.655,22.076
445.318,-27.911,-0.446,0.000,-59.623,40.435,21.912
445.323,-27.911,-0.446,0.000,-60.291,39.642,20.371
445.329,-29.090,-0.446,0.000,-61.343,38.096,18.620
445.334,-29.491,-0.446,0.000,-63.957,36.862,15.810
445.340,-29.491,-0.446,0.000,-65.003,35.329,15.507
445.346,-30.720,-0.446,0.000,-66.835,33.273,14.384
445.351,-31.560,-0.297,0.000,-70.407,32.453,13.594
445.356,-31.560,-0.297,0.000,-73.579,33.311,13.206
445.362,-31.560,-0.297,0.000,-75.762,31.289,11.711
445.367,-35.563,-0.297,0.000,-76.160,29.665,9.914
445.373,-36.981,-0.148,0.000,-78.517,30.943,8.406
445.379,-36.981,-0.148,0.000,-78.224,31.823,7.433
445.384,-36.981,-0.148,0.000,-76.889,32.822,5.776
445.389,-41.500,-0.148,0.000,-74.010,34.541,5.089
445.394,-41.500,-0.148,0.000,-73.478,38.004,4.456
445.401,-42.560,-0.148,0.000,-75.226,38.848,2.433
445.406,-42.560,-0.148,0.000,-78.940,41.544,0.584
445.413,-48.778,0.000,0.000,-79.601,42.108,-0.463
445.418,-48.778,0.000,0.000,-81.895,44.106,0.037
445.423,-49.981,0.148,0.000,-82.017,43.446,-0.157
445.428,-49.981,0.148,0.000,-84.221,43.343,-0.082
445.435,-53.734,2.095,0.000,-85.137,45.854,-3.914
445.440,-53.734,2.095,0.000,-84.974,43.391,-4.584
445.446,-53.734,2.095,0.000,-83.787,42.367,-6.456
445.452,-53.734,2.095,0.000,-83.714,42.989,-8.199
445.458,-55.691,5.589,0.000,-84.203,45.482,-11.339
445.463,-55.691,5.589,0.000,-83.353,46.432,-13.712
445.469,-55.691,5.589,0.000,-83.198,47.123,-14.520
445.475,-55.691,10.849,0.000,-82.593,47.561,-15.302
445.480,-55.691,10.849,0.000,-84.627,47.311,-16.337
445.485,-55.691,10.849,0.000,-86.904,45.700,-16.414
445.491,-55.691,10.849,0.000,-90.123,43.696,-15.651
445.496,-55.691,17.387,0.000,-90.576,43.674,-16.190
445.502,-55.691,17.387,0.000,-92.016,45.369,-16.260
445.508,-55.691,17.387,0.000,-94.182,48.768,-16.435
445.514,-54.380,19.101,0.000,-93.057,51.279,-16.773
445.519,-53.093,19.697,0.000,-92.451,53.920,-18.888
445.525,-53.093,19.697,0.000,-93.294,56.837,-19.811
445.531,-53.093,19.697,0.000,-95.469,60.310,-19.251
445.536,-48.778,26.395,0.000,-98.368,61.970,-18.067
445.542,-48.778,26.395,0.000,-100.534,61.864,-16.430
445.548,-48.778,26.395,0.000,-101.911,62.422,-16.517
445.554,-48.778,26.395,0.000,-105.956,64.050,-17.760
445.559,-32.418,27.526,0.000,-107.475,65.824,-17.921
445.565,-32.418,27.526,0.000,-108.685,67.238,-17.637
445.571,-32.418,27.526,0.000,-110.289,69.283,-18.022
445.577,-22.538,26.768,0.000,-110.319,69.701,-18.289
445.582,-22.538,26.768,0.000,-110.593,70.284,-18.398
445.588,-22.538,26.768,0.000,-112.483,72.452,-18.122
445.594,-22.538,26.768,0.000,-114.088,74.450,-17.865
445.599,-9.615,27.526,0.000,-113.042,74.121,-17.422
445.605,-6.099,24.941,0.000,-112.034,73.571,-16.089
445.611,-6.099,24.941,0.000,-111.563,73.540,-15.307
445.617,-6.099,24.941,0.000,-110.789,73.910,-13.258
445.622,-0.744,23.206,0.000,-108.221,73.293,-13.173
445.628,-0.446,23.206,0.000,-104.914,73.074,-11.799
445.634,0.000,22.870,0.000,-102.705,74.613,-10.682
445.639,0.000,22.870,0.000,-101.062,73.955,-9.909
445.644,0.000,23.546,0.000,-98.856,71.630,-9.402
445.650,0.000,23.546,0.000,-95.532,68.938,-7.450
445.655,0.000,23.546,0.000,-93.199,69.825,-7.077
445.662,0.000,25.298,0.000,-87.366,66.784,-5.698
445.669,0.000,24.941,0.000,-85.651,68.526,-5.045
445.674,0.000,24.941,0.000,-83.637,67.183,-3.092
445.681,0.000,24.941,0.000,-80.895,64.804,-2.685
445.687,0.148,24.236,0.000,-79.154,68.276,-2.035
445.692,0.148,24.236,0.000,-79.721,66.179,-0.254
445.698,0.595,23.889,0.000,-76.344,63.406,0.064
445.703,2.859,22.538,0.000,-74.953,62.560,-0.912
445.709,2.859,22.538,0.000,-74.905,60.964,-1.884
445.714,2.859,22.538,0.000,-75.292,59.669,-0.759
445.720,2.859,22.538,0.000,-74.522,59.227,0.291
445.726,2.859,22.538,0.000,-74.445,60.108,0.123
445.731,2.859,22.538,0.000,-74.318,61.417,-1.239
445.737,2.859,22.538,0.000,-73.960,63.098,-0.292
445.743,2.859,22.538,0.000,-74.967,65.416,-0.302
445.749,2.859,22.538,0.000,-75.396,67.878,-0.137
445.754,2.859,22.538,0.000,-75.325,70.412,0.993
445.760,16.302,21.242,0.000,-76.680,72.341,-0.343
445.766,16.839,20.927,0.000,-75.363,74.458,-0.687
445.771,16.839,20.927,0.000,-75.972,77.691,-2.534
445.777,17.111,20.614,0.000,-73.856,79.481,-2.451
445.783,18.808,19.101,0.000,-72.711,82.061,-3.506
445.788,22.209,18.518,0.000,-71.167,84.212,-3.014
445.794,22.209,18.518,0.000,-69.442,85.757,-2.957
445.800,22.209,18.518,0.000,-66.289,87.416,-2.716
445.806,22.209,18.518,0.000,-63.698,87.515,-1.734
445.811,27.145,15.517,0.000,-61.495,88.525,-0.017
445.817,27.145,15.517,0.000,-58.907,87.573,1.889
445.823,27.145,15.517,0.000,-56.544,87.035,2.960
445.828,27.145,15.517,0.000,-54.783,87.529,3.901
445.834,31.560,9.218,0.000,-52.532,88.645,5.558
445.840,31.560,9.218,0.000,-51.042,89.778,5.193
445.845,31.560,9.218,0.000,-49.138,87.139,6.548
445.851,31.560,9.218,0.000,-46.841,85.144,7.263
445.857,43.641,4.597,0.000,-43.543,82.636,7.749
445.863,43.641,4.597,0.000,-41.839,81.940,7.885
445.868,45.869,4.435,0.000,-40.327,81.773,8.310
445.874,55.691,2.859,0.000,-38.904,82.249,8.272
445.880,55.691,2.859,0.000,-39.092,81.702,8.044
445.885,55.691,2.859,0.000,-38.141,80.500,8.317
445.891,55.691,2.859,0.000,-37.475,79.159,6.982
445.897,74.306,0.744,0.000,-36.356,77.079,5.690
445.903,74.306,0.744,0.000,-32.633,74.862,6.941
445.908,74.306,0.744,0.000,-30.570,74.720,6.296
445.914,74.306,0.744,0.000,-26.788,74.171,6.572
445.920,109.464,0.000,0.000,-22.817,73.304,5.569
445.925,109.464,0.000,0.000,-18.622,73.695,4.279
445.930,115.245,0.000,0.000,-14.378,74.239,3.342
445.935,115.245,0.000,0.000,-10.213,75.453,2.816
445.942,132.732,-0.297,0.000,-4.838,76.937,3.140
445.947,132.732,-0.297,0.000,-1.132,77.717,1.831
445.952,132.732,-0.297,0.000,2.771,78.325,0.614
445.958,136.739,-0.297,0.000,5.560,80.192,0.373
445.963,136.739,-0.297,0.000,10.571,80.365,-1.231
445.968,138.096,-0.297,0.000,14.692,81.218,-1.292
445.974,138.096,-0.297,0.000,17.237,81.996,-0.913
445.979,138.096,-0.297,0.000,20.693,82.955,-0.336
445.985,139.464,-0.297,0.000,24.229,84.404,-0.797
445.990,139.464,-0.297,0.000,27.579,84.348,-0.911
445.995,140.843,-0.297,0.000,31.562,84.703,-0.385
446.001,140.843,-0.297,0.000,35.685,85.490,-0.579
446.006,139.464,-0.297,0.000,41.016,86.806,-0.367
446.011,140.843,-0.297,0.000,45.181,87.461,-0.432
446.017,140.843,-0.297,0.000,51.037,86.806,1.126
446.022,140.843,-0.297,0.000,57.769,85.749,2.128
446.027,140.843,-0.297,0.000,63.827,84.473,2.187
446.033,140.843,-0.297,0.000,70.066,83.542,0.981
446.038,140.843,-0.297,0.000,73.683,82.002,1.986
446.044,140.843,-0.297,0.000,76.782,81.717,3.123
446.049,140.843,-0.297,0.000,80.072,80.630,3.985
446.054,140.843,-0.297,0.000,83.329,79.222,6.185
446.060,140.843,-0.297,0.000,85.579,77.955,7.177
446.065,135.393,-1.341,0.000,89.464,76.935,8.830
446.071,135.393,-1.341,0.000,93.992,74.183,10.218
446.076,131.417,-2.706,0.000,96.605,72.143,11.128
446.082,131.417,-2.706,0.000,97.863,72.016,12.398
446.087,131.417,-2.706,0.000,99.126,72.074,12.428
446.092,131.417,-2.706,0.000,100.874,73.134,13.052
446.098,102.835,-13.777,0.000,102.240,72.205,14.421
446.104,102.835,-13.777,0.000,101.417,71.098,16.209
446.109,102.835,-13.777,0.000,101.775,70.717,17.116
446.115,81.204,-20.927,0.000,101.988,70.696,17.544
446.121,79.434,-25.298,0.000,102.294,70.849,17.805
446.126,79.434,-26.395,0.000,104.261,70.483,17.942
446.132,79.434,-26.395,0.000,108.729,68.119,17.619
446.138,79.434,-26.395,0.000,110.812,68.240,18.508
446.144,79.434,-44.190,0.000,111.513,68.185,17.900
446.149,79.434,-44.190,0.000,113.946,67.637,19.670
446.155,79.434,-44.190,0.000,114.421,66.243,20.080
446.161,79.434,-44.190,0.000,115.018,64.554,19.276
446.167,78.560,-50.592,0.000,117.179,64.365,21.462
446.172,78.560,-50.592,0.000,117.685,62.364,21.355
446.178,78.560,-50.592,0.000,117.006,61.708,20.960
446.184,78.560,-50.592,0.000,113.754,61.624,20.274
446.189,78.560,-50.592,0.000,112.398,60.986,20.677
446.195,78.560,-50.592,0.000,112.910,58.778,21.193
446.201,78.560,-50.592,0.000,111.229,57.486,21.722
446.207,62.629,-97.558,0.000,108.972,57.295,20.190
446.212,62.629,-101.762,0.000,107.224,56.520,21.380
446.218,62.629,-101.762,0.000,104.219,55.937,20.901
446.224,64.839,-105.008,0.000,102.268,55.178,21.749
446.230,67.110,-105.008,0.000,100.895,53.028,21.623
446.235,67.110,-105.008,0.000,98.277,49.832,21.225
446.241,67.110,-105.008,0.000,96.622,48.347,20.796
446.247,67.110,-105.008,0.000,95.280,45.842,20.306
446.253,78.560,-130.112,0.000,94.154,43.119,19.689
446.258,80.315,-134.057,0.000,92.937,40.781,19.667
446.264,80.315,-134.057,0.000,93.016,37.642,20.224
446.270,80.315,-134.057,0.000,92.805,33.912,19.681
446.275,76.836,-142.232,0.000,94.105,29.291,18.292
446.281,76.836,-142.232,0.000,96.098,24.893,17.191
446.287,76.836,-142.232,0.000,97.294,20.573,16.248
446.292,65.589,-147.899,0.000,101.154,16.144,15.680
446.298,59.776,-150.799,0.000,104.517,11.354,13.662
446.304,59.776,-150.799,0.000,107.534,6.857,12.110
446.310,59.776,-150.799,0.000,109.907,3.151,8.807
446.315,47.016,-152.266,0.000,114.404,-1.480,7.062
446.321,43.641,-152.266,0.000,117.198,-4.908,5.963
446.327,38.442,-152.266,0.000,118.307,-7.648,3.911
446.332,38.442,-152.266,0.000,119.848,-11.172,3.220
446.338,38.442,-152.266,0.000,121.012,-14.568,2.174
446.344,31.560,-152.266,0.000,119.572,-16.455,0.949
446.349,31.560,-152.266,0.000,118.618,-19.409,-0.014
446.355,31.560,-152.266,0.000,117.707,-22.299,-2.697
446.361,29.491,-150.799,0.000,115.532,-24.442,-3.471
446.367,27.911,-149.343,0.000,112.835,-26.379,-6.276
446.372,27.911,-149.343,0.000,109.105,-28.267,-8.305
446.378,27.145,-145.044,0.000,105.503,-32.912,-9.679
446.384,23.206,-138.096,0.000,100.482,-37.261,-11.342
446.389,20.614,-138.096,0.000,93.685,-40.863,-13.423
446.395,20.614,-138.096,0.000,87.619,-43.767,-14.633
446.401,20.614,-138.096,0.000,82.449,-48.733,-14.916
446.407,15.517,-127.534,0.000,78.244,-53.290,-14.171
446.412,12.607,-124.996,0.000,74.249,-57.929,-13.414
446.418,12.607,-124.996,0.000,69.537,-60.238,-13.061
446.424,12.607,-124.996,0.000,65.559,-63.060,-14.276
446.429,12.607,-124.996,0.000,61.380,-65.862,-15.450
446.435,7.515,-135.393,0.000,58.308,-69.706,-17.336
446.441,7.515,-135.393,0.000,55.860,-73.683,-19.481
446.446,6.272,-162.854,0.000,53.562,-75.294,-20.658
446.452,6.272,-162.854,0.000,50.073,-77.106,-22.018
446.458,5.088,-211.218,0.000,47.139,-79.015,-22.215
446.464,5.088,-211.218,0.000,47.537,-83.017,-22.576
446.469,4.435,-237.243,0.000,47.848,-85.618,-22.268
446.475,4.435,-237.243,0.000,45.772,-87.180,-22.740
446.481,4.435,-237.243,0.000,44.648,-88.792,-23.099
446.486,4.435,-237.243,0.000,45.992,-91.731,-22.799
446.492,4.274,-304.539,0.000,45.935,-95.213,-22.952
446.498,4.274,-304.539,0.000,47.075,-98.150,-22.546
446.504,4.274,-304.539,0.000,47.265,-100.220,-22.250
446.509,3.638,-336.483,0.000,48.898,-104.167,-20.203
446.515,3.325,-339.261,0.000,48.797,-109.374,-19.778
446.521,3.325,-339.261,0.000,48.685,-114.293,-19.473
446.526,3.325,-339.261,0.000,49.217,-120.944,-18.925
446.532,3.014,-392.487,0.000,51.346,-129.131,-18.698
446.538,3.169,-452.195,0.000,53.083,-137.897,-17.622
446.544,3.169,-452.195,0.000,52.507,-146.032,-17.872
446.549,3.169,-452.195,0.000,50.255,-153.251,-17.640
446.555,3.638,-495.890,0.000,49.196,-162.875,-16.705
446.560,3.638,-507.326,0.000,48.778,-172.718,-13.867
446.566,3.638,-507.326,0.000,48.422,-183.751,-13.757
446.572,3.638,-507.326,0.000,47.780,-193.112,-13.163
446.577,3.325,-530.833,0.000,46.750,-202.539,-12.105
446.583,3.325,-530.833,0.000,44.774,-212.242,-11.557
446.589,3.325,-530.833,0.000,43.310,-220.823,-11.273
446.595,3.325,-530.833,0.000,43.172,-230.911,-10.036
446.600,2.247,-534.835,0.000,41.405,-238.762,-9.823
446.606,1.944,-530.833,0.000,38.022,-246.492,-9.186
446.612,1.944,-530.833,0.000,36.502,-255.099,-7.617
446.617,1.944,-530.833,0.000,35.120,-264.476,-7.966
446.623,0.595,-534.835,0.000,34.624,-276.035,-6.016
446.628,0.446,-526.856,0.000,34.470,-286.475,-4.109
446.634,0.446,-526.856,0.000,34.290,-296.211,-5.166
446.639,0.446,-526.856,0.000,33.607,-306.156,-6.170
446.645,0.000,-480.965,0.000,31.369,-315.312,-5.890
446.650,0.000,-480.965,0.000,28.851,-322.719,-5.336
446.657,0.000,-480.965,0.000,29.641,-333.860,-3.959
446.663,0.000,-480.965,0.000,28.461,-342.816,-2.100
446.668,0.000,-320.193,0.000,26.953,-347.990,-2.840
446.673,0.000,-320.193,0.000,24.736,-353.150,-2.242
446.678,0.000,-320.193,0.000,23.251,-358.387,-2.746
446.683,0.000,-247.906,0.000,22.532,-361.924,-3.821
446.688,0.000,-205.549,0.000,21.736,-364.681,-3.637
446.695,0.000,-205.549,0.000,24.596,-369.020,-2.079
446.700,0.000,-205.549,0.000,28.685,-372.620,0.760
446.705,0.000,-152.266,0.000,32.568,-373.872,1.352
446.712,0.000,-121.266,0.000,34.365,-371.381,2.153
446.719,0.000,-121.266,0.000,34.504,-366.106,3.973
446.725,0.000,-121.266,0.000,34.178,-359.707,5.016
446.732,0.000,-121.266,0.000,33.377,-350.266,3.694
446.737,0.000,-75.985,0.000,32.769,-342.799,3.226
446.742,0.000,-75.985,0.000,31.795,-334.754,3.327
446.747,0.000,-75.985,0.000,31.309,-326.415,3.910
446.752,0.000,-75.985,0.000,31.033,-318.288,3.413
446.757,0.000,-75.985,0.000,31.925,-310.389,3.009
446.764,0.000,-41.500,0.000,30.705,-295.572,3.062
446.770,0.000,-41.500,0.000,30.795,-284.082,5.561
446.777,0.000,-41.500,0.000,29.950,-273.201,4.027
446.784,0.000,-41.500,0.000,31.872,-264.718,6.280
446.790,0.000,-41.500,0.000,30.782,-253.353,5.410
446.796,0.000,-41.500,0.000,33.594,-249.598,6.872
446.802,0.000,-5.088,0.000,34.443,-240.506,7.583
446.809,0.000,-3.481,0.000,33.027,-232.139,5.322
446.816,0.000,-3.481,0.000,32.793,-225.572,3.046
446.821,0.000,-0.595,0.000,31.707,-221.417,2.574
446.827,0.000,-0.595,0.000,31.960,-216.721,-0.205
446.833,0.000,-0.595,0.000,30.007,-210.393,-0.139
446.839,0.000,-0.148,0.000,31.200,-207.096,-0.577
446.845,0.000,0.297,0.000,31.805,-203.031,-1.622
446.851,0.000,0.297,0.000,31.482,-200.359,-3.339
446.857,0.000,0.297,0.000,29.595,-195.701,-5.385
446.864,0.000,5.421,0.000,29.368,-192.699,-7.116
446.869,0.000,8.828,0.000,28.185,-189.309,-6.862
446.874,0.000,8.828,0.000,25.231,-183.690,-7.424
446.879,0.000,8.828,0.000,23.986,-181.713,-6.740
446.884,-0.148,19.697,0.000,22.616,-181.377,-5.640
446.891,-0.297,24.586,0.000,21.487,-177.460,-5.956
446.896,-0.297,24.586,0.000,20.149,-172.835,-7.020
446.902,-0.297,24.586,0.000,20.512,-169.338,-7.889
446.907,-2.399,66.346,0.000,20.118,-166.498,-8.989
446.912,-2.399,66.346,0.000,17.714,-160.536,-9.924
446.918,-2.399,66.346,0.000,17.501,-155.511,-9.113
446.923,-4.435,162.854,0.000,17.743,-149.071,-9.848
446.929,-4.924,192.790,0.000,17.567,-143.716,-10.352
446.935,-4.924,192.790,0.000,18.118,-137.740,-10.269
446.940,-4.924,192.790,0.000,19.257,-134.010,-10.432
446.946,-6.272,473.638,1.000,19.099,-131.446,-9.373
446.951,-6.272,473.638,1.000,19.007,-127.938,-9.296
446.957,-6.272,473.638,1.000,18.959,-122.627,-8.929
446.963,-6.272,473.638,1.000,18.832,-114.753,-8.873
446.969,-6.272,473.638,1.000,18.832,-114.753,-8.873
446.974,-6.272,473.638,1.000,18.832,-114.753,-8.873
446.979,-6.272,473.638,1.000,18.832,-114.753,-8.873
446.984,-6.272,473.638,1.000,18.832,-114.753,-8.873
446.990,-6.272,473.638,1.000,18.832,-114.753,-8.873
446.995,-6.272,473.638,1.000,18.832,-114.753,-8.873
447.000,-6.272,473.638,1.000,18.832,-114.753,-8.873
447.005,-6.272,473.638,1.000,18.832,-114.753,-8.873
447.010,-6.272,473.638,1.000,18.832,-114.753,-8.873
447.016,-6.272,473.638,1.000,18.832,-114.753,-8.873
447.021,-6.272,473.638,1.000,18.832,-114.753,-8.873
447.026,-6.272,473.638,1.000,18.832,-114.753,-8.873
447.031,-6.272,473.638,1.000,18.832,-114.753,-8.873
447.036,-6.272,473.638,1.000,18.832,-114.753,-8.873
447.042,-6.272,473.638,1.000,18.832,-114.753,-8.873
447.047,-6.272,473.638,1.000,18.832,-114.753,-8.873
447.052,-6.272,473.638,1.000,18.832,-114.753,-8.873
447.057,-6.272,473.638,1.000,18.832,-114.753,-8.873
447.062,-6.272,473.638,1.000,18.832,-114.753,-8.873
447.068,-6.272,473.638,1.000,18.832,-114.753,-8.873
447.073,-6.272,473.638,1.000,18.832,-114.753,-8.873
447.078,-6.272,473.638,1.000,18.832,-114.753,-8.873
447.083,-6.272,473.638,1.000,18.832,-114.753,-8.873
447.088,-6.272,473.638,1.000,18.832,-114.753,-8.873
447.094,-6.272,473.638,1.000,18.832,-114.753,-8.873
447.099,-6.272,473.638,1.000,18.832,-114.753,-8.873
447.104,-6.272,473.638,1.000,18.832,-114.753,-8.873
447.109,-6.272,473.638,1.000,18.832,-114.753,-8.873
447.114,-6.272,473.638,1.000,18.832,-114.753,-8.873
447.119,-6.272,473.638,1.000,18.832,-114.753,-8.873
447.125,-6.272,473.638,1.000,18.832,-114.753,-8.873
447.130,-6.272,473.638,1.000,18.832,-114.753,-8.873
447.135,-6.272,473.638,1.000,18.832,-114.753,-8.873
447.140,-6.272,473.638,1.000,18.832,-114.753,-8.873
447.146,-6.272,473.638,1.000,18.832,-114.753,-8.873
447.151,-6.272,473.638,1.000,18.832,-114.753,-8.873
447.157,-6.272,473.638,1.000,18.832,-114.753,-8.873
447.162,-6.272,473.638,1.000,18.832,-114.753,-8.873
447.168,-6.272,473.638,1.000,18.832,-114.753,-8.873
447.173,-6.272,473.638,1.000,18.832,-114.753,-8.873
447.178,-6.272,473.638,1.000,18.832,-114.753,-8.873
447.184,-6.272,473.638,1.000,18.832,-114.753,-8.873
447.189,-6.272,473.638,1.000,18.832,-114.753,-8.873
447.194,-6.272,473.638,1.000,18.832,-114.753,-8.873
447.200,-6.272,473.638,1.000,18.832,-114.753,-8.873
447.205,-6.272,473.638,1.000,18.832,-114.753,-8.873
447.211,-6.272,473.638,1.000,18.832,-114.753,-8.873
447.216,-6.272,473.638,1.000,18.832,-114.753,-8.873
447.221,-6.272,473.638,1.000,18.832,-114.753,-8.873
447.227,-6.272,473.638,1.000,18.832,-114.753,-8.873
447.232,-6.272,473.638,1.000,18.832,-114.753,-8.873
447.237,-6.272,473.638,1.000,18.832,-114.753,-8.873
447.243,-6.272,473.638,1.000,18.832,-114.753,-8.873
447.248,-6.272,473.638,1.000,18.832,-114.753,-8.873
447.253,-6.272,473.638,1.000,18.832,-114.753,-8.873
447.259,-6.272,473.638,1.000,18.832,-114.753,-8.873
447.264,-6.272,473.638,1.000,18.832,-114.753,-8.873
447.270,-6.272,473.638,1.000,18.832,-114.753,-8.873
447.275,-6.272,473.638,1.000,18.832,-114.753,-8.873
447.280,-6.272,473.638,1.000,18.832,-114.753,-8.873
447.286,-6.272,473.638,1.000,18.832,-114.753,-8.873
447.291,-6.272,473.638,1.000,18.832,-114.753,-8.873
447.297,-6.272,473.638,1.000,18.832,-114.753,-8.873
447.302,-6.272,473.638,1.000,18.832,-114.753,-8.873
447.307,-6.272,473.638,1.000,18.832,-114.753,-8.873
447.313,-6.272,473.638,1.000,18.832,-114.753,-8.873
447.318,-6.272,473.638,1.000,18.832,-114.753,-8.873
447.323,-6.272,473.638,1.000,18.832,-114.753,-8.873
447.329,-6.272,473.638,1.000,18.832,-114.753,-8.873
447.334,-6.272,473.638,1.000,18.832,-114.753,-8.873
447.339,-6.272,473.638,1.000,18.832,-114.753,-8.873
447.345,-6.272,473.638,1.000,18.832,-114.753,-8.873
447.350,-6.272,473.638,1.000,18.832,-114.753,-8.873
447.356,-6.272,473.638,1.000,18.832,-114.753,-8.873
447.361,-6.272,473.638,1.000,18.832,-114.753,-8.873
447.366,-6.272,473.638,1.000,18.832,-114.753,-8.873
447.372,-6.272,473.638,1.000,18.832,-114.753,-8.873
447.377,-6.272,473.638,1.000,18.832,-114.753,-8.873
447.382,-6.272,473.638,1.000,18.832,-114.753,-8.873
447.388,-6.272,473.638,1.000,18.832,-114.753,-8.873
447.393,-6.272,473.638,1.000,18.832,-114.753,-8.873
447.398,-6.272,473.638,1.000,18.832,-114.753,-8.873
447.404,-6.272,473.638,1.000,18.832,-114.753,-8.873
447.409,-6.272,473.638,1.000,18.832,-114.753,-8.873
447.415,-6.272,473.638,1.000,18.832,-114.753,-8.873
447.420,-6.272,473.638,1.000,18.832,-114.753,-8.873
447.425,-6.272,473.638,1.000,18.832,-114.753,-8.873
447.430,-6.272,473.638,1.000,18.832,-114.753,-8.873
447.436,-6.272,473.638,1.000,18.832,-114.753,-8.873
447.441,-6.272,473.638,1.000,18.832,-114.753,-8.873
447.447,-6.272,473.638,1.000,18.832,-114.753,-8.873
447.452,-6.272,473.638,1.000,18.832,-114.753,-8.873
447.457,-6.272,473.638,1.000,18.832,-114.753,-8.873
447.462,-6.272,473.638,1.000,18.832,-114.753,-8.873
447.468,-6.272,473.638,1.000,18.832,-114.753,-8.873
447.473,-6.272,473.638,1.000,18.832,-114.753,-8.873
447.478,-6.272,473.638,1.000,18.832,-114.753,-8.873
447.484,-6.272,473.638,1.000,18.832,-114.753,-8.873
447.489,-6.272,473.638,1.000,18.832,-114.753,-8.873
447.494,-6.272,473.638,1.000,18.832,-114.753,-8.873
447.500,-6.272,473.638,1.000,18.832,-114.753,-8.873
447.505,-6.272,473.638,1.000,18.832,-114.753,-8.873
447.510,-6.272,473.638,1.000,18.832,-114.753,-8.873
447.515,-6.272,473.638,1.000,18.832,-114.753,-8.873
447.521,-6.272,473.638,1.000,18.832,-114.753,-8.873
447.526,-6.272,473.638,1.000,18.832,-114.753,-8.873
447.531,-6.272,473.638,1.000,18.832,-114.753,-8.873
447.536,-6.272,473.638,1.000,18.832,-114.753,-8.873
447.542,-6.272,473.638,1.000,18.832,-114.753,-8.873
447.547,-6.272,473.638,1.000,18.832,-114.753,-8.873
447.552,-6.272,473.638,1.000,18.832,-114.753,-8.873
447.558,-6.272,473.638,1.000,18.832,-114.753,-8.873
447.563,-6.272,473.638,1.000,18.832,-114.753,-8.873
447.568,-6.272,473.638,1.000,18.832,-114.753,-8.873
447.573,-6.272,473.638,1.000,18.832,-114.753,-8.873
447.578,-6.272,473.638,1.000,18.832,-114.753,-8.873
447.584,-6.272,473.638,1.000,18.832,-114.753,-8.873
447.589,-6.272,473.638,1.000,18.832,-114.753,-8.873
447.594,-6.272,473.638,1.000,18.832,-114.753,-8.873
447.599,-6.272,473.638,1.000,18.832,-114.753,-8.873
447.604,-6.272,473.638,1.000,18.832,-114.753,-8.873
447.609,-6.272,473.638,1.000,18.832,-114.753,-8.873
447.615,-6.272,473.638,1.000,18.832,-114.753,-8.873
447.620,-6.272,473.638,1.000,18.832,-114.753,-8.873
447.625,-6.272,473.638,1.000,18.832,-114.753,-8.873
447.630,-6.272,473.638,1.000,18.832,-114.753,-8.873
447.636,-6.272,473.638,1.000,18.832,-114.753,-8.873
447.641,-6.272,473.638,1.000,18.832,-114.753,-8.873
447.646,-6.272,473.638,1.000,18.832,-114.753,-8.873
447.651,-6.272,473.638,1.000,18.832,-114.753,-8.873
447.657,-6.272,473.638,1.000,18.832,-114.753,-8.873
447.662,-6.272,473.638,1.000,18.832,-114.753,-8.873
447.667,-6.272,473.638,1.000,18.832,-114.753,-8.873
447.673,-6.272,473.638,1.000,18.832,-114.753,-8.873
447.678,-6.272,473.638,1.000,18.832,-114.753,-8.873
447.683,-6.272,473.638,1.000,18.832,-114.753,-8.873
447.688,-6.272,473.638,1.000,18.832,-114.753,-8.873
447.694,-6.272,473.638,1.000,18.832,-114.753,-8.873
447.699,-6.272,473.638,1.000,18.832,-114.753,-8.873
447.704,-6.272,473.638,1.000,18.832,-114.753,-8.873
447.710,-6.272,473.638,1.000,18.832,-114.753,-8.873
447.715,-6.272,473.638,1.000,18.832,-114.753,-8.873
447.721,-6.272,473.638,1.000,18.832,-114.753,-8.873
447.726,-6.272,473.638,1.000,18.832,-114.753,-8.873
447.731,-6.272,473.638,1.000,18.832,-114.753,-8.873
447.737,-6.272,473.638,1.000,18.832,-114.753,-8.873
447.742,-6.272,473.638,1.000,18.832,-114.753,-8.873
447.747,-6.272,473.638,1.000,18.832,-114.753,-8.873
447.752,-6.272,473.638,1.000,18.832,-114.753,-8.873
447.758,-6.272,473.638,1.000,18.832,-114.753,-8.873
447.763,-6.272,473.638,1.000,18.832,-114.753,-8.873
447.769,-6.272,473.638,1.000,18.832,-114.753,-8.873
447.774,-6.272,473.638,1.000,18.832,-114.753,-8.873
447.780,-6.272,473.638,1.000,18.832,-114.753,-8.873
447.785,-6.272,473.638,1.000,18.832,-114.753,-8.873
447.790,-6.272,473.638,1.000,18.832,-114.753,-8.873
447.796,-6.272,473.638,1.000,18.832,-114.753,-8.873
447.801,-6.272,473.638,1.000,18.832,-114.753,-8.873
447.807,-6.272,473.638,1.000,18.832,-114.753,-8.873
447.812,-6.272,473.638,1.000,18.832,-114.753,-8.873
447.817,-6.272,473.638,1.000,18.832,-114.753,-8.873
447.823,-6.272,473.638,1.000,18.832,-114.753,-8.873
447.828,-6.272,473.638,1.000,18.832,-114.753,-8.873
447.833,-6.272,473.638,1.000,18.832,-114.753,-8.873
447.839,-6.272,473.638,1.000,18.832,-114.753,-8.873
447.844,-6.272,473.638,1.000,18.832,-114.753,-8.873
447.849,-6.272,473.638,1.000,18.832,-114.753,-8.873
447.855,-6.272,473.638,1.000,18.832,-114.753,-8.873
447.860,-6.272,473.638,1.000,18.832,-114.753,-8.873
447.865,-6.272,473.638,1.000,18.832,-114.753,-8.873
447.871,-6.272,473.638,1.000,18.832,-114.753,-8.873
447.876,-6.272,473.638,1.000,18.832,-114.753,-8.873
447.881,-6.272,473.638,1.000,18.832,-114.753,-8.873
447.887,-6.272,473.638,1.000,18.832,-114.753,-8.873
447.892,-6.272,473.638,1.000,18.832,-114.753,-8.873
447.897,-6.272,473.638,1.000,18.832,-114.753,-8.873
447.903,-6.272,473.638,1.000,18.832,-114.753,-8.873
447.908,-6.272,473.638,1.000,18.832,-114.753,-8.873
447.913,-6.272,473.638,1.000,18.832,-114.753,-8.873
447.918,-6.272,473.638,1.000,18.832,-114.753,-8.873
447.924,-6.272,473.638,1.000,18.832,-114.753,-8.873
447.929,-6.272,473.638,1.000,18.832,-114.753,-8.873
447.934,-6.272,473.638,1.000,18.832,-114.753,-8.873
447.940,-6.272,473.638,1.000,18.832,-114.753,-8.873
447.945,-6.272,473.638,1.000,18.832,-114.753,-8.873
447.950,-6.272,473.638,1.000,18.832,-114.753,-8.873
447.955,-6.272,473.638,1.000,18.832,-114.753,-8.873
447.961,-6.272,473.638,1.000,18.832,-114.753,-8.873
447.966,-6.272,473.638,1.000,18.832,-114.753,-8.873
447.971,-6.272,473.638,1.000,18.832,-114.753,-8.873
447.977,-6.272,473.638,1.000,18.832,-114.753,-8.873
447.982,-6.272,473.638,1.000,18.832,-114.753,-8.873
447.987,-6.272,473.638,1.000,18.832,-114.753,-8.873
447.992,-6.272,473.638,1.000,18.832,-114.753,-8.873
447.998,-6.272,473.638,1.000,18.832,-114.753,-8.873
448.003,-6.272,473.638,1.000,18.832,-114.753,-8.873
448.008,-6.272,473.638,1.000,18.832,-114.753,-8.873
448.013,-6.272,473.638,1.000,18.832,-114.753,-8.873
448.019,-6.272,473.638,1.000,18.832,-114.753,-8.873
448.024,-6.272,473.638,1.000,18.832,-114.753,-8.873
448.029,-6.272,473.638,1.000,18.832,-114.753,-8.873
448.035,-6.272,473.638,1.000,18.832,-114.753,-8.873
448.040,-6.272,473.638,1.000,18.832,-114.753,-8.873
448.045,-6.272,473.638,1.000,18.832,-114.753,-8.873
448.051,-6.272,473.638,1.000,18.832,-114.753,-8.873
448.056,-6.272,473.638,1.000,18.832,-114.753,-8.873
448.061,-6.272,473.638,1.000,18.832,-114.753,-8.873
448.067,-6.272,473.638,1.000,18.832,-114.753,-8.873
448.072,-6.272,473.638,1.000,18.832,-114.753,-8.873
448.077,-6.272,473.638,1.000,18.832,-114.753,-8.873
448.082,-6.272,473.638,1.000,18.832,-114.753,-8.873
448.088,-6.272,473.638,1.000,18.832,-114.753,-8.873
448.093,-6.272,473.638,1.000,18.832,-114.753,-8.873
448.098,-6.272,473.638,1.000,18.832,-114.753,-8.873
448.103,-6.272,473.638,1.000,18.832,-114.753,-8.873
448.108,-6.272,473.638,1.000,18.832,-114.753,-8.873
448.113,-6.272,473.638,1.000,18.832,-114.753,-8.873
448.118,-6.272,473.638,1.000,18.832,-114.753,-8.873
448.124,-6.272,473.638,1.000,18.832,-114.753,-8.873
448.129,-6.272,473.638,1.000,18.832,-114.753,-8.873
448.134,-6.272,473.638,1.000,18.832,-114.753,-8.873
448.139,-6.272,473.638,1.000,18.832,-114.753,-8.873
448.144,-6.272,473.638,1.000,18.832,-114.753,-8.873
448.149,-6.272,473.638,1.000,18.832,-114.753,-8.873
448.154,-6.272,473.638,1.000,18.832,-114.753,-8.873
448.160,-6.272,473.638,1.000,18.832,-114.753,-8.873
448.165,-6.272,473.638,1.000,18.832,-114.753,-8.873
448.170,-6.272,473.638,1.000,18.832,-114.753,-8.873
448.175,-6.272,473.638,1.000,18.832,-114.753,-8.873
448.180,-6.272,473.638,1.000,18.832,-114.753,-8.873
448.185,-6.272,473.638,1.000,18.832,-114.753,-8.873
448.190,-6.272,473.638,1.000,18.832,-114.753,-8.873
448.195,-6.272,473.638,1.000,18.832,-114.753,-8.873
448.200,-6.272,473.638,1.000,18.832,-114.753,-8.873
448.205,-6.272,473.638,1.000,18.832,-114.753,-8.873
448.211,-6.272,473.638,1.000,18.832,-114.753,-8.873
448.216,-6.272,473.638,1.000,18.832,-114.753,-8.873
448.221,-6.272,473.638,1.000,18.832,-114.753,-8.873
448.226,-6.272,473.638,1.000,18.832,-114.753,-8.873
448.231,-6.272,473.638,1.000,18.832,-114.753,-8.873
448.236,-6.272,473.638,1.000,18.832,-114.753,-8.873
448.241,-6.272,473.638,1.000,18.832,-114.753,-8.873
448.246,-6.272,473.638,1.000,18.832,-114.753,-8.873
448.251,-6.272,473.638,1.000,18.832,-114.753,-8.873
448.256,-6.272,473.638,1.000,18.832,-114.753,-8.873
448.261,-6.272,473.638,1.000,18.832,-114.753,-8.873
448.267,-6.272,473.638,1.000,18.832,-114.753,-8.873
448.272,-6.272,473.638,1.000,18.832,-114.753,-8.873
448.277,-6.272,473.638,1.000,18.832,-114.753,-8.873
448.282,-6.272,473.638,1.000,18.832,-114.753,-8.873
448.287,-6.272,473.638,1.000,18.832,-114.753,-8.873
448.292,-6.272,473.638,1.000,18.832,-114.753,-8.873
448.297,-6.272,473.638,1.000,18.832,-114.753,-8.873
448.303,-6.272,473.638,1.000,18.832,-114.753,-8.873
448.308,-6.272,473.638,1.000,18.832,-114.753,-8.873
448.313,-6.272,473.638,1.000,18.832,-114.753,-8.873
448.318,-6.272,473.638,1.000,18.832,-114.753,-8.873
448.323,-6.272,473.638,1.000,18.832,-114.753,-8.873
448.328,-6.272,473.638,1.000,18.832,-114.753,-8.873