R
Px,Ix,Dx,Py,Iy,Dy,Pz,Iz,FFrx,FFry,FFdrx,FFdry,satI,satPID,DTermC,GparamC,AparamC,KFQAng,KFQbias,KFRmeas,CPx,CIx,CPy,CIy,CsatI,CsatPID,CFFdrx,CFFdry,CFalpha,FFDTermC,IRelaxR,IRelaxE,DmaxR,DmaxE,DMx,DMy
175,0,1900,200,0,2100,500,150,0,0,0,0,7,75,10,10.0,64.0,0.000100,0.003000,50,30,0,30,0,75,300,0,0,0.995,10.000,300,100,300,100,1900,2100
sysTime,PIDRefX,PIDRefY,PIDRefZ,PIDSensX,PIDSensY,PIDSensZ
134.390,0.000,-54.380,2.000,1.043,-82.498,-0.891
134.395,0.000,-54.380,2.000,1.043,-82.498,-0.891
134.401,0.000,-54.380,2.000,1.043,-82.498,-0.891
134.406,0.000,-54.380,2.000,1.043,-82.498,-0.891
134.411,0.000,-54.380,2.000,1.043,-82.498,-0.891
134.416,0.000,-54.380,2.000,1.043,-82.498,-0.891
134.421,0.000,-54.380,2.000,1.043,-82.498,-0.891
134.426,0.000,-54.380,2.000,1.043,-82.498,-0.891
134.431,0.000,-54.380,2.000,1.043,-82.498,-0.891
134.436,0.000,-54.380,2.000,1.043,-82.498,-0.891
134.441,0.000,-54.380,2.000,1.043,-82.498,-0.891
134.446,0.000,-54.380,2.000,1.043,-82.498,-0.891
134.452,0.000,-54.380,2.000,1.043,-82.498,-0.891
134.457,0.000,-54.380,2.000,1.043,-82.498,-0.891
134.462,0.000,-54.380,2.000,1.043,-82.498,-0.891
134.467,0.000,-54.380,2.000,1.043,-82.498,-0.891
134.472,0.000,-54.380,2.000,1.043,-82.498,-0.891
134.477,0.000,-54.380,2.000,1.043,-82.498,-0.891
134.482,0.000,-54.380,2.000,1.043,-82.498,-0.891
134.487,0.000,-54.380,2.000,1.043,-82.498,-0.891
134.492,0.000,-54.380,2.000,1.043,-82.498,-0.891
134.498,0.000,-54.380,2.000,1.043,-82.498,-0.891
134.503,0.000,-54.380,2.000,1.043,-82.498,-0.891
134.508,0.000,-54.380,2.000,1.043,-82.498,-0.891
134.513,0.000,-54.380,2.000,1.043,-82.498,-0.891
134.518,0.000,-54.380,2.000,1.043,-82.498,-0.891
134.523,0.000,-54.380,2.000,1.043,-82.498,-0.891
134.528,0.000,-54.380,2.000,1.043,-82.498,-0.891
134.533,0.000,-54.380,2.000,1.043,-82.498,-0.891
134.538,0.000,-54.380,2.000,1.043,-82.498,-0.891
134.544,0.000,-54.380,2.000,1.043,-82.498,-0.891
134.549,0.000,-54.380,2.000,1.043,-82.498,-0.891
134.554,0.000,-54.380,2.000,1.043,-82.498,-0.891
134.559,0.000,-54.380,2.000,1.043,-82.498,-0.891
134.564,0.000,-54.380,2.000,1.043,-82.498,-0.891
134.569,0.000,-54.380,2.000,1.043,-82.498,-0.891
134.574,0.000,-54.380,2.000,1.043,-82.498,-0.891
134.579,0.000,-54.380,2.000,1.043,-82.498,-0.891
134.584,0.000,-54.380,2.000,1.043,-82.498,-0.891
134.589,0.000,-54.380,2.000,1.043,-82.498,-0.891
134.595,0.000,-54.380,2.000,1.043,-82.498,-0.891
134.600,0.000,-54.380,2.000,1.043,-82.498,-0.891
134.605,0.000,-54.380,2.000,1.043,-82.498,-0.891
134.610,0.000,-54.380,2.000,1.043,-82.498,-0.891
134.615,0.000,-54.380,2.000,1.043,-82.498,-0.891
134.620,0.000,-54.380,2.000,1.043,-82.498,-0.891
134.625,0.000,-54.380,2.000,1.043,-82.498,-0.891
134.630,0.000,-54.380,2.000,1.043,-82.498,-0.891
134.635,0.000,-54.380,2.000,1.043,-82.498,-0.891
134.640,0.000,-54.380,2.000,1.043,-82.498,-0.891
134.646,0.000,-54.380,2.000,1.043,-82.498,-0.891
134.651,0.000,-54.380,2.000,1.043,-82.498,-0.891
134.656,0.000,-54.380,2.000,1.043,-82.498,-0.891
134.661,0.000,-54.380,2.000,1.043,-82.498,-0.891
134.666,0.000,-54.380,2.000,1.043,-82.498,-0.891
134.671,0.000,-54.380,2.000,1.043,-82.498,-0.891
134.676,0.000,-54.380,2.000,1.043,-82.498,-0.891
134.681,0.000,-54.380,2.000,1.043,-82.498,-0.891
134.686,0.000,-54.380,2.000,1.043,-82.498,-0.891
134.691,0.000,-54.380,2.000,1.043,-82.498,-0.891
134.697,0.000,-54.380,2.000,1.043,-82.498,-0.891
134.702,0.000,-54.380,2.000,1.043,-82.498,-0.891
134.707,0.000,-54.380,2.000,1.043,-82.498,-0.891
134.712,0.000,-54.380,2.000,1.043,-82.498,-0.891
134.717,0.000,-54.380,2.000,1.043,-82.498,-0.891
134.722,0.000,-54.380,2.000,1.043,-82.498,-0.891
134.727,0.000,-54.380,2.000,1.043,-82.498,-0.891
134.732,0.000,-54.380,2.000,1.043,-82.498,-0.891
134.737,0.000,-54.380,2.000,1.043,-82.498,-0.891
134.743,0.000,-54.380,2.000,1.043,-82.498,-0.891
134.748,0.000,-54.380,2.000,1.043,-82.498,-0.891
134.753,0.000,-54.380,2.000,1.043,-82.498,-0.891
134.758,0.000,-54.380,2.000,1.043,-82.498,-0.891
134.763,0.000,-54.380,2.000,1.043,-82.498,-0.891
134.768,0.000,-54.380,2.000,1.043,-82.498,-0.891
134.773,0.000,-54.380,2.000,1.043,-82.498,-0.891
134.778,0.000,-54.380,2.000,1.043,-82.498,-0.891
134.783,0.000,-54.380,2.000,1.043,-82.498,-0.891
134.789,0.000,-54.380,2.000,1.043,-82.498,-0.891
134.794,0.000,-54.380,2.000,1.043,-82.498,-0.891
134.799,0.000,-54.380,2.000,1.043,-82.498,-0.891
134.804,0.000,-54.380,2.000,1.043,-82.498,-0.891
134.809,0.000,-54.380,2.000,1.043,-82.498,-0.891
134.814,0.000,-54.380,2.000,1.043,-82.498,-0.891
134.819,0.000,-54.380,2.000,1.043,-82.498,-0.891
134.824,0.000,-54.380,2.000,1.043,-82.498,-0.891
134.829,0.000,-54.380,2.000,1.043,-82.498,-0.891
134.834,0.000,-54.380,2.000,1.043,-82.498,-0.891
134.840,0.000,-54.380,2.000,1.043,-82.498,-0.891
134.845,0.000,-54.380,2.000,1.043,-82.498,-0.891
134.850,0.000,-54.380,2.000,1.043,-82.498,-0.891
134.855,0.000,-54.380,2.000,1.043,-82.498,-0.891
134.860,0.000,-54.380,2.000,1.043,-82.498,-0.891
134.865,0.000,-54.380,2.000,1.043,-82.498,-0.891
134.870,0.000,-54.380,2.000,1.043,-82.498,-0.891
134.875,0.000,-54.380,2.000,1.043,-82.498,-0.891
134.880,0.000,-54.380,2.000,1.043,-82.498,-0.891
134.885,0.000,-54.380,2.000,1.043,-82.498,-0.891
134.891,0.000,-54.380,2.000,1.043,-82.498,-0.891
134.896,0.000,-54.380,2.000,1.043,-82.498,-0.891
134.901,0.000,-54.380,2.000,1.043,-82.498,-0.891
134.906,0.000,-54.380,2.000,1.043,-82.498,-0.891
134.911,0.000,-54.380,2.000,1.043,-82.498,-0.891
134.916,0.000,-54.380,2.000,1.043,-82.498,-0.891
134.921,0.000,-54.380,2.000,1.043,-82.498,-0.891
134.926,0.000,-54.380,2.000,1.043,-82.498,-0.891
134.931,0.000,-54.380,2.000,1.043,-82.498,-0.891
134.936,0.000,-54.380,2.000,1.043,-82.498,-0.891
134.942,0.000,-54.380,2.000,1.043,-82.498,-0.891
134.947,0.000,-54.380,2.000,1.043,-82.498,-0.891
134.952,0.000,-54.380,2.000,1.043,-82.498,-0.891
134.957,0.000,-54.380,2.000,1.043,-82.498,-0.891
134.962,0.000,-54.380,2.000,1.043,-82.498,-0.891
134.967,0.000,-54.380,2.000,1.043,-82.498,-0.891
134.972,0.000,-54.380,2.000,1.043,-82.498,-0.891
134.977,0.000,-54.380,2.000,1.043,-82.498,-0.891
134.982,0.000,-54.380,2.000,1.043,-82.498,-0.891
134.987,0.000,-54.380,2.000,1.043,-82.498,-0.891
134.993,0.000,-54.380,2.000,1.043,-82.498,-0.891
134.998,0.000,-54.380,2.000,1.043,-82.498,-0.891
135.003,0.000,-54.380,2.000,1.043,-82.498,-0.891
135.008,0.000,-54.380,2.000,1.043,-82.498,-0.891
135.013,0.000,-54.380,2.000,1.043,-82.498,-0.891
135.018,0.000,-54.380,2.000,1.043,-82.498,-0.891
135.023,0.000,-54.380,2.000,1.043,-82.498,-0.891
135.028,0.000,-54.380,2.000,1.043,-82.498,-0.891
135.033,0.000,-54.380,2.000,1.043,-82.498,-0.891
135.038,0.000,-54.380,2.000,1.043,-82.498,-0.891
135.044,0.000,-54.380,2.000,1.043,-82.498,-0.891
135.049,0.000,-54.380,2.000,1.043,-82.498,-0.891
135.054,0.000,-54.380,2.000,1.043,-82.498,-0.891
135.059,0.000,-54.380,2.000,1.043,-82.498,-0.891
135.064,0.000,-54.380,2.000,1.043,-82.498,-0.891
135.069,0.000,-54.380,2.000,1.043,-82.498,-0.891
135.074,0.000,-54.380,2.000,1.043,-82.498,-0.891
135.079,0.000,-54.380,2.000,1.043,-82.498,-0.891
135.084,0.000,-54.380,2.000,1.043,-82.498,-0.891
135.089,0.000,-54.380,2.000,1.043,-82.498,-0.891
135.094,0.000,-54.380,2.000,1.043,-82.498,-0.891
135.100,0.000,-54.380,2.000,1.043,-82.498,-0.891
135.105,0.000,-54.380,2.000,1.043,-82.498,-0.891
135.110,0.000,-54.380,2.000,1.043,-82.498,-0.891
135.115,0.000,-54.380,2.000,1.043,-82.498,-0.891
135.120,0.000,-54.380,2.000,1.043,-82.498,-0.891
135.125,0.000,-54.380,2.000,1.043,-82.498,-0.891
135.130,0.000,-54.380,2.000,1.043,-82.498,-0.891
135.135,0.000,-54.380,2.000,1.043,-82.498,-0.891
135.141,0.000,-0.297,1.000,-0.454,-0.232,1.667
135.147,0.000,-0.297,1.000,-0.400,-0.478,1.823
135.154,0.000,-0.297,1.000,-0.159,-0.967,0.672
135.160,0.000,-0.297,1.000,0.317,-0.761,1.455
135.166,0.000,-0.297,1.000,0.135,-0.587,-0.487
135.172,0.000,-0.297,1.000,-0.088,-0.586,0.910
135.178,0.000,-0.297,1.000,0.191,-0.133,1.277
135.184,0.000,-0.297,1.000,0.410,0.544,1.500
135.191,0.000,-0.297,1.000,0.335,0.421,1.903
135.197,0.000,-0.297,1.000,0.518,0.142,1.467
135.203,0.000,-0.297,1.000,0.166,0.744,1.061
135.209,0.000,-0.297,1.000,-0.169,0.425,1.438
135.215,0.000,-0.297,1.000,-0.813,0.117,0.981
135.222,0.000,-0.297,1.000,-1.405,0.264,0.597
135.228,0.000,-0.297,1.000,-1.255,-0.632,0.282
135.234,0.000,-0.297,1.000,-0.786,-0.613,0.314
135.240,0.000,-0.297,1.000,-1.278,0.123,-0.471
135.246,0.000,-0.297,1.000,-0.637,-0.248,0.759
135.252,0.000,-0.297,1.000,-0.053,-0.598,0.578
135.259,0.000,-0.297,1.000,-0.011,0.042,-0.799
135.265,0.000,-0.297,1.000,0.411,0.183,-1.128
135.271,0.000,-0.297,1.000,-0.323,-0.076,-2.181
135.277,0.000,-0.297,1.000,0.055,-0.171,-2.475
135.283,0.000,-0.297,1.000,-0.103,-0.595,-2.248
135.290,0.000,-0.297,1.000,-0.001,-0.631,-2.112
135.296,0.000,-0.297,1.000,-0.088,-0.627,-1.067
135.302,0.000,-0.297,1.000,-0.438,-0.279,-0.497
135.308,0.000,-0.297,1.000,-0.368,-0.766,-1.151
135.314,0.000,-0.297,1.000,0.116,-0.701,-0.264
135.320,0.000,-0.297,1.000,0.331,-0.793,0.427
135.327,0.000,-0.297,1.000,-0.087,-1.355,0.451
135.333,0.000,-0.297,1.000,0.404,-0.416,1.629
135.339,0.000,-0.297,1.000,0.055,0.292,0.562
135.345,0.000,-0.297,1.000,0.010,0.386,-0.032
135.351,0.000,-0.297,1.000,-0.535,0.201,-1.069
135.358,0.000,-0.297,1.000,-0.408,0.266,-0.643
135.364,0.000,-0.297,1.000,-1.038,0.349,-1.269
135.370,0.000,-0.297,1.000,-1.771,1.677,-2.559
135.376,0.000,-0.297,1.000,-0.748,0.966,-2.136
135.382,0.000,-0.297,1.000,0.078,0.951,-0.269
135.388,0.000,-0.297,1.000,0.690,0.775,-0.528
135.395,0.000,-0.297,1.000,0.294,1.060,-0.381
135.401,0.000,-0.297,1.000,0.798,0.767,0.778
135.407,0.000,-0.297,1.000,0.071,0.539,1.282
135.413,0.000,-0.297,1.000,0.005,0.790,1.595
135.419,0.000,-0.297,1.000,0.198,0.907,1.102
135.426,0.000,-0.297,1.000,1.050,0.093,0.174
135.432,0.000,-0.297,1.000,0.293,-0.079,1.145
135.438,0.000,-0.297,1.000,0.557,-1.029,-0.023
135.444,0.000,-0.297,1.000,1.053,-0.613,-0.765
135.450,0.000,-0.297,1.000,1.057,0.347,-0.264
135.456,0.000,-0.297,1.000,-0.330,-0.200,0.186
135.463,0.000,-0.297,1.000,-0.388,0.289,-0.304
135.469,0.000,-0.297,1.000,-0.505,0.449,0.086
135.475,0.000,-0.297,1.000,0.510,0.273,0.511
135.481,0.000,-0.297,1.000,0.095,-0.389,-0.420
135.487,0.000,-0.297,1.000,-0.768,-0.613,0.144
135.494,0.000,-0.297,1.000,0.343,-0.736,1.468
135.500,0.000,-0.297,1.000,-0.520,0.928,1.708
135.506,0.000,-0.297,1.000,-0.015,0.786,0.694
135.512,0.000,-0.297,1.000,-0.525,1.797,1.251
135.518,0.000,-0.297,1.000,-0.315,1.052,2.105
135.524,0.000,-0.297,1.000,-0.434,1.115,1.917
135.531,0.000,-0.297,1.000,-0.339,0.894,0.812
135.537,0.000,-0.297,1.000,0.491,-0.918,1.100
135.543,0.000,-0.297,1.000,0.303,-0.063,0.249
135.549,0.000,-0.297,1.000,1.150,0.036,-0.281
135.555,0.000,-0.297,1.000,0.655,0.476,-0.149
135.562,0.000,-0.297,1.000,-0.192,0.306,-0.232
135.568,0.000,-0.297,1.000,-1.319,0.559,-1.641
135.574,0.000,-0.297,1.000,-0.779,-0.443,-0.646
135.580,0.000,-0.297,1.000,0.146,-0.440,0.445
135.586,0.000,-0.297,1.000,0.509,-0.451,0.289
135.592,0.000,-0.297,1.000,0.719,0.027,0.215
135.599,0.000,-0.297,1.000,0.318,0.037,0.648
135.605,0.000,-0.297,1.000,-0.414,0.360,0.180
135.611,0.000,-0.297,1.000,-1.308,-0.134,2.253
135.617,0.000,-0.297,1.000,-0.490,-1.228,2.389
135.623,0.000,-0.297,1.000,-0.396,-1.341,0.329
135.630,0.000,-0.297,1.000,-0.219,-0.798,0.386
135.636,0.000,-0.297,1.000,0.082,-0.314,1.492
135.642,0.000,-0.297,1.000,-0.805,0.307,-0.320
135.648,0.000,-0.297,1.000,-0.809,0.631,-0.452
135.654,0.000,-0.297,1.000,-0.781,-0.339,0.913
135.660,0.000,-0.297,1.000,-0.551,0.278,-0.394
135.667,0.000,-0.297,1.000,0.685,-0.607,-1.001
135.673,0.000,-0.297,1.000,1.022,-1.022,-0.045
135.679,0.000,-0.297,1.000,0.320,-1.579,-0.104
135.685,0.000,-0.297,1.000,0.043,-0.722,-0.654
135.691,0.000,-0.297,1.000,0.027,-0.260,-0.983
135.698,0.000,-0.297,1.000,0.448,-1.366,1.027
135.704,0.000,-0.297,1.000,0.716,-1.432,1.366
135.710,0.000,-0.297,1.000,0.982,-1.839,1.104
135.716,0.000,-0.297,1.000,0.771,-1.447,0.455
135.722,0.000,-0.297,1.000,1.111,-1.086,-0.068
135.729,0.000,-0.297,1.000,0.373,-0.243,0.040
135.735,0.000,-0.297,1.000,-0.559,0.505,0.102
135.741,0.000,-0.446,1.000,-0.638,0.049,0.341
135.748,0.000,-0.446,1.000,-1.429,-1.187,0.814
135.754,0.000,-0.446,1.000,-1.077,-1.150,1.394
135.761,0.000,-0.446,1.000,-0.859,-1.381,0.617
135.767,0.000,-0.446,1.000,-0.418,-0.733,-0.169
135.774,0.000,-0.446,1.000,0.023,-1.377,-1.004
135.780,0.000,-0.446,1.000,-0.572,-0.443,-0.109
135.787,0.000,-0.446,1.000,-0.394,-0.284,-0.210
135.793,0.000,-0.595,1.000,-0.237,0.021,-0.100
135.799,0.000,-0.595,1.000,-0.328,-0.484,1.178
135.805,0.000,-0.595,1.000,0.066,-0.399,0.418
135.812,0.000,-0.595,1.000,0.137,-1.208,0.357
135.818,0.000,-0.744,1.000,0.205,-1.070,1.339
135.825,0.000,-0.744,1.000,-0.088,-1.069,0.979
135.831,0.000,-0.595,1.000,-0.084,-1.404,0.316
135.838,0.000,-0.595,1.000,-0.299,-0.554,-0.725
135.844,0.000,-0.595,1.000,-0.277,-1.381,0.179
135.850,0.000,-0.595,1.000,-1.680,-0.998,-0.684
135.856,0.000,-0.595,1.000,-1.157,-0.429,-1.385
135.862,0.000,-0.744,1.000,-1.235,0.960,-1.471
135.869,0.000,-0.595,1.000,-2.185,1.300,-1.043
135.875,0.000,-0.595,1.000,-1.888,0.525,-0.898
135.881,0.000,-0.595,1.000,-0.840,-0.135,-0.790
135.888,0.000,-0.595,1.000,-1.745,-1.255,-0.948
135.894,0.000,-0.595,1.000,-2.037,-1.691,-0.760
135.900,0.000,-0.595,1.000,-1.845,-1.994,-0.733
135.906,0.000,-0.595,1.000,-0.384,-3.772,-0.797
135.912,0.000,-0.595,1.000,-0.473,-3.587,-0.187
135.919,0.000,-0.595,1.000,0.280,-3.425,1.382
135.925,0.000,-0.595,1.000,1.077,-5.098,0.728
135.931,0.000,-0.595,1.000,0.762,-4.416,-0.625
135.937,0.000,-0.744,1.000,-0.098,-5.158,-1.035
135.944,0.000,-0.744,1.000,0.626,-3.692,-0.121
135.950,0.000,-0.595,1.000,1.396,-3.523,0.342
135.956,0.000,-0.595,1.000,0.893,-2.966,0.811
135.963,0.000,-0.595,1.000,-0.139,-2.852,0.972
135.969,0.000,-0.595,1.000,-0.932,-3.580,-0.355
135.975,0.000,-0.595,1.000,-1.082,-3.380,-0.714
135.982,0.000,-0.744,1.000,-0.687,-2.589,-0.608
135.989,0.000,-0.744,1.000,0.166,-2.687,-1.386
135.995,0.000,-0.744,1.000,0.078,-1.932,-1.505
136.002,0.000,-0.744,1.000,-0.008,-1.293,-1.131
136.009,0.000,-0.744,1.000,0.476,-2.228,-0.736
136.015,0.000,-2.095,1.000,0.764,-2.060,-0.207
136.022,0.000,-1.642,1.000,-0.541,-2.364,0.594
136.029,0.000,-1.642,1.000,0.195,-2.123,0.531
136.035,0.000,-1.642,1.000,-0.296,-3.240,1.339
136.042,0.000,-1.341,1.000,-0.746,-3.326,0.434
136.047,0.000,-1.642,1.000,-0.380,-4.776,0.672
136.054,0.000,-1.341,1.000,-0.739,-5.565,-0.086
136.061,0.000,-1.341,1.000,0.387,-7.137,-1.663
136.067,0.000,-1.341,1.000,0.096,-7.528,-1.451
136.074,0.000,-2.399,1.000,-0.987,-6.931,-0.988
136.080,0.000,-2.247,1.000,-0.760,-6.386,-1.618
136.087,0.000,-2.247,1.000,-2.515,-4.170,-2.563
136.094,0.000,-2.247,1.000,-2.967,-3.202,-1.869
136.100,0.000,-2.247,1.000,-3.714,-2.509,-0.861
136.107,0.000,-2.706,1.000,-3.530,-1.914,-1.636
136.114,0.000,-2.706,1.000,-3.054,-1.496,-1.976
136.119,0.000,-2.706,1.000,-1.934,-2.385,-1.770
136.126,0.000,-2.706,1.000,-1.288,-3.980,-1.583
136.132,0.000,-3.481,1.000,-0.421,-4.875,-1.989
136.139,0.000,-3.481,1.000,-1.004,-3.116,-2.703
136.146,0.000,-4.274,1.000,-0.702,-1.935,-2.536
136.152,0.000,-4.274,1.000,-1.590,-1.112,-2.171
136.159,0.000,-4.597,1.000,-1.512,0.093,-2.679
136.166,0.000,-4.597,1.000,-2.263,0.043,-3.341
136.172,0.000,-6.099,1.000,-1.830,-0.784,-2.157
136.179,0.000,-6.099,1.000,-2.626,-1.372,-0.306
136.184,0.000,-6.099,1.000,-3.496,-0.989,0.403
136.191,0.000,-6.099,1.000,-3.634,-0.877,-0.612
136.198,0.000,-6.099,1.000,-3.284,-2.499,0.288
136.204,0.000,-6.974,1.000,-3.571,-3.932,-0.204
136.211,0.000,-6.974,1.000,-3.768,-5.043,0.313
136.218,0.000,-7.333,1.000,-5.759,-2.198,0.178
136.224,0.000,-7.515,1.000,-6.908,-2.490,-0.285
136.231,0.000,-7.515,1.000,-6.203,-1.465,0.526
136.238,0.000,-8.636,1.000,-5.489,-1.218,-0.368
136.245,0.000,-8.636,1.000,-5.021,-1.470,-0.377
136.251,0.000,-8.636,1.000,-5.234,-0.447,-0.933
136.257,0.000,-9.022,1.000,-6.012,3.042,-1.588
136.262,0.000,-9.416,1.000,-4.583,0.599,0.280
136.268,0.000,-9.416,1.000,-4.686,-0.381,1.256
136.275,0.000,-9.416,1.000,-5.599,-1.384,0.759
136.280,0.000,-9.218,1.000,-4.789,-4.412,1.591
136.287,0.000,-9.218,1.000,-7.091,-2.904,1.020
136.293,0.000,-9.218,1.000,-7.109,-4.119,0.271
136.300,0.000,-9.218,1.000,-6.723,-5.110,1.184
136.307,0.000,-9.022,1.000,-7.298,-5.959,0.902
136.313,0.000,-9.022,1.000,-6.694,-7.928,0.292
136.320,0.000,-8.445,1.000,-9.783,-7.888,0.620
136.325,0.000,-8.445,1.000,-8.073,-10.417,0.182
136.332,0.000,-8.445,1.000,-8.063,-10.736,0.562
136.339,0.000,-7.515,1.000,-8.543,-11.079,-0.849
136.345,0.000,-7.153,1.000,-5.770,-16.103,0.754
136.352,0.000,-7.153,1.000,-6.544,-16.092,2.385
136.359,0.000,-7.153,1.000,-7.763,-15.408,2.399
136.364,0.000,-7.153,1.000,-7.341,-16.681,2.064
136.371,0.000,-7.153,1.000,-7.547,-15.810,2.081
136.377,0.000,-6.974,1.000,-6.773,-13.126,2.734
136.384,0.000,-6.974,1.000,-8.033,-10.583,2.326
136.391,0.000,-6.974,1.000,-7.875,-8.426,0.398
136.396,0.000,-6.974,1.000,-6.592,-6.455,-0.706
136.403,0.000,-6.974,1.000,-6.037,-3.350,-1.250
136.409,0.000,-6.974,1.000,-4.484,-1.936,-1.035
136.416,0.000,-6.974,1.000,-6.641,4.211,1.575
136.423,0.000,-6.974,1.000,-6.733,5.401,3.731
136.429,0.000,-6.974,1.000,-7.290,9.914,4.311
136.436,0.000,-6.974,1.000,-5.995,14.130,6.084
136.443,0.000,-6.974,1.000,-5.328,16.525,8.237
136.450,0.000,-6.796,1.000,-4.354,18.633,11.147
136.456,0.000,-6.796,1.000,-4.347,24.723,12.960
136.461,0.000,-6.796,1.000,-3.288,25.732,13.354
136.468,0.000,-6.796,1.000,-2.139,28.729,12.975
136.475,0.000,-6.796,1.000,-3.232,31.901,14.287
136.482,0.000,-6.796,1.000,-3.347,36.319,14.398
136.487,0.000,-6.796,1.000,-4.260,40.295,13.761
136.493,0.000,-6.796,1.000,-4.303,41.565,14.647
136.498,0.000,-6.796,1.000,-6.692,45.000,15.518
136.505,0.000,-6.796,1.000,-8.666,46.104,15.774
136.510,0.000,-6.796,1.000,-12.171,50.043,14.598
136.515,0.000,-6.620,1.000,-15.070,54.075,14.432
136.520,0.000,-6.620,1.000,-15.812,56.801,13.776
136.525,0.000,-6.620,1.000,-16.931,56.217,14.518
136.530,0.000,-6.620,1.000,-16.694,55.596,15.223
136.535,0.000,-6.620,1.000,-16.785,54.749,16.050
136.540,0.000,-6.620,1.000,-18.423,57.201,15.292
136.545,0.000,-6.620,1.000,-18.905,59.190,16.917
136.552,0.000,-6.620,1.000,-19.786,59.672,16.396
136.557,0.000,-6.620,1.000,-19.092,60.457,17.673
136.564,0.000,-6.620,1.000,-20.429,61.248,16.275
136.569,0.000,-6.620,1.000,-19.915,59.765,14.864
136.576,0.000,-6.620,1.000,-19.799,60.117,14.160
136.581,0.000,-6.796,1.000,-17.886,60.312,11.240
136.586,0.000,-6.796,1.000,-16.714,60.376,9.352
136.593,0.000,-6.796,1.000,-13.939,60.084,8.488
136.599,0.000,-6.796,1.000,-11.885,58.882,7.201
136.604,0.000,-6.796,1.000,-9.575,57.973,6.246
136.611,0.000,-6.796,1.000,-8.968,56.838,7.584
136.618,0.000,-6.796,1.000,-7.676,56.847,6.332
136.623,0.000,-6.974,1.000,-6.986,55.592,7.101
136.629,0.000,-6.974,1.000,-7.132,55.207,5.677
136.634,0.000,-6.974,1.000,-7.357,55.834,4.617
136.639,0.000,-6.796,1.000,-7.433,54.622,4.749
136.645,0.000,-6.796,1.000,-8.432,52.286,4.547
136.650,0.000,-6.796,1.000,-8.526,48.291,4.522
136.656,0.000,-6.796,1.000,-9.563,46.252,5.056
136.663,0.000,-6.796,1.000,-8.602,45.438,4.908
136.670,0.000,-6.974,1.000,-9.006,43.739,5.393
136.677,0.000,-8.636,1.000,-8.816,44.035,4.831
136.683,0.000,-8.636,1.000,-10.817,43.532,3.868
136.688,0.000,-8.636,1.000,-11.307,44.980,2.103
136.695,0.000,-8.636,1.000,-12.139,43.666,1.874
136.700,0.000,-14.756,1.000,-12.847,47.007,0.259
136.705,0.000,-14.756,1.000,-13.700,48.714,0.209
136.710,0.000,-15.007,1.000,-13.419,45.733,2.367
136.715,0.000,-17.946,1.000,-14.761,44.650,3.517
136.720,0.000,-17.946,1.000,-14.298,42.355,4.340
136.725,0.000,-17.946,1.000,-13.887,41.457,3.824
136.730,0.000,-17.946,1.000,-14.251,40.075,3.804
136.735,0.000,-17.946,1.000,-14.382,37.165,5.584
136.740,0.000,-17.946,1.000,-15.438,34.092,5.925
136.745,0.000,-24.941,1.000,-16.382,32.909,6.761
136.750,0.000,-24.941,1.000,-16.967,33.867,7.639
136.755,0.000,-24.941,1.000,-17.037,36.430,9.240
136.760,0.000,-24.941,1.000,-17.257,39.085,9.068
136.766,0.000,-24.941,1.000,-16.156,39.327,8.763
136.772,0.000,-43.098,1.000,-15.561,39.210,9.113
136.777,0.000,-43.098,1.000,-15.954,39.371,8.858
136.784,0.000,-45.869,1.000,-13.816,37.529,7.651
136.789,0.000,-45.869,1.000,-13.757,38.447,6.989
136.794,0.000,-45.869,1.000,-11.395,37.058,6.286
136.801,0.000,-45.869,1.000,-9.028,37.884,3.963
136.806,0.000,-45.869,1.000,-7.967,41.018,3.226
136.811,0.000,-47.597,1.000,-8.414,42.389,2.748
136.816,0.000,-47.597,1.000,-6.844,37.946,3.413
136.821,0.000,-47.597,1.000,-8.296,33.266,3.415
136.826,0.000,-52.459,1.000,-7.316,29.560,1.335
136.831,0.000,-52.459,1.000,-8.757,29.761,1.209
136.836,0.000,-52.459,1.000,-8.313,31.268,1.203
136.843,0.148,-57.028,1.000,-8.116,33.440,1.597
136.848,0.148,-60.480,1.000,-8.223,34.043,0.796
136.854,0.148,-60.480,1.000,-8.664,34.121,0.987
136.859,0.148,-60.480,1.000,-9.962,34.147,1.853
136.865,0.297,-67.110,1.000,-10.523,34.046,1.663
136.870,0.297,-67.110,1.000,-11.838,36.387,1.461
136.875,0.297,-67.110,1.000,-12.958,37.066,1.855
136.881,0.297,-67.110,1.000,-15.674,38.325,1.722
136.886,0.297,-82.101,1.000,-19.033,39.381,0.833
136.892,0.297,-82.101,1.000,-20.777,39.041,1.118
136.897,0.297,-82.101,1.000,-22.212,40.507,0.859
136.903,0.446,-89.565,1.000,-22.848,42.611,-0.794
136.908,0.446,-90.534,1.000,-24.104,44.214,-1.048
136.914,0.446,-90.534,1.000,-24.676,42.046,1.040
136.919,0.446,-90.534,1.000,-25.326,38.720,2.259
136.925,0.446,-97.558,1.000,-27.231,38.272,3.167
136.931,0.446,-97.558,1.000,-29.141,36.248,3.012
136.936,0.446,-97.558,1.000,-30.092,33.811,3.369
136.942,0.595,-98.596,1.000,-29.661,29.757,4.217
136.947,0.595,-97.558,1.000,-29.461,26.426,3.830
136.952,0.595,-97.558,1.000,-29.120,23.957,3.006
136.958,0.595,-97.558,1.000,-28.764,21.538,1.629
136.963,0.744,-99.642,1.000,-28.494,20.349,0.123
136.969,0.893,-100.697,1.000,-27.243,18.557,-0.267
136.975,0.893,-100.697,1.000,-25.662,18.314,-1.677
136.980,0.893,-100.697,1.000,-24.958,19.318,-2.114
136.986,3.638,-107.218,1.000,-23.520,18.872,-2.432
136.992,5.088,-111.748,1.000,-22.856,18.682,-2.227
136.997,5.088,-111.748,1.000,-21.837,17.037,-1.655
137.003,5.088,-111.748,1.000,-21.729,15.787,-0.439
137.009,5.088,-111.748,1.000,-22.241,14.918,0.147
137.014,5.088,-111.748,1.000,-22.129,13.348,1.129
137.020,5.088,-111.748,1.000,-20.586,10.507,1.612
137.026,5.088,-111.748,1.000,-18.155,10.657,2.407
137.031,9.022,-140.843,1.000,-17.579,10.250,1.859
137.037,9.022,-140.843,1.000,-17.438,10.573,2.415
137.043,9.022,-140.843,1.000,-17.367,8.954,2.797
137.048,11.276,-162.854,1.000,-17.655,6.950,3.018
137.054,11.276,-162.854,1.000,-17.080,3.981,3.430
137.060,11.276,-162.854,1.000,-17.772,0.258,2.297
137.066,11.276,-162.854,1.000,-18.219,-4.149,3.147
137.071,14.508,-169.163,1.000,-19.276,-7.625,2.937
137.077,15.007,-172.389,1.000,-21.034,-11.291,3.025
137.083,15.007,-172.389,1.000,-21.673,-14.018,3.351
137.089,15.007,-172.389,1.000,-21.590,-17.080,3.071
137.094,16.038,-180.669,1.000,-21.433,-21.815,3.680
137.100,16.302,-189.263,1.000,-20.337,-26.534,3.661
137.106,16.302,-189.263,1.000,-18.784,-33.185,4.219
137.112,16.569,-192.790,1.000,-18.273,-40.458,5.707
137.117,19.101,-209.315,1.000,-17.998,-47.585,6.123
137.123,21.242,-222.931,1.000,-18.642,-52.750,5.296
137.129,21.242,-222.931,1.000,-17.468,-57.675,5.505
137.135,21.242,-222.931,1.000,-16.246,-63.908,5.890
137.140,24.586,-254.485,1.000,-15.276,-71.415,5.597
137.146,25.298,-254.485,1.000,-15.241,-77.436,5.921
137.152,25.298,-254.485,1.000,-17.058,-81.868,5.301
137.157,25.298,-254.485,1.000,-15.217,-88.441,4.186
137.163,27.145,-270.379,1.000,-14.643,-94.235,4.000
137.169,27.911,-270.379,1.000,-12.707,-100.958,3.080
137.175,27.911,-270.379,1.000,-12.125,-106.039,3.554
137.181,27.911,-270.379,1.000,-12.641,-111.219,4.216
137.186,27.911,-270.379,1.000,-11.021,-117.191,4.408
137.192,27.911,-270.379,1.000,-7.629,-123.237,4.179
137.198,27.911,-270.379,1.000,-7.855,-125.728,2.474
137.203,31.560,-342.058,1.000,-7.122,-127.749,2.141
137.209,31.560,-342.058,1.000,-4.343,-134.790,2.444
137.215,31.560,-342.058,1.000,-1.867,-142.087,3.203
137.221,31.560,-342.058,1.000,-2.538,-146.301,3.512
137.226,31.560,-342.058,1.000,-1.275,-151.865,4.154
137.232,29.090,-353.428,1.000,2.698,-156.948,4.977
137.238,29.090,-353.428,1.000,4.581,-162.117,3.828
137.244,29.090,-353.428,1.000,6.144,-164.977,4.813
137.249,26.768,-353.428,1.000,9.225,-169.975,6.158
137.255,26.025,-353.428,1.000,12.059,-175.923,5.892
137.261,26.025,-353.428,1.000,13.554,-178.867,5.868
137.266,26.025,-353.428,1.000,14.312,-181.859,6.429
137.272,23.889,-353.428,1.000,16.468,-187.188,8.095
137.278,23.889,-353.428,1.000,18.517,-193.778,9.290
137.284,23.889,-353.428,1.000,17.944,-198.422,11.692
137.290,21.242,-353.428,1.000,15.932,-202.074,12.916
137.295,20.614,-353.428,1.000,16.577,-207.015,13.453
137.301,20.614,-353.428,1.000,17.080,-212.634,11.860
137.307,20.614,-353.428,1.000,16.515,-215.848,9.789
137.313,20.614,-353.428,1.000,15.778,-219.005,9.496
137.318,15.007,-336.483,1.000,15.756,-222.779,10.190
137.324,15.007,-336.483,1.000,15.980,-226.635,8.947
137.330,15.007,-336.483,1.000,15.457,-228.954,7.937
137.336,10.849,-299.458,1.000,15.151,-232.386,7.595
137.341,7.333,-252.277,1.000,16.601,-239.871,9.210
137.347,7.333,-252.277,1.000,16.089,-246.111,9.745
137.353,7.333,-252.277,1.000,16.095,-251.342,9.869
137.358,7.333,-252.277,1.000,17.663,-257.350,8.403
137.364,2.247,-170.770,1.000,17.542,-259.262,6.477
137.370,0.297,-134.057,1.000,17.902,-262.902,5.576
137.375,0.297,-134.057,1.000,18.209,-265.392,5.808
137.381,0.297,-134.057,1.000,19.300,-268.367,4.653
137.386,0.297,-134.057,1.000,19.885,-267.189,3.610
137.391,0.297,-134.057,1.000,20.594,-265.164,3.991
137.397,0.000,-83.006,1.000,21.176,-262.085,4.314
137.402,0.000,-65.589,1.000,20.294,-260.027,4.430
137.409,0.000,-65.589,1.000,22.623,-252.211,3.322
137.414,0.000,-65.589,1.000,24.480,-245.830,2.272
137.419,0.000,-48.185,1.000,25.694,-240.275,2.005
137.424,0.000,-48.185,1.000,26.279,-233.325,1.449
137.429,0.000,-48.185,1.000,26.083,-226.354,2.006
137.434,0.000,-48.185,1.000,26.650,-219.594,3.964
137.439,0.000,-48.185,1.000,27.649,-210.239,4.666
137.444,0.000,-48.185,1.000,29.385,-199.692,4.541
137.449,0.000,-44.744,1.000,29.084,-191.182,5.704
137.454,0.000,-29.491,1.000,28.542,-182.525,4.606
137.459,0.000,-29.491,1.000,29.172,-174.347,1.889
137.464,0.000,-29.491,1.000,28.853,-166.793,0.249
137.469,0.000,-22.538,1.000,26.824,-162.953,-0.852
137.474,0.000,-22.538,1.000,27.074,-159.030,-0.579
137.479,0.000,-22.538,1.000,26.441,-152.652,-0.668
137.484,0.000,-22.538,1.000,25.197,-146.121,0.517
137.491,0.000,-15.517,1.000,23.865,-136.712,2.915
137.496,0.000,-12.154,1.000,21.858,-131.995,3.413
137.503,0.000,-10.019,1.000,22.718,-124.922,2.851
137.508,0.000,-10.019,1.000,21.842,-118.099,1.722
137.513,0.000,-10.019,1.000,22.246,-111.428,0.876
137.519,0.000,-10.019,1.000,22.647,-105.129,0.328
137.526,0.000,-10.019,1.000,23.235,-99.469,0.337
137.531,0.000,-1.793,1.000,21.691,-95.241,1.139
137.538,0.000,-1.793,1.000,22.051,-92.379,1.696
137.544,0.000,-1.793,1.000,24.164,-90.083,1.604
137.551,0.000,-0.595,1.000,26.452,-87.677,2.024
137.557,0.000,-0.297,1.000,26.127,-84.292,-0.016
137.563,0.000,-0.297,1.000,26.934,-80.985,-0.427
137.570,0.000,-0.148,1.000,27.555,-76.926,-1.866
137.575,0.000,-0.148,1.000,28.134,-74.974,-0.555
137.581,0.000,-0.148,1.000,27.950,-72.048,0.115
137.587,0.000,0.148,1.000,28.033,-69.776,0.182
137.593,0.000,0.148,1.000,26.979,-67.302,-2.630
137.598,0.000,0.148,1.000,25.985,-65.043,-9.207
137.605,0.000,1.192,1.000,26.175,-62.660,-18.737
137.611,0.000,1.192,1.000,26.206,-60.298,-24.576
137.617,0.000,1.192,1.000,27.210,-59.433,-28.882
137.624,0.000,1.192,1.000,26.963,-57.435,-32.479
137.629,0.000,1.192,1.000,26.963,-57.435,-32.479
137.634,0.000,1.192,1.000,26.963,-57.435,-32.479
137.639,0.000,1.192,1.000,26.963,-57.435,-32.479
137.644,0.000,1.192,1.000,26.963,-57.435,-32.479
137.650,0.000,1.192,1.000,26.963,-57.435,-32.479
137.655,0.000,1.192,1.000,26.963,-57.435,-32.479
137.660,0.000,1.192,1.000,26.963,-57.435,-32.479
137.665,0.000,1.192,1.000,26.963,-57.435,-32.479
137.670,0.000,1.192,1.000,26.963,-57.435,-32.479
137.675,0.000,1.192,1.000,26.963,-57.435,-32.479
137.681,0.000,1.192,1.000,26.963,-57.435,-32.479
137.686,0.000,1.192,1.000,26.963,-57.435,-32.479
137.691,0.000,1.192,1.000,26.963,-57.435,-32.479
137.696,0.000,1.192,1.000,26.963,-57.435,-32.479
137.702,0.000,1.192,1.000,26.963,-57.435,-32.479
137.707,0.000,1.192,1.000,26.963,-57.435,-32.479
137.712,0.000,1.192,1.000,26.963,-57.435,-32.479
137.717,0.000,1.192,1.000,26.963,-57.435,-32.479
137.722,0.000,1.192,1.000,26.963,-57.435,-32.479
137.727,0.000,1.192,1.000,26.963,-57.435,-32.479
137.733,0.000,1.192,1.000,26.963,-57.435,-32.479
137.738,0.000,1.192,1.000,26.963,-57.435,-32.479
137.743,0.000,1.192,1.000,26.963,-57.435,-32.479
137.748,0.000,1.192,1.000,26.963,-57.435,-32.479
137.754,0.000,1.192,1.000,26.963,-57.435,-32.479
137.759,0.000,1.192,1.000,26.963,-57.435,-32.479
137.764,0.000,1.192,1.000,26.963,-57.435,-32.479
137.769,0.000,1.192,1.000,26.963,-57.435,-32.479
137.774,0.000,1.192,1.000,26.963,-57.435,-32.479
137.780,0.000,1.192,1.000,26.963,-57.435,-32.479
137.785,0.000,1.192,1.000,26.963,-57.435,-32.479
137.790,0.000,1.192,1.000,26.963,-57.435,-32.479
137.796,0.000,1.192,1.000,26.963,-57.435,-32.479
137.801,0.000,1.192,1.000,26.963,-57.435,-32.479
137.806,0.000,1.192,1.000,26.963,-57.435,-32.479
137.812,0.000,1.192,1.000,26.963,-57.435,-32.479
137.817,0.000,1.192,1.000,26.963,-57.435,-32.479
137.822,0.000,1.192,1.000,26.963,-57.435,-32.479
137.828,0.000,1.192,1.000,26.963,-57.435,-32.479
137.833,0.000,1.192,1.000,26.963,-57.435,-32.479
137.838,0.000,1.192,1.000,26.963,-57.435,-32.479
137.844,0.000,1.192,1.000,26.963,-57.435,-32.479
137.849,0.000,1.192,1.000,26.963,-57.435,-32.479
137.854,0.000,1.192,1.000,26.963,-57.435,-32.479
137.860,0.000,1.192,1.000,26.963,-57.435,-32.479
137.865,0.000,1.192,1.000,26.963,-57.435,-32.479
137.870,0.000,1.192,1.000,26.963,-57.435,-32.479
137.876,0.000,1.192,1.000,26.963,-57.435,-32.479
137.881,0.000,1.192,1.000,26.963,-57.435,-32.479
137.886,0.000,1.192,1.000,26.963,-57.435,-32.479
137.892,0.000,1.192,1.000,26.963,-57.435,-32.479
137.897,0.000,1.192,1.000,26.963,-57.435,-32.479
137.903,0.000,1.192,1.000,26.963,-57.435,-32.479
137.908,0.000,1.192,1.000,26.963,-57.435,-32.479
137.913,0.000,1.192,1.000,26.963,-57.435,-32.479
137.918,0.000,1.192,1.000,26.963,-57.435,-32.479
137.924,0.000,1.192,1.000,26.963,-57.435,-32.479
137.929,0.000,1.192,1.000,26.963,-57.435,-32.479
137.934,0.000,1.192,1.000,26.963,-57.435,-32.479
137.940,0.000,1.192,1.000,26.963,-57.435,-32.479
137.945,0.000,1.192,1.000,26.963,-57.435,-32.479
137.950,0.000,1.192,1.000,26.963,-57.435,-32.479
137.956,0.000,1.192,1.000,26.963,-57.435,-32.479
137.961,0.000,1.192,1.000,26.963,-57.435,-32.479
137.966,0.000,1.192,1.000,26.963,-57.435,-32.479
137.972,0.000,1.192,1.000,26.963,-57.435,-32.479
137.977,0.000,1.192,1.000,26.963,-57.435,-32.479
137.982,0.000,1.192,1.000,26.963,-57.435,-32.479
137.987,0.000,1.192,1.000,26.963,-57.435,-32.479
137.992,0.000,1.192,1.000,26.963,-57.435,-32.479
137.998,0.000,1.192,1.000,26.963,-57.435,-32.479
138.003,0.000,1.192,1.000,26.963,-57.435,-32.479
138.008,0.000,1.192,1.000,26.963,-57.435,-32.479
138.014,0.000,1.192,1.000,26.963,-57.435,-32.479
138.019,0.000,1.192,1.000,26.963,-57.435,-32.479
138.024,0.000,1.192,1.000,26.963,-57.435,-32.479
138.029,0.000,1.192,1.000,26.963,-57.435,-32.479
138.035,0.000,1.192,1.000,26.963,-57.435,-32.479
138.040,0.000,1.192,1.000,26.963,-57.435,-32.479
138.045,0.000,1.192,1.000,26.963,-57.435,-32.479
138.050,0.000,1.192,1.000,26.963,-57.435,-32.479
138.055,0.000,1.192,1.000,26.963,-57.435,-32.479
138.061,0.000,1.192,1.000,26.963,-57.435,-32.479
138.066,0.000,1.192,1.000,26.963,-57.435,-32.479
138.071,0.000,1.192,1.000,26.963,-57.435,-32.479
138.076,0.000,1.192,1.000,26.963,-57.435,-32.479
138.082,0.000,1.192,1.000,26.963,-57.435,-32.479
138.087,0.000,1.192,1.000,26.963,-57.435,-32.479
138.092,0.000,1.192,1.000,26.963,-57.435,-32.479
138.097,0.000,1.192,1.000,26.963,-57.435,-32.479
138.102,0.000,1.192,1.000,26.963,-57.435,-32.479
138.107,0.000,1.192,1.000,26.963,-57.435,-32.479
138.112,0.000,1.192,1.000,26.963,-57.435,-32.479
138.117,0.000,1.192,1.000,26.963,-57.435,-32.479
138.122,0.000,1.192,1.000,26.963,-57.435,-32.479
138.128,0.000,1.192,1.000,26.963,-57.435,-32.479
138.133,0.000,1.192,1.000,26.963,-57.435,-32.479
138.138,0.000,1.192,1.000,26.963,-57.435,-32.479
138.143,0.000,1.192,1.000,26.963,-57.435,-32.479
138.148,0.000,1.192,1.000,26.963,-57.435,-32.479
138.153,0.000,1.192,1.000,26.963,-57.435,-32.479
138.158,0.000,1.192,1.000,26.963,-57.435,-32.479
138.163,0.000,1.192,1.000,26.963,-57.435,-32.479
138.168,0.000,1.192,1.000,26.963,-57.435,-32.479
138.174,0.000,1.192,1.000,26.963,-57.435,-32.479
138.179,0.000,1.192,1.000,26.963,-57.435,-32.479
138.184,0.000,1.192,1.000,26.963,-57.435,-32.479
138.189,0.000,1.192,1.000,26.963,-57.435,-32.479
138.194,0.000,1.192,1.000,26.963,-57.435,-32.479
138.199,0.000,1.192,1.000,26.963,-57.435,-32.479
138.204,0.000,1.192,1.000,26.963,-57.435,-32.479
138.209,0.000,1.192,1.000,26.963,-57.435,-32.479
138.215,0.000,1.192,1.000,26.963,-57.435,-32.479
138.220,0.000,1.192,1.000,26.963,-57.435,-32.479
138.225,0.000,-0.297,1.000,-0.440,1.052,0.325
138.232,0.000,-0.297,1.000,-0.323,0.482,0.787
138.238,0.000,-0.297,1.000,-1.387,1.048,0.053
138.244,0.000,-0.297,1.000,-0.885,1.529,-0.903
138.250,0.000,-0.297,1.000,-0.712,0.453,-0.589
138.256,0.000,-0.297,1.000,-0.777,-0.592,-0.444
138.262,0.000,-0.297,1.000,-1.375,-0.866,0.198
138.269,0.000,-0.297,1.000,-1.376,-0.935,-0.848
138.275,0.000,-0.297,1.000,-1.767,-0.214,0.304
138.281,0.000,-0.297,1.000,-2.096,0.055,-0.316
138.287,0.000,-0.297,1.000,-1.762,-0.154,0.357
138.294,0.000,-0.297,1.000,-1.957,0.257,-1.196
138.300,0.000,-0.297,1.000,-1.573,-0.070,-0.518
138.306,0.000,-0.297,1.000,-1.564,0.174,0.157
138.312,0.000,-0.297,1.000,-1.319,0.518,-0.230
138.318,0.000,-0.297,1.000,-0.427,0.605,-0.571
138.324,0.000,-0.297,1.000,-0.190,1.327,-0.694
138.331,0.000,-0.297,1.000,-0.685,0.545,-1.390
138.337,0.000,-0.297,1.000,0.333,0.074,-0.284
138.343,0.000,-0.297,1.000,0.111,0.043,-0.181
138.349,0.000,-0.297,1.000,0.354,-0.878,1.262
138.355,0.000,-0.297,1.000,-0.184,-0.267,0.108
138.362,0.000,-0.297,1.000,0.137,-0.711,0.789
138.368,0.000,-0.297,1.000,-0.844,-0.460,2.481
138.374,0.000,-0.297,1.000,-1.384,-0.543,0.804
138.380,0.000,-0.297,1.000,-0.336,-0.030,1.159
138.387,0.000,-0.297,1.000,-0.889,-0.070,4.240
138.393,0.000,-0.297,1.000,-2.379,0.712,-0.385
138.399,0.000,-0.297,1.000,0.433,0.584,-1.704
138.405,0.000,-0.297,1.000,0.291,-0.032,3.043
138.411,0.000,-0.297,1.000,-2.818,-0.835,-0.126
138.417,0.000,-0.297,1.000,-1.674,-0.259,-1.816
138.424,0.000,-0.297,1.000,-0.181,1.178,-1.705
138.430,0.000,-0.297,1.000,-1.146,-0.229,-1.574
138.436,0.000,-0.297,1.000,-0.149,0.012,-1.608
138.442,0.000,-0.297,1.000,0.898,0.577,-0.136
138.449,0.000,-0.297,1.000,-0.826,-0.002,-1.715
138.455,0.000,-0.297,1.000,0.614,1.408,-3.631
138.461,0.000,-0.297,1.000,-0.446,3.549,-2.376
138.467,0.000,-0.297,1.000,-2.216,3.157,0.155
138.474,0.000,-0.297,1.000,-3.889,2.842,0.049
138.480,0.000,-0.297,1.000,-3.396,3.010,0.637
138.486,0.000,-0.297,1.000,-1.895,4.152,0.282
138.492,0.000,-0.297,1.000,-1.152,4.229,-0.137
138.499,0.000,-0.297,1.000,-2.464,4.475,0.178
138.505,0.000,-0.297,1.000,-1.358,4.202,-1.037
138.511,0.000,-0.297,1.000,-0.221,2.357,-0.545
138.517,0.000,-0.297,1.000,0.491,1.098,-0.674
138.523,0.000,-0.297,1.000,0.630,0.777,0.008
138.530,0.000,-0.297,1.000,1.008,0.092,0.321
138.536,0.000,-0.297,1.000,0.756,-1.295,-1.660
138.542,0.000,-0.297,1.000,0.655,-1.407,-2.002
138.548,0.000,-0.297,1.000,1.400,-1.121,-0.994
138.554,0.000,-0.297,1.000,2.841,-0.995,-1.325
138.561,0.000,-0.297,1.000,2.393,-0.724,-1.289
138.567,0.000,-0.297,1.000,2.487,0.309,-1.735
138.573,0.000,-0.297,1.000,0.595,0.187,-0.783
138.579,0.000,-0.297,1.000,0.313,0.367,-1.746
138.586,0.000,-0.297,1.000,0.607,1.081,-2.305
138.592,0.000,-0.297,1.000,0.824,1.577,-2.468
138.598,0.000,-0.297,1.000,0.732,1.178,-0.724
138.604,0.000,-0.297,1.000,0.946,1.631,-0.350
138.610,0.000,-0.297,1.000,0.030,1.591,-1.288
138.617,0.000,-0.297,1.000,-0.054,0.684,-0.378
138.623,0.000,-0.297,1.000,0.099,1.269,-0.573
138.629,0.000,-0.297,1.000,-0.053,1.533,-0.548
138.635,0.000,-0.297,1.000,0.408,-0.011,-0.303
138.641,0.000,-0.297,1.000,-0.451,0.652,-1.059
138.648,0.000,-0.297,1.000,-0.400,0.850,-0.888
138.654,0.000,-0.297,1.000,0.024,-0.465,-1.149
138.660,0.000,-0.297,1.000,0.106,-0.786,-0.145
138.666,0.000,-0.297,1.000,0.780,-1.282,-0.154
138.672,0.000,-0.297,1.000,-0.418,-0.685,-0.373
138.679,0.000,-0.297,1.000,-0.346,-0.569,-0.574
138.685,0.000,-0.297,1.000,-0.285,0.099,-1.251
138.691,0.000,-0.297,1.000,-0.194,0.418,0.600
138.696,0.000,-0.297,1.000,-0.194,0.418,0.600
138.702,0.000,-0.297,1.000,-0.194,0.418,0.600
138.707,0.000,-0.297,1.000,-0.194,0.418,0.600
138.712,0.000,-0.297,1.000,-0.194,0.418,0.600
138.717,0.000,-0.297,1.000,-0.194,0.418,0.600
138.722,0.000,-0.297,1.000,-0.194,0.418,0.600
138.727,0.000,-0.297,1.000,-0.194,0.418,0.600
138.732,0.000,-0.297,1.000,-0.194,0.418,0.600
138.737,0.000,-0.297,1.000,-0.194,0.418,0.600
138.742,0.000,-0.297,1.000,-0.194,0.418,0.600
138.747,0.000,-0.297,1.000,-0.194,0.418,0.600
138.752,0.000,-0.297,1.000,-0.194,0.418,0.600
138.757,0.000,-0.297,1.000,-0.194,0.418,0.600
138.762,0.000,-0.297,1.000,-0.194,0.418,0.600
138.767,0.000,-0.297,1.000,-0.194,0.418,0.600
138.772,0.000,-0.297,1.000,-0.194,0.418,0.600
138.778,0.000,-0.297,1.000,-0.194,0.418,0.600
138.783,0.000,-0.297,1.000,-0.194,0.418,0.600
138.788,0.000,-0.297,1.000,-0.194,0.418,0.600
138.793,0.000,-0.297,1.000,-0.194,0.418,0.600
138.798,0.000,-0.297,1.000,-0.194,0.418,0.600
138.803,0.000,-0.297,1.000,-0.194,0.418,0.600
138.808,0.000,-0.297,1.000,-0.194,0.418,0.600
138.813,0.000,-0.297,1.000,-0.194,0.418,0.600
138.818,0.000,-0.297,1.000,-0.194,0.418,0.600
138.823,0.000,-0.297,1.000,-0.194,0.418,0.600
138.828,0.000,-0.297,1.000,-0.194,0.418,0.600
138.833,0.000,-0.297,1.000,-0.194,0.418,0.600
138.838,0.000,-0.297,1.000,-0.194,0.418,0.600
138.843,0.000,-0.297,1.000,-0.194,0.418,0.600
138.848,0.000,-0.297,1.000,-0.194,0.418,0.600
138.854,0.000,-0.297,1.000,-0.194,0.418,0.600
138.859,0.000,-0.297,1.000,-0.194,0.418,0.600
138.864,0.000,-0.297,1.000,-0.194,0.418,0.600
138.869,0.000,-0.297,1.000,-0.194,0.418,0.600
138.874,0.000,-0.297,1.000,-0.194,0.418,0.600
138.879,0.000,-0.297,1.000,-0.194,0.418,0.600
138.884,0.000,-0.297,1.000,-0.194,0.418,0.600
138.889,0.000,-0.297,1.000,-0.194,0.418,0.600
138.894,0.000,-0.297,1.000,-0.194,0.418,0.600
138.899,0.000,-0.297,1.000,-0.194,0.418,0.600
138.904,0.000,-0.297,1.000,-0.194,0.418,0.600
138.909,0.000,-0.297,1.000,-0.194,0.418,0.600
138.914,0.000,-0.297,1.000,-0.194,0.418,0.600
138.919,0.000,-0.297,1.000,-0.194,0.418,0.600
138.925,0.000,-0.297,1.000,-0.194,0.418,0.600
138.930,0.000,-0.297,1.000,-0.194,0.418,0.600
138.935,0.000,-0.297,1.000,-0.194,0.418,0.600
138.940,0.000,-0.297,1.000,-0.194,0.418,0.600
138.945,0.000,-0.297,1.000,-0.194,0.418,0.600
138.950,0.000,-0.297,1.000,-0.194,0.418,0.600
138.955,0.000,-0.297,1.000,-0.194,0.418,0.600
138.960,0.000,-0.297,1.000,-0.194,0.418,0.600
138.965,0.000,-0.297,1.000,-0.194,0.418,0.600
138.970,0.000,-0.297,1.000,-0.194,0.418,0.600
138.975,0.000,-0.297,1.000,-0.194,0.418,0.600
138.980,0.000,-0.297,1.000,-0.194,0.418,0.600
138.986,0.000,-0.297,1.000,-0.194,0.418,0.600
138.991,0.000,-0.297,1.000,-0.194,0.418,0.600
138.996,0.000,-0.297,1.000,-0.194,0.418,0.600
139.001,0.000,-0.297,1.000,-0.194,0.418,0.600
139.006,0.000,-0.297,1.000,-0.194,0.418,0.600
139.011,0.000,-0.297,1.000,-0.194,0.418,0.600
139.016,0.000,-0.297,1.000,-0.194,0.418,0.600
139.021,0.000,-0.297,1.000,-0.194,0.418,0.600
139.026,0.000,-0.297,1.000,-0.194,0.418,0.600
139.031,0.000,-0.297,1.000,-0.194,0.418,0.600