R
Px,Ix,Dx,Py,Iy,Dy,Pz,Iz,FFrx,FFry,FFdrx,FFdry,satI,satPID,DTermC,GparamC,AparamC,KFQAng,KFQbias,KFRmeas,CPx,CIx,CPy,CIy,CsatI,CsatPID,CFFdrx,CFFdry,CFalpha,FFDTermC,IRelaxR,IRelaxE,DmaxR,DmaxE,DMx,DMy
120,0,1900,120,0,2100,500,150,0,0,0,0,7,75,10,10.0,64.0,0.000100,0.003000,50,30,0,30,0,75,300,0,0,0.995,10.000,300,100,300,100,1900,2100
sysTime,PIDRefX,PIDRefY,PIDRefZ,PIDSensX,PIDSensY,PIDSensZ
202.691,0.000,-0.297,1.000,-49.762,51.323,-1.641
202.696,0.000,-0.297,1.000,-49.762,51.323,-1.641
202.701,0.000,-0.297,1.000,-49.762,51.323,-1.641
202.706,0.000,-0.297,1.000,-49.762,51.323,-1.641
202.711,0.000,-0.297,1.000,-49.762,51.323,-1.641
202.716,0.000,-0.297,1.000,-49.762,51.323,-1.641
202.722,0.000,-0.297,1.000,-49.762,51.323,-1.641
202.727,0.000,-0.297,1.000,-49.762,51.323,-1.641
202.732,0.000,-0.297,1.000,-49.762,51.323,-1.641
202.737,0.000,-0.297,1.000,-49.762,51.323,-1.641
202.742,0.000,-0.297,1.000,-49.762,51.323,-1.641
202.747,0.000,-0.297,1.000,-49.762,51.323,-1.641
202.752,0.000,-0.297,1.000,-49.762,51.323,-1.641
202.757,0.000,-0.297,1.000,-49.762,51.323,-1.641
202.762,0.000,-0.297,1.000,-49.762,51.323,-1.641
202.768,0.000,-0.297,1.000,-49.762,51.323,-1.641
202.773,0.000,-0.297,1.000,-49.762,51.323,-1.641
202.778,0.000,-0.297,1.000,-49.762,51.323,-1.641
202.783,0.000,-0.297,1.000,-49.762,51.323,-1.641
202.788,0.000,-0.297,1.000,-49.762,51.323,-1.641
202.793,0.000,-0.297,1.000,-49.762,51.323,-1.641
202.798,0.000,-0.297,1.000,-49.762,51.323,-1.641
202.803,0.000,-0.297,1.000,-49.762,51.323,-1.641
202.808,0.000,-0.297,1.000,-49.762,51.323,-1.641
202.814,0.000,-0.297,1.000,-49.762,51.323,-1.641
202.819,0.000,-0.297,1.000,-49.762,51.323,-1.641
202.824,0.000,-0.297,1.000,-49.762,51.323,-1.641
202.829,0.000,-0.297,1.000,-49.762,51.323,-1.641
202.834,0.000,-0.297,1.000,-49.762,51.323,-1.641
202.839,0.000,-0.297,1.000,-49.762,51.323,-1.641
202.844,0.000,-0.297,1.000,-49.762,51.323,-1.641
202.849,0.000,-0.297,1.000,-49.762,51.323,-1.641
202.854,0.000,-0.297,1.000,-49.762,51.323,-1.641
202.859,0.000,-0.297,1.000,-49.762,51.323,-1.641
202.865,0.000,-0.297,1.000,-49.762,51.323,-1.641
202.870,0.000,-0.297,1.000,-49.762,51.323,-1.641
202.875,0.000,-0.297,1.000,-49.762,51.323,-1.641
202.880,0.000,-0.297,1.000,-49.762,51.323,-1.641
202.885,0.000,-0.297,1.000,-49.762,51.323,-1.641
202.890,0.000,-0.297,1.000,-49.762,51.323,-1.641
202.895,0.000,-0.297,1.000,-49.762,51.323,-1.641
202.900,0.000,-0.297,1.000,-49.762,51.323,-1.641
202.905,0.000,-0.297,1.000,-49.762,51.323,-1.641
202.910,0.000,-0.297,1.000,-49.762,51.323,-1.641
202.916,0.000,-0.297,1.000,-49.762,51.323,-1.641
202.921,0.000,-0.297,1.000,-49.762,51.323,-1.641
202.926,0.000,-0.297,1.000,-49.762,51.323,-1.641
202.931,0.000,-0.297,1.000,-49.762,51.323,-1.641
202.936,0.000,-0.297,1.000,-49.762,51.323,-1.641
202.941,0.000,-0.297,1.000,-49.762,51.323,-1.641
202.946,0.000,-0.297,1.000,-49.762,51.323,-1.641
202.951,0.000,-0.297,1.000,-49.762,51.323,-1.641
202.956,0.000,-0.297,1.000,-49.762,51.323,-1.641
202.961,0.000,-0.297,1.000,-49.762,51.323,-1.641
202.967,0.000,-0.297,1.000,-49.762,51.323,-1.641
202.972,0.000,-0.297,1.000,-49.762,51.323,-1.641
202.977,0.000,-0.297,1.000,-49.762,51.323,-1.641
202.982,0.000,-0.297,1.000,-49.762,51.323,-1.641
202.987,0.000,-0.297,1.000,-49.762,51.323,-1.641
202.992,0.000,-0.297,1.000,-49.762,51.323,-1.641
202.997,0.000,-0.297,1.000,-49.762,51.323,-1.641
203.002,0.000,-0.297,1.000,-49.762,51.323,-1.641
203.007,0.000,-0.297,1.000,-49.762,51.323,-1.641
203.013,0.000,-0.297,1.000,-49.762,51.323,-1.641
203.018,0.000,-0.297,1.000,-49.762,51.323,-1.641
203.023,0.000,-0.297,1.000,-49.762,51.323,-1.641
203.028,0.000,-0.297,1.000,-49.762,51.323,-1.641
203.033,0.000,-0.297,1.000,-49.762,51.323,-1.641
203.038,0.000,-0.297,1.000,-49.762,51.323,-1.641
203.043,0.000,-0.297,1.000,-49.762,51.323,-1.641
203.048,0.000,-0.297,1.000,-49.762,51.323,-1.641
203.053,0.000,-0.297,1.000,-49.762,51.323,-1.641
203.059,0.000,-0.297,1.000,-49.762,51.323,-1.641
203.064,0.000,-0.297,1.000,-49.762,51.323,-1.641
203.069,0.000,-0.297,1.000,-49.762,51.323,-1.641
203.074,0.000,-0.297,1.000,-49.762,51.323,-1.641
203.079,0.000,-0.297,1.000,-49.762,51.323,-1.641
203.084,0.000,-0.297,1.000,-49.762,51.323,-1.641
203.089,0.000,-0.297,1.000,-49.762,51.323,-1.641
203.094,0.000,-0.297,1.000,-49.762,51.323,-1.641
203.099,0.000,-0.297,1.000,-49.762,51.323,-1.641
203.105,0.000,-0.297,1.000,-49.762,51.323,-1.641
203.110,0.000,-0.297,1.000,-49.762,51.323,-1.641
203.115,0.000,-0.297,1.000,-49.762,51.323,-1.641
203.120,0.000,-0.297,1.000,-49.762,51.323,-1.641
203.125,0.000,-0.297,1.000,-49.762,51.323,-1.641
203.130,0.000,-0.297,1.000,-49.762,51.323,-1.641
203.135,0.000,-0.297,1.000,-49.762,51.323,-1.641
203.140,0.000,-0.297,1.000,-49.762,51.323,-1.641
203.145,0.000,-0.297,1.000,-49.762,51.323,-1.641
203.150,0.000,-0.297,1.000,-49.762,51.323,-1.641
203.156,0.000,-0.297,1.000,-49.762,51.323,-1.641
203.161,0.000,-0.297,1.000,-49.762,51.323,-1.641
203.166,0.000,-0.297,1.000,-49.762,51.323,-1.641
203.171,0.000,-0.297,1.000,-49.762,51.323,-1.641
203.176,0.000,-0.297,1.000,-49.762,51.323,-1.641
203.181,0.000,-0.297,1.000,-49.762,51.323,-1.641
203.186,0.000,-0.297,1.000,-49.762,51.323,-1.641
203.191,0.000,-0.297,1.000,-49.762,51.323,-1.641
203.196,0.000,-0.297,1.000,-49.762,51.323,-1.641
203.202,0.000,-0.297,1.000,-49.762,51.323,-1.641
203.207,0.000,-0.297,1.000,-49.762,51.323,-1.641
203.212,0.000,-0.297,1.000,-49.762,51.323,-1.641
203.217,0.000,-0.297,1.000,-49.762,51.323,-1.641
203.222,0.000,-0.297,1.000,-49.762,51.323,-1.641
203.227,0.000,-0.297,1.000,-49.762,51.323,-1.641
203.232,0.000,-0.297,1.000,-49.762,51.323,-1.641
203.237,0.000,-0.297,1.000,-49.762,51.323,-1.641
203.242,0.000,-0.297,1.000,-49.762,51.323,-1.641
203.248,0.000,-0.297,1.000,-49.762,51.323,-1.641
203.253,0.000,-0.297,1.000,-49.762,51.323,-1.641
203.258,0.000,-0.297,1.000,-49.762,51.323,-1.641
203.263,0.000,-0.297,1.000,-49.762,51.323,-1.641
203.268,0.000,-0.297,1.000,-49.762,51.323,-1.641
203.273,0.000,-0.297,1.000,-49.762,51.323,-1.641
203.278,0.000,-0.297,1.000,-49.762,51.323,-1.641
203.283,0.000,-0.297,1.000,-49.762,51.323,-1.641
203.288,0.000,-0.297,1.000,-49.762,51.323,-1.641
203.293,0.000,-0.297,1.000,-49.762,51.323,-1.641
203.299,0.000,-0.297,1.000,-49.762,51.323,-1.641
203.304,0.000,-0.297,1.000,-49.762,51.323,-1.641
203.309,0.000,-0.297,1.000,-49.762,51.323,-1.641
203.314,-0.148,-0.297,2.000,-1.856,-0.804,0.642
203.320,-0.148,-0.297,2.000,-0.908,-1.233,0.523
203.326,0.000,-0.297,2.000,-1.792,-0.207,-0.191
203.332,0.000,-0.297,2.000,-1.832,0.432,-0.261
203.339,0.000,-0.297,2.000,-0.828,0.504,0.380
203.345,0.000,-0.297,2.000,-0.302,-0.784,0.173
203.351,0.000,-0.297,2.000,-0.155,-0.134,0.882
203.357,0.000,-0.297,2.000,-0.552,0.074,1.577
203.363,0.000,-0.297,2.000,-0.613,-0.203,1.385
203.370,0.000,-0.297,2.000,-0.196,-0.734,1.593
203.376,0.000,-0.297,2.000,-0.223,-1.117,1.335
203.382,0.000,-0.297,2.000,0.224,-0.249,0.047
203.388,0.000,-0.297,2.000,0.672,-0.465,0.321
203.394,0.000,-0.297,2.000,0.152,-0.086,0.487
203.400,0.000,-0.297,2.000,0.637,-0.503,1.008
203.407,0.000,-0.297,2.000,0.892,-0.170,-0.121
203.413,0.000,-0.297,2.000,0.996,-0.199,-0.146
203.419,0.000,-0.297,2.000,0.611,-0.400,-0.897
203.425,0.000,-0.297,2.000,0.238,-0.803,0.132
203.431,0.000,-0.297,2.000,0.264,-0.860,-0.077
203.437,0.000,-0.297,2.000,0.229,-1.449,1.828
203.444,0.000,-0.297,2.000,0.524,-1.799,0.820
203.450,0.000,-0.297,2.000,0.884,-1.565,-0.531
203.456,0.000,-0.297,2.000,0.018,-0.620,1.695
203.462,0.000,-0.297,2.000,-0.348,-0.082,3.170
203.468,0.000,-0.297,2.000,-0.463,-0.067,-0.239
203.474,0.000,-0.297,2.000,0.081,0.150,-2.011
203.481,0.000,-0.297,2.000,1.617,-1.798,-0.605
203.487,0.000,-0.297,2.000,0.666,-1.910,0.920
203.493,0.000,-0.297,2.000,-1.376,-0.295,0.234
203.499,0.000,-0.297,2.000,-1.101,-0.696,-1.492
203.506,0.000,-0.297,2.000,-0.011,-1.844,-1.142
203.512,0.000,-0.297,2.000,1.113,-1.383,0.502
203.518,0.000,-0.297,2.000,-0.778,0.462,0.651
203.524,0.000,-0.297,2.000,-0.704,1.529,-0.177
203.530,0.000,-0.297,2.000,0.247,0.888,-1.885
203.536,0.000,-0.297,2.000,1.113,0.040,-0.531
203.543,0.000,-0.297,2.000,0.046,1.869,-0.847
203.549,0.000,-0.297,2.000,0.466,0.908,-1.323
203.555,0.000,-0.297,2.000,0.903,-1.439,-0.731
203.561,0.000,-0.297,2.000,1.210,-0.816,-0.506
203.567,0.000,-0.297,2.000,1.616,0.468,-0.255
203.574,0.000,-0.297,2.000,0.933,0.267,-0.083
203.580,0.000,-0.297,2.000,0.276,0.258,-0.430
203.586,0.000,-0.297,2.000,0.152,-1.194,-0.632
203.592,0.000,-0.297,2.000,-0.666,0.071,0.533
203.598,0.000,-0.297,2.000,0.189,-0.167,1.159
203.605,0.000,-0.297,2.000,0.986,-0.648,0.923
203.611,0.000,-0.297,2.000,1.758,-0.687,1.125
203.617,0.000,-0.297,2.000,0.828,-0.967,0.906
203.623,0.000,-0.297,2.000,0.307,-1.013,1.341
203.629,0.000,-0.297,2.000,-0.188,-0.473,0.190
203.636,0.000,-0.297,2.000,-0.075,0.195,-0.111
203.642,0.000,-0.297,2.000,0.245,0.387,-1.118
203.648,0.000,-0.297,2.000,0.886,0.568,-0.948
203.654,0.000,-0.297,2.000,0.709,0.690,-0.640
203.660,0.000,-0.297,3.000,0.468,0.115,-0.475
203.666,0.000,-0.297,3.000,0.573,-0.815,-0.952
203.673,0.000,-0.297,3.000,0.371,-1.474,-1.676
203.679,0.000,-0.297,3.000,-0.097,0.043,-0.435
203.685,0.000,-0.297,2.000,0.423,-0.656,-0.758
203.691,0.000,-0.297,2.000,-0.149,-0.363,0.432
203.697,0.000,-0.297,2.000,0.654,-0.612,2.196
203.704,0.000,-0.297,2.000,0.064,-0.948,1.871
203.710,0.000,-0.297,2.000,0.379,0.428,0.881
203.716,0.000,-0.297,2.000,0.180,0.157,0.934
203.722,0.000,-0.297,2.000,0.032,-0.738,0.621
203.728,0.000,-0.297,2.000,0.070,-0.383,1.552
203.734,0.000,-0.297,2.000,-0.190,0.012,0.393
203.741,0.000,-0.297,2.000,0.340,-0.212,-0.004
203.747,0.000,-0.297,2.000,-0.207,-0.246,-0.160
203.753,0.000,-0.297,2.000,1.082,-0.423,-0.473
203.759,0.000,-0.297,2.000,0.064,-0.375,-0.091
203.765,0.000,-0.297,2.000,-0.296,-0.665,-0.334
203.772,0.000,-0.297,2.000,-0.217,0.096,-0.258
203.778,0.000,-0.297,2.000,-1.033,0.172,-1.329
203.784,0.000,-0.297,2.000,-1.515,-0.121,-1.351
203.790,0.000,-0.297,2.000,-1.324,-0.070,-1.365
203.796,0.000,-0.297,2.000,-0.711,0.017,-0.306
203.803,0.000,-0.297,2.000,-0.956,0.410,-0.219
203.809,0.000,-0.297,2.000,-0.040,0.382,-0.812
203.815,0.000,-0.297,2.000,0.328,0.755,-1.366
203.821,0.000,-0.297,2.000,0.509,0.120,-0.183
203.827,0.000,-0.297,2.000,0.277,-0.179,-0.725
203.834,0.000,-0.297,2.000,-0.571,0.011,-0.121
203.840,0.000,-0.297,2.000,-0.750,-0.659,1.240
203.846,0.000,-0.297,2.000,-0.264,-0.394,0.663
203.852,0.000,-0.297,2.000,-0.271,-0.068,0.245
203.858,0.000,-0.297,2.000,-0.012,-0.476,2.130
203.864,0.000,-0.297,2.000,0.755,-0.211,0.865
203.871,0.000,-0.297,2.000,-0.279,-0.342,-0.757
203.877,0.000,-0.297,2.000,0.723,-0.507,-0.586
203.883,0.000,-0.297,2.000,-0.329,0.705,-1.106
203.889,0.000,-0.297,2.000,-0.699,0.126,-0.446
203.895,0.000,-0.297,2.000,-1.098,-0.693,0.341
203.901,0.000,-0.297,2.000,-1.257,-0.379,-0.726
203.908,0.000,-0.297,2.000,-1.144,-0.178,0.048
203.914,0.000,-0.297,2.000,-1.588,-0.467,0.016
203.920,0.000,-0.297,2.000,-0.387,-0.408,0.965
203.926,0.000,-0.297,2.000,0.304,-0.475,0.080
203.932,0.000,-0.297,2.000,0.807,-0.978,0.241
203.939,0.000,-0.297,2.000,1.067,-0.389,0.258
203.945,0.000,-0.297,2.000,0.506,-0.838,-0.338
203.951,0.000,-0.297,2.000,0.286,0.836,-2.420
203.957,0.000,-0.297,2.000,0.232,0.992,-1.160
203.963,0.000,-0.297,2.000,0.279,0.939,-1.340
203.970,0.000,-0.297,2.000,1.129,0.186,-0.011
203.976,0.000,-0.297,2.000,0.044,0.926,-0.174
203.982,0.000,-0.297,2.000,0.853,1.048,0.287
203.988,0.000,-0.297,2.000,0.672,1.576,0.068
203.994,0.000,-0.297,2.000,0.881,1.292,-0.385
204.000,0.000,-0.297,2.000,0.148,1.088,-0.593
204.007,-0.148,-0.297,2.000,0.054,-0.192,-0.227
204.013,-0.148,-0.297,2.000,-0.578,-0.440,-1.259
204.019,-0.148,-0.297,2.000,-0.850,-0.318,-2.122
204.025,0.000,-0.297,2.000,-0.857,0.511,-1.109
204.031,0.000,-0.297,2.000,-1.594,1.233,-1.679
204.038,0.000,-0.297,2.000,-1.257,1.035,-2.917
204.044,0.000,-0.297,2.000,-1.137,1.420,-1.161
204.050,0.000,-0.297,2.000,-0.266,1.558,-0.941
204.056,0.000,-0.297,2.000,-0.904,0.359,-1.055
204.062,0.000,-0.297,2.000,-1.747,-0.640,-0.573
204.069,0.000,-0.297,2.000,-0.465,-1.563,0.203
204.075,0.000,-0.297,2.000,0.154,-1.785,-0.262
204.081,0.000,-0.297,2.000,1.179,-0.814,-1.841
204.087,0.000,-0.297,2.000,1.519,-0.981,-2.686
204.093,0.000,-0.297,2.000,1.761,0.548,-1.924
204.100,0.000,-0.297,2.000,1.262,1.644,-1.517
204.106,0.000,-0.297,2.000,0.246,1.562,-1.450
204.112,0.000,-0.297,2.000,-0.100,0.769,-0.607
204.118,0.000,-0.297,2.000,-0.490,0.758,0.474
204.124,0.000,-0.297,2.000,-0.626,0.574,0.208
204.131,0.000,-0.297,2.000,-1.059,1.336,0.843
204.137,0.000,-0.297,2.000,-1.388,2.250,0.134
204.143,0.000,-0.297,2.000,-2.783,3.880,0.768
204.149,0.000,-0.297,2.000,-1.999,4.733,1.961
204.155,0.000,-0.297,2.000,-1.091,3.831,0.709
204.162,0.000,-0.297,2.000,-0.146,2.664,1.855
204.168,0.000,-0.297,2.000,0.786,1.923,1.266
204.174,0.000,-0.297,2.000,-0.086,2.158,1.176
204.181,0.000,-0.446,2.000,-1.717,3.665,0.911
204.187,0.000,-0.446,2.000,-1.921,5.799,1.444
204.194,0.000,-0.446,2.000,-2.940,6.504,2.015
204.200,0.000,-0.446,2.000,-1.042,5.754,2.211
204.207,0.000,-0.744,2.000,0.981,5.561,1.759
204.214,0.000,-0.744,2.000,0.631,5.933,2.877
204.219,0.000,-0.744,2.000,-1.334,9.154,1.566
204.225,0.000,-0.744,2.000,0.570,9.596,2.931
204.232,0.000,-0.744,2.000,0.719,11.654,2.976
204.237,0.000,-0.744,2.000,1.255,12.587,4.442
204.244,0.000,-0.744,2.000,2.003,14.126,5.004
204.251,0.000,-2.552,2.000,2.587,15.751,5.332
204.257,0.000,-1.944,2.000,2.356,15.590,7.047
204.264,0.000,-1.642,2.000,2.060,16.492,6.309
204.271,0.000,-2.095,2.000,2.037,18.479,8.468
204.278,0.000,-2.095,2.000,0.869,21.877,8.936
204.284,0.000,-2.095,2.000,3.486,22.800,9.043
204.291,0.000,-2.399,2.000,3.511,25.514,9.434
204.297,0.000,-2.399,2.000,4.703,27.751,8.334
204.303,0.000,-2.399,2.000,6.846,28.926,8.869
204.310,0.000,-2.552,2.000,7.382,28.443,9.965
204.315,0.000,-2.552,2.000,5.428,29.895,10.548
204.322,0.000,-2.552,2.000,7.411,26.839,13.233
204.329,0.000,-2.552,2.000,4.716,30.314,14.530
204.335,0.000,-2.399,2.000,6.088,29.722,15.649
204.341,0.000,-2.399,2.000,6.667,31.035,14.671
204.347,0.000,-2.399,2.000,7.130,33.643,15.547
204.354,0.000,-2.399,2.000,6.993,37.126,15.240
204.360,0.000,-2.399,2.000,9.181,42.842,14.580
204.366,0.000,-2.399,2.000,13.995,47.121,14.744
204.373,0.000,-2.399,2.000,16.413,52.450,15.722
204.379,0.000,-2.399,2.000,16.654,56.425,16.556
204.385,0.000,-2.247,2.000,14.761,61.305,15.368
204.392,0.000,-2.247,2.000,12.335,61.197,16.445
204.399,-0.148,-2.399,2.000,8.374,61.572,17.555
204.405,-0.148,-2.399,2.000,4.627,63.705,18.033
204.411,-0.148,-2.399,2.000,-0.623,63.197,17.895
204.418,-0.148,-1.944,2.000,-4.325,62.715,17.230
204.423,-0.446,-1.944,2.000,-7.582,63.353,17.260
204.428,-0.446,-1.944,2.000,-9.508,63.288,17.563
204.434,-0.446,-1.944,2.000,-13.392,67.704,16.431
204.440,-0.446,-1.944,2.000,-16.472,71.052,16.823
204.445,-0.446,-1.944,2.000,-15.393,71.845,17.175
204.451,-0.446,-1.944,2.000,-15.394,72.136,17.562
204.456,-0.744,-1.944,2.000,-15.395,72.678,17.795
204.462,-1.042,-2.095,2.000,-15.304,70.493,17.957
204.468,-1.042,-2.095,2.000,-13.835,67.915,17.634
204.474,-1.042,-2.095,2.000,-11.357,66.502,17.624
204.479,-2.399,-2.095,2.000,-12.727,65.363,16.847
204.484,-3.014,-2.399,2.000,-13.438,63.922,15.508
204.490,-3.014,-2.399,2.000,-13.843,62.885,14.160
204.495,-3.014,-2.399,2.000,-13.957,61.558,12.711
204.501,-3.014,-2.399,2.000,-12.907,59.508,11.270
204.506,-3.014,-2.399,2.000,-12.101,57.315,10.498
204.512,-3.638,-2.706,2.000,-10.548,52.072,8.464
204.517,-3.638,-2.706,2.000,-10.215,48.506,6.427
204.523,-3.955,-3.638,2.000,-9.039,45.954,5.484
204.528,-3.955,-3.638,2.000,-8.129,43.948,3.564
204.534,-3.955,-3.638,2.000,-5.675,42.029,2.860
204.540,-3.955,-3.638,2.000,-4.970,41.284,2.272
204.545,-3.955,-5.758,2.000,-4.713,40.485,0.585
204.551,-3.955,-5.758,2.000,-4.571,38.970,0.970
204.556,-3.955,-5.758,2.000,-4.096,37.090,1.281
204.562,-3.955,-6.620,2.000,-2.389,34.407,1.911
204.568,-4.114,-6.974,2.000,-3.701,34.986,1.279
204.574,-4.114,-6.974,2.000,-4.273,34.729,1.433
204.579,-4.114,-6.974,2.000,-5.402,35.959,-0.101
204.585,-4.597,-7.153,2.000,-6.800,37.698,-1.742
204.591,-4.597,-7.153,2.000,-6.620,37.483,-2.000
204.597,-5.088,-8.068,2.000,-6.924,37.993,-3.526
204.602,-5.589,-9.816,2.000,-8.204,39.115,-2.767
204.608,-5.589,-9.816,2.000,-10.400,40.409,-1.920
204.613,-5.589,-9.816,2.000,-12.961,41.403,-0.883
204.619,-6.974,-11.061,2.000,-14.489,40.215,-0.227
204.625,-6.974,-11.061,2.000,-14.983,40.673,1.500
204.631,-6.974,-11.061,2.000,-15.977,41.682,2.591
204.636,-6.974,-11.061,2.000,-17.714,41.850,2.886
204.642,-6.974,-11.061,2.000,-19.991,43.956,1.353
204.648,-6.974,-11.061,2.000,-19.729,43.227,2.495
204.654,-6.974,-11.061,2.000,-21.545,43.921,2.865
204.659,-6.974,-11.061,2.000,-22.481,42.276,3.108
204.665,-6.796,-18.231,2.000,-23.876,42.506,3.094
204.671,-6.796,-18.231,2.000,-23.865,41.015,3.099
204.677,-6.796,-18.231,2.000,-23.280,38.415,3.245
204.682,-6.796,-18.231,2.000,-24.687,38.305,3.376
204.688,-6.974,-23.889,2.000,-25.324,36.961,3.862
204.694,-6.974,-23.889,2.000,-25.389,36.617,4.258
204.699,-6.796,-27.145,2.000,-24.718,35.076,3.469
204.705,-6.796,-27.145,2.000,-25.663,35.290,4.322
204.711,-6.620,-36.504,2.000,-25.501,35.299,4.376
204.717,-6.445,-39.948,2.000,-25.899,35.643,5.391
204.722,-6.445,-42.560,2.000,-25.118,35.207,6.148
204.728,-6.445,-42.560,2.000,-24.287,34.395,5.846
204.734,-6.445,-44.744,2.000,-24.630,33.294,6.717
204.739,-6.445,-44.744,2.000,-25.355,34.390,5.920
204.745,-6.445,-45.869,2.000,-25.972,34.523,4.993
204.751,-6.445,-45.869,2.000,-24.689,33.404,4.054
204.757,-6.445,-48.778,2.000,-24.243,34.653,3.046
204.762,-6.445,-48.778,2.000,-24.078,33.951,1.681
204.768,-6.445,-48.778,2.000,-23.583,32.065,-0.214
204.774,-6.445,-48.778,2.000,-22.633,31.631,0.394
204.780,-6.272,-53.093,2.000,-22.459,33.239,-0.184
204.785,-6.445,-52.459,2.000,-21.236,34.276,-0.684
204.791,-6.445,-52.459,2.000,-19.855,36.035,-2.184
204.797,-6.445,-52.459,2.000,-19.859,37.592,-2.741
204.803,-6.272,-56.356,2.000,-20.021,38.153,-3.481
204.808,-6.272,-57.705,2.000,-19.689,38.310,-2.096
204.814,-6.272,-57.705,2.000,-19.371,37.102,-2.374
204.820,-6.272,-57.705,2.000,-19.347,35.528,-1.715
204.825,-6.272,-57.705,2.000,-19.333,34.075,-0.848
204.831,-6.099,-67.881,2.000,-19.123,32.923,-0.821
204.837,-6.099,-67.881,2.000,-18.402,32.436,-0.942
204.843,-5.928,-76.836,2.000,-15.872,30.253,-2.534
204.848,-5.928,-83.919,2.000,-13.643,27.581,-2.360
204.854,-5.928,-83.919,2.000,-13.543,25.078,-2.741
204.860,-5.928,-83.919,2.000,-13.078,21.823,-1.634
204.866,-5.758,-86.705,2.000,-13.760,18.446,-1.286
204.871,-5.758,-87.650,2.000,-15.434,15.442,-0.898
204.877,-5.758,-87.650,2.000,-15.701,11.880,-0.515
204.883,-5.758,-87.650,2.000,-16.053,9.008,-0.964
204.888,-5.758,-87.650,2.000,-17.017,5.613,-0.275
204.894,-5.758,-87.650,2.000,-18.518,3.723,-0.922
204.900,-5.589,-87.650,2.000,-19.223,1.569,-0.646
204.906,-5.589,-87.650,2.000,-20.042,-0.413,-0.428
204.911,-5.589,-87.650,2.000,-22.405,-1.378,-0.904
204.917,-5.589,-87.650,2.000,-23.017,-3.052,-0.658
204.923,-5.589,-87.650,2.000,-23.815,-5.549,-1.651
204.928,-5.589,-87.650,2.000,-24.154,-8.464,-2.885
204.934,-5.589,-87.650,2.000,-25.475,-8.107,-3.623
204.940,-5.589,-87.650,2.000,-27.303,-8.966,-5.022
204.945,-5.589,-88.603,2.000,-27.115,-8.524,-6.285
204.951,-5.589,-88.603,2.000,-26.400,-9.973,-6.975
204.957,-5.421,-89.565,2.000,-26.263,-9.070,-7.608
204.963,-5.254,-90.534,2.000,-27.447,-8.082,-6.168
204.968,-5.254,-90.534,2.000,-28.518,-6.032,-6.820
204.974,-5.254,-90.534,2.000,-28.307,-4.169,-6.919
204.980,-5.254,-90.534,2.000,-27.315,-3.949,-6.396
204.985,-5.254,-90.534,2.000,-28.254,-4.392,-5.446
204.991,-5.254,-90.534,2.000,-28.980,-4.409,-5.177
204.997,-3.481,-103.917,2.000,-30.058,-3.463,-3.431
205.003,-3.481,-103.917,2.000,-30.479,-3.467,-2.767
205.008,-3.481,-103.917,2.000,-30.003,-5.890,-1.198
205.014,-3.481,-103.917,2.000,-28.757,-8.686,0.294
205.020,-1.642,-109.464,2.000,-29.488,-10.768,1.716
205.026,-1.642,-109.464,2.000,-28.953,-12.290,2.343
205.031,-0.595,-112.904,2.000,-28.963,-15.139,3.637
205.037,-0.595,-112.904,2.000,-28.115,-19.688,2.783
205.042,-0.595,-112.904,2.000,-26.821,-22.215,1.561
205.048,-0.595,-112.904,2.000,-25.227,-24.669,1.045
205.053,-0.297,-118.828,2.000,-22.605,-28.630,1.957
205.058,-0.297,-118.828,2.000,-22.206,-29.414,2.003
205.064,-0.297,-118.828,2.000,-22.565,-27.796,0.602
205.069,0.000,-132.732,2.000,-21.579,-29.231,1.600
205.074,0.000,-132.732,2.000,-22.382,-30.205,3.577
205.079,0.000,-134.057,2.000,-23.314,-30.185,5.729
205.084,0.000,-134.057,2.000,-23.268,-31.954,5.741
205.089,0.000,-134.057,2.000,-22.701,-34.274,2.622
205.094,0.000,-142.232,2.000,-20.681,-39.270,0.174
205.101,0.000,-142.232,2.000,-20.186,-41.211,-1.239
205.108,0.000,-142.232,2.000,-19.004,-44.164,-1.199
205.113,0.000,-142.232,2.000,-18.884,-44.048,-3.330
205.118,0.000,-142.232,2.000,-18.893,-48.600,-3.533
205.123,0.000,-142.232,2.000,-18.684,-50.572,-5.289
205.130,0.000,-142.232,2.000,-17.486,-55.744,-4.157
205.135,0.000,-142.232,2.000,-18.402,-56.721,-5.476
205.140,0.000,-142.232,2.000,-17.468,-61.496,-2.856
205.145,0.000,-142.232,2.000,-17.383,-60.516,-0.486
205.152,0.000,-142.232,2.000,-13.643,-65.013,1.201
205.157,0.000,-139.464,2.000,-13.355,-63.136,2.587
205.163,0.000,-139.464,2.000,-11.518,-67.204,3.322
205.170,0.000,-127.534,2.000,-12.214,-66.702,4.141
205.175,0.000,-127.534,2.000,-11.240,-68.778,4.272
205.182,0.000,-127.534,2.000,-10.735,-69.166,3.663
205.187,0.000,-122.499,2.000,-9.449,-69.241,3.898
205.192,0.000,-121.266,2.000,-8.574,-69.075,5.474
205.199,0.000,-121.266,2.000,-8.043,-70.944,5.754
205.205,0.000,-122.499,2.000,-4.950,-74.411,5.431
205.210,0.000,-122.499,2.000,-5.168,-73.944,4.882
205.217,0.000,-122.499,2.000,-2.884,-78.240,3.565
205.224,0.000,-131.417,2.000,-1.876,-79.357,2.172
205.230,0.000,-131.417,2.000,-1.667,-82.056,1.123
205.236,0.000,-131.417,2.000,-1.415,-85.808,-1.514
205.243,0.000,-131.417,2.000,-0.048,-89.040,-2.353
205.249,0.000,-145.044,2.000,1.356,-90.363,-3.769
205.254,0.000,-145.044,2.000,-0.064,-93.973,-5.765
205.261,0.000,-156.734,2.000,0.196,-94.937,-6.034
205.268,0.000,-156.734,2.000,-1.419,-96.017,-4.307
205.273,0.000,-156.734,2.000,-0.826,-98.420,-4.326
205.279,0.000,-156.734,2.000,-1.290,-101.199,-4.773
205.284,0.000,-161.307,2.000,-1.303,-102.645,-5.769
205.291,0.000,-161.307,2.000,-1.854,-104.154,-5.050
205.296,0.000,-161.307,2.000,-0.898,-106.712,-6.429
205.303,0.000,-161.307,2.000,-0.903,-106.227,-4.695
205.308,0.000,-161.307,2.000,0.401,-109.856,-4.758
205.313,0.000,-161.307,2.000,-1.311,-110.944,-4.782
205.318,0.000,-161.307,2.000,1.439,-113.120,-3.621
205.323,0.148,-161.307,2.000,-0.528,-110.289,-2.272
205.330,0.148,-161.307,2.000,1.185,-111.554,-1.421
205.335,0.148,-161.307,2.000,0.227,-108.628,-0.249
205.341,0.148,-161.307,2.000,-1.080,-108.762,0.402
205.346,0.148,-161.307,2.000,-2.485,-106.783,1.356
205.353,0.148,-161.307,2.000,-3.996,-107.271,1.187
205.358,0.148,-161.307,2.000,-4.224,-105.533,2.439
205.365,0.148,-161.307,2.000,-4.941,-107.364,2.903
205.370,0.148,-161.307,2.000,-3.862,-105.256,3.954
205.377,0.148,-161.307,2.000,-3.049,-108.233,3.719
205.382,0.148,-161.307,2.000,-2.557,-103.879,4.408
205.387,0.148,-161.307,2.000,0.824,-105.284,6.027
205.392,0.148,-161.307,2.000,1.321,-105.077,4.324
205.397,0.148,-161.307,2.000,4.165,-112.013,4.575
205.402,0.148,-159.771,2.000,4.239,-115.306,2.797
205.407,0.148,-159.771,2.000,2.297,-115.429,3.055
205.412,0.148,-159.771,2.000,5.089,-117.175,3.639
205.417,0.148,-159.771,2.000,5.233,-115.030,5.250
205.422,0.148,-159.771,2.000,8.200,-114.315,4.625
205.427,0.148,-155.233,2.000,10.158,-113.020,3.774
205.432,0.148,-138.096,2.000,11.539,-114.396,2.863
205.439,0.148,-138.096,2.000,12.505,-115.880,4.722
205.444,0.148,-138.096,2.000,14.346,-117.320,3.646
205.449,0.148,-138.096,2.000,11.383,-116.672,3.466
205.456,0.148,-138.096,2.000,13.569,-118.749,3.775
205.461,0.148,-138.096,2.000,11.704,-118.535,5.759
205.466,0.000,-115.245,2.000,13.058,-119.832,5.696
205.471,0.000,-115.245,2.000,11.574,-118.506,5.017
205.476,0.000,-115.245,2.000,12.339,-118.500,4.230
205.483,0.000,-106.108,2.000,11.750,-118.453,5.017
205.489,0.000,-106.108,2.000,11.349,-116.712,4.304
205.494,0.000,-98.596,2.000,11.266,-117.344,6.252
205.501,0.000,-86.705,2.000,9.594,-114.443,4.970
205.508,0.000,-74.306,2.000,10.336,-115.388,4.356
205.513,0.000,-74.306,2.000,9.928,-113.146,4.800
205.520,0.000,-74.306,2.000,11.014,-114.024,4.786
205.525,0.000,-60.480,2.000,10.060,-112.064,5.934
205.531,0.000,-59.776,2.000,11.912,-113.303,5.719
205.537,0.000,-59.776,2.000,11.593,-110.714,6.514
205.542,0.000,-59.776,2.000,12.293,-108.918,7.810
205.548,0.000,-53.093,2.000,12.415,-107.625,4.945
205.553,0.000,-53.093,2.000,12.620,-106.510,3.912
205.560,0.000,-53.093,2.000,12.156,-103.656,1.555
205.567,0.000,-48.778,2.000,12.148,-104.911,1.214
205.572,0.000,-48.778,2.000,10.352,-101.754,0.981
205.579,0.000,-46.439,2.000,8.537,-101.291,-0.292
205.584,0.000,-46.439,2.000,8.696,-99.091,-0.079
205.590,0.000,-45.869,2.000,6.742,-99.651,-2.013
205.595,0.000,-45.869,2.000,4.106,-97.297,-2.262
205.601,0.000,-42.027,2.000,2.059,-94.908,-1.236
205.606,0.000,-42.027,2.000,2.083,-96.228,-0.904
205.612,0.000,-43.098,2.000,-2.063,-94.207,-2.355
205.619,0.000,-43.098,2.000,-3.107,-93.329,-3.932
205.626,0.000,-28.300,2.000,-3.970,-93.443,-4.223
205.631,0.000,-29.090,2.000,-4.993,-90.634,-2.862
205.637,0.000,-29.090,2.000,-5.816,-89.820,-3.061
205.644,0.000,-29.090,2.000,-7.475,-88.747,-4.393
205.651,0.000,-22.870,2.000,-5.728,-88.314,-5.473
205.656,0.000,-22.870,2.000,-7.966,-85.743,-6.094
205.661,0.000,-22.870,2.000,-7.286,-83.376,-4.729
205.666,0.000,-22.870,2.000,-7.384,-78.415,-1.836
205.671,0.000,-20.305,2.000,-5.037,-75.040,-0.502
205.676,0.000,-20.305,2.000,-0.922,-72.513,-1.036
205.681,0.000,-20.305,2.000,3.733,-67.484,-1.717
205.686,0.000,-20.305,2.000,12.614,-56.944,-1.060
205.693,0.000,-15.007,2.000,33.633,-28.727,4.053
205.698,0.000,-15.007,2.000,58.117,0.166,10.479
205.705,0.000,-15.007,2.000,100.377,55.876,24.170
205.710,0.000,-12.154,2.000,129.332,97.129,34.328
205.715,0.000,-12.154,2.000,160.243,132.751,45.580
205.720,0.148,-11.276,2.000,183.615,167.826,56.360
205.725,0.297,-7.515,2.000,201.349,199.061,63.220
205.730,0.297,-7.515,2.000,212.308,221.664,67.212
205.736,0.297,-7.515,2.000,214.717,235.883,68.326
205.741,0.297,-7.515,2.000,209.149,246.229,69.661
205.747,0.595,-6.620,2.000,199.251,252.747,65.010
205.752,0.595,-6.620,2.000,181.319,257.006,60.298
205.757,0.595,-6.620,2.000,159.294,258.036,56.079
205.763,0.893,-6.272,2.000,135.777,257.368,50.963
205.768,0.893,-6.272,2.000,109.083,255.335,42.712
205.774,0.893,-6.272,2.000,82.449,251.389,35.212
205.780,1.042,-5.758,2.000,57.562,245.912,26.977
205.785,1.042,-5.758,2.000,35.121,238.446,20.013
205.791,1.042,-5.758,2.000,16.629,229.283,13.646
205.796,0.893,-4.924,2.000,1.596,218.495,7.224
205.802,0.744,-4.274,2.000,-11.015,209.469,1.553
205.808,0.744,-4.274,2.000,-19.091,199.605,-3.857
205.813,0.744,-4.274,2.000,-22.764,189.844,-9.479
205.819,0.446,-3.481,2.000,-22.053,180.230,-15.323
205.824,0.446,-3.481,2.000,-23.227,171.504,-19.569
205.830,0.446,-3.481,2.000,-22.565,163.862,-21.860
205.836,0.446,-3.481,2.000,-21.581,157.802,-25.708
205.841,0.446,-3.481,2.000,-15.757,148.471,-27.911
205.847,0.148,-1.642,2.000,-10.827,141.740,-28.280
205.854,0.148,-1.341,2.000,-4.144,130.643,-28.314
205.859,0.148,-1.341,2.000,-0.482,124.502,-28.794
205.865,0.148,-1.492,2.000,5.729,115.793,-31.006
205.872,0.148,-1.341,3.000,13.079,106.881,-30.255
205.879,0.148,-1.341,2.000,17.933,99.690,-28.788
205.886,0.148,-1.341,2.000,22.286,94.525,-26.303
205.891,0.148,-1.341,2.000,23.750,91.703,-25.266
205.896,0.148,-1.341,2.000,24.621,91.496,-23.492
205.901,0.148,-1.341,2.000,24.379,90.410,-21.361
205.907,0.148,-1.341,2.000,26.118,89.057,-16.809
205.914,0.148,-1.341,2.000,27.422,91.026,-13.999
205.919,0.148,-1.341,2.000,22.868,96.303,-12.128
205.924,0.148,-1.341,2.000,22.022,99.046,-9.915
205.931,0.148,-1.042,2.000,20.545,106.592,-6.442
205.936,0.148,-1.042,2.000,16.094,114.197,-4.832
205.941,0.148,-1.042,2.000,12.756,118.606,-0.989
205.948,0.148,-1.042,2.000,7.002,124.514,4.854
205.953,0.148,-1.042,2.000,3.439,128.764,7.265
205.959,0.148,-1.042,2.000,-2.500,134.112,11.992
205.966,0.148,-1.042,2.000,-9.358,140.172,16.737
205.973,0.000,-1.042,2.000,-10.014,140.442,21.679
205.978,0.000,-1.042,2.000,-11.565,142.482,23.049
205.983,0.000,-1.042,2.000,-13.820,144.363,23.603
205.990,0.000,-1.042,2.000,-17.098,143.725,26.301
205.995,0.000,-1.042,2.000,-17.728,141.187,27.476
206.000,0.000,-1.042,2.000,-19.122,140.996,28.820
206.006,0.000,-1.042,2.000,-20.477,136.871,29.654
206.012,0.000,-1.642,2.000,-21.043,136.731,30.308
206.017,0.000,-1.642,2.000,-21.633,134.066,31.481
206.022,0.000,-1.642,2.000,-22.052,130.802,32.380
206.027,0.000,-2.247,2.000,-24.037,125.923,32.657
206.033,0.000,-2.552,2.000,-25.085,124.172,31.513
206.040,0.000,-2.552,2.000,-26.735,121.226,29.235
206.045,0.000,-2.552,2.000,-26.842,119.173,29.105
206.050,0.000,-3.325,2.000,-26.285,118.963,28.284
206.057,0.000,-3.325,2.000,-24.442,115.434,26.773
206.062,0.000,-4.274,2.000,-21.846,111.632,25.700
206.067,0.000,-4.274,2.000,-21.714,108.452,23.540
206.074,0.000,-4.274,2.000,-21.495,104.546,21.653
206.079,0.000,-6.620,2.000,-21.379,104.459,18.805
206.085,0.000,-6.974,2.000,-19.790,99.836,17.023
206.092,0.000,-6.974,2.000,-17.252,93.454,13.871
206.099,0.000,-6.974,2.000,-15.010,88.297,10.441
206.104,0.000,-10.019,2.000,-13.072,83.264,9.819
206.111,0.000,-11.061,2.000,-9.931,77.953,8.026
206.117,0.000,-11.061,2.000,-8.825,72.598,7.429
206.124,0.000,-14.262,2.000,-8.676,66.790,5.548
206.131,0.000,-14.262,2.000,-9.319,62.917,5.030
206.136,0.000,-14.262,2.000,-7.945,59.497,4.824
206.141,0.000,-14.262,2.000,-8.380,56.465,3.518
206.146,0.000,-16.302,2.000,-9.024,54.191,3.131
206.153,0.000,-16.302,2.000,-11.053,50.137,3.202
206.160,0.000,-20.927,2.000,-12.110,45.839,1.989
206.165,0.000,-21.883,2.000,-12.774,43.411,-1.305
206.171,0.000,-21.883,2.000,-15.984,41.667,-3.432
206.176,0.000,-21.883,2.000,-17.583,40.796,-5.998
206.181,0.000,-27.526,2.000,-19.580,38.605,-7.055
206.188,0.000,-33.294,2.000,-21.617,35.815,-9.529
206.193,0.000,-33.294,2.000,-22.625,33.592,-8.423
206.198,0.000,-33.294,2.000,-22.843,34.357,-8.820
206.205,0.000,-33.294,2.000,-25.525,32.663,-10.686
206.212,0.000,-40.977,2.000,-28.671,31.546,-12.075
206.217,0.000,-40.977,2.000,-30.518,30.210,-12.927
206.223,0.000,-40.977,2.000,-32.167,28.500,-14.408
206.230,0.000,-40.977,2.000,-33.649,26.880,-16.429
206.235,0.000,-45.304,2.000,-34.265,25.125,-16.878
206.240,0.000,-45.304,2.000,-35.235,24.373,-18.353
206.247,0.000,-53.093,2.000,-36.819,23.967,-19.998
206.252,0.000,-53.093,2.000,-37.815,23.679,-21.698
206.257,0.000,-53.734,2.000,-38.762,21.672,-22.611
206.264,0.000,-79.434,2.000,-40.140,20.145,-21.832
206.269,0.000,-79.434,2.000,-39.666,18.916,-21.134
206.274,0.000,-92.498,2.000,-39.702,19.093,-22.502
206.281,0.000,-92.498,2.000,-40.124,19.730,-22.445
206.287,0.000,-108.336,2.000,-38.951,19.178,-22.408
206.292,0.000,-108.336,2.000,-36.881,19.409,-21.533
206.297,0.000,-108.336,2.000,-34.684,16.741,-20.772
206.302,0.000,-108.336,2.000,-32.483,12.930,-19.767
206.308,0.000,-108.336,2.000,-31.106,10.079,-19.839
206.313,0.000,-124.996,2.000,-29.970,8.655,-18.709
206.319,0.000,-124.996,2.000,-26.971,6.146,-18.862
206.324,0.000,-135.393,2.000,-25.093,-0.121,-17.561
206.329,0.000,-135.393,2.000,-25.340,-3.833,-17.085
206.334,0.000,-135.393,2.000,-24.850,-8.038,-17.166
206.339,0.000,-155.233,2.000,-23.676,-10.200,-16.527
206.344,0.000,-155.233,2.000,-24.582,-9.546,-14.924
206.351,0.000,-159.771,3.000,-23.256,-13.965,-14.659
206.356,0.000,-165.985,2.000,-24.036,-15.928,-12.120
206.361,0.000,-165.985,2.000,-25.840,-17.764,-9.447
206.366,0.000,-169.163,2.000,-24.298,-21.470,-7.156
206.371,0.000,-172.389,2.000,-26.022,-20.281,-6.289
206.378,0.000,-177.320,2.000,-26.495,-24.163,-6.051
206.383,0.000,-177.320,2.000,-25.711,-25.268,-5.761
206.390,0.000,-177.320,2.000,-25.315,-27.737,-5.205
206.395,0.000,-180.669,2.000,-24.489,-31.643,-4.203
206.402,0.000,-180.669,2.000,-25.407,-33.031,-5.737
206.407,0.000,-180.669,2.000,-25.037,-36.886,-4.179
206.413,0.000,-180.669,2.000,-24.172,-40.475,-4.648
206.419,0.000,-180.669,2.000,-25.288,-44.592,-5.182
206.424,0.000,-180.669,2.000,-22.616,-49.780,-3.713
206.429,0.000,-180.669,2.000,-20.100,-52.146,-2.260
206.434,0.000,-180.669,2.000,-19.197,-51.552,-2.690
206.439,0.000,-169.163,2.000,-21.795,-50.136,-4.208
206.444,0.000,-169.163,2.000,-20.936,-51.544,-5.931
206.449,0.000,-164.414,2.000,-21.440,-53.203,-7.941
206.454,0.000,-164.414,2.000,-17.458,-58.126,-7.667
206.459,0.000,-165.985,2.000,-14.957,-60.662,-6.978
206.464,0.000,-165.985,2.000,-14.831,-63.887,-5.325
206.469,0.000,-165.985,2.000,-14.555,-65.305,-4.535
206.474,0.000,-165.985,2.000,-16.988,-66.022,-4.388
206.479,0.000,-165.985,2.000,-17.472,-65.977,-2.787
206.484,0.000,-165.985,2.000,-17.573,-65.842,-3.636
206.489,0.000,-164.414,2.000,-14.855,-68.484,-3.414
206.494,0.000,-164.414,2.000,-12.452,-72.297,-3.349
206.499,0.000,-164.414,2.000,-13.006,-76.709,-1.484
206.504,0.000,-167.568,2.000,-14.078,-79.573,-1.550
206.509,0.000,-169.163,2.000,-16.096,-79.579,-0.793
206.514,0.000,-169.163,2.000,-16.445,-79.774,-1.452
206.519,0.000,-169.163,2.000,-16.292,-79.446,-1.401
206.524,0.000,-167.568,2.000,-13.947,-81.421,-2.354
206.529,0.000,-167.568,2.000,-14.144,-84.744,-0.986
206.536,0.000,-167.568,2.000,-13.497,-88.091,-0.220
206.541,0.000,-167.568,2.000,-12.816,-92.695,0.748
206.548,0.000,-167.568,2.000,-14.474,-94.035,0.672
206.553,0.000,-167.568,2.000,-12.974,-97.557,1.000
206.558,0.000,-169.163,2.000,-15.114,-99.416,2.304
206.563,0.000,-169.163,2.000,-14.918,-100.876,3.534
206.568,0.000,-169.163,2.000,-16.393,-101.201,4.750
206.573,0.000,-169.163,2.000,-16.214,-100.296,3.894
206.578,0.000,-174.020,2.000,-15.661,-101.297,2.177
206.583,0.000,-174.020,2.000,-16.364,-101.635,2.143
206.588,0.000,-174.020,2.000,-14.823,-104.170,1.985
206.593,0.000,-174.020,2.000,-16.639,-105.167,3.290
206.598,0.000,-174.020,2.000,-15.775,-105.885,4.471
206.603,0.000,-175.664,2.000,-17.894,-105.187,3.515
206.608,0.000,-175.664,2.000,-17.002,-105.285,2.552
206.613,0.000,-175.664,2.000,-17.136,-107.918,1.936
206.619,0.000,-175.664,2.000,-17.119,-109.737,-1.880
206.624,0.000,-175.664,2.000,-19.043,-110.318,-1.793
206.629,0.000,-175.664,2.000,-18.549,-110.918,0.265
206.634,0.000,-175.664,2.000,-18.993,-110.578,3.097
206.640,0.000,-175.664,2.000,-18.386,-112.938,3.113
206.645,0.000,-175.664,2.000,-19.534,-112.178,4.378
206.652,0.000,-140.843,2.000,-17.259,-115.331,3.493
206.659,0.000,-128.818,2.000,-19.074,-115.797,3.962
206.664,0.000,-122.499,2.000,-17.404,-118.127,5.755
206.671,0.000,-114.070,2.000,-17.703,-118.274,4.212
206.676,0.000,-114.070,2.000,-15.354,-120.567,5.477
206.681,0.000,-110.602,2.000,-14.368,-119.649,4.556
206.686,0.000,-105.008,2.000,-13.175,-121.167,4.564
206.691,0.000,-105.008,2.000,-12.082,-122.205,3.081
206.696,0.000,-86.705,2.000,-14.412,-120.374,0.863
206.701,0.000,-74.306,2.000,-13.616,-124.710,0.837
206.706,0.000,-74.306,2.000,-14.273,-124.119,0.955
206.711,0.000,-74.306,2.000,-9.789,-128.584,2.404
206.716,0.000,-48.778,2.000,-10.075,-124.119,1.759
206.721,0.000,-48.778,2.000,-9.821,-124.154,2.313
206.726,0.000,-48.778,2.000,-10.330,-123.679,2.026
206.731,0.000,-48.778,2.000,-11.990,-122.745,1.968
206.736,0.000,-48.778,2.000,-12.219,-122.478,1.579
206.741,0.000,-29.090,2.000,-10.812,-126.239,2.822
206.746,0.000,-29.090,2.000,-11.764,-120.077,1.168
206.753,0.000,-29.090,2.000,-10.423,-117.898,0.019
206.760,0.000,-20.305,2.000,-8.025,-116.035,0.155
206.767,0.000,-18.518,2.000,-7.682,-113.511,-0.492
206.773,0.000,-15.776,2.000,-7.572,-110.668,-0.440
206.780,0.000,-15.517,2.000,-6.967,-108.094,-0.363
206.785,0.000,-15.517,2.000,-6.470,-105.239,-0.718
206.792,0.000,-15.517,2.000,-5.917,-101.126,-0.889
206.797,0.000,-14.262,2.000,-4.723,-99.340,-0.552
206.802,0.000,-14.262,2.000,-3.579,-99.789,-0.079
206.809,0.000,-14.756,2.000,-2.628,-96.947,0.804
206.814,0.000,-14.756,2.000,-2.064,-94.237,0.392
206.819,0.000,-14.756,2.000,0.270,-90.354,3.074
206.825,0.000,-14.756,2.000,6.365,-82.122,7.660
206.832,0.000,-13.302,2.000,15.809,-70.164,11.850
206.839,0.000,-13.302,2.000,26.356,-55.840,20.821
206.844,0.000,-13.302,2.000,34.974,-41.684,30.008
206.849,0.000,-13.302,2.000,48.415,-20.707,47.163
206.856,0.000,-10.430,2.000,70.464,23.569,80.896
206.863,0.000,-10.430,2.000,88.845,74.718,125.635
206.868,0.000,-10.430,2.000,99.796,111.634,160.236
206.873,0.000,-10.430,2.000,110.823,149.783,193.300
206.878,0.000,-10.430,2.000,120.307,184.107,221.415
206.883,0.000,-6.796,2.000,127.475,213.694,248.620
206.888,0.000,-6.796,2.000,135.657,238.608,274.176
206.893,0.000,-6.796,2.000,143.381,259.059,298.785
206.898,0.000,-6.445,2.000,151.935,280.056,327.758
206.903,0.000,-6.445,2.000,161.725,301.228,363.835
206.908,0.000,-6.445,2.000,178.841,321.911,411.285
206.914,0.000,-6.445,2.000,178.841,321.911,411.285
206.919,0.000,-6.445,2.000,178.841,321.911,411.285
206.924,0.000,-6.445,2.000,178.841,321.911,411.285
206.930,0.000,-6.445,2.000,178.841,321.911,411.285
206.935,0.000,-6.445,2.000,178.841,321.911,411.285
206.940,0.000,-6.445,2.000,178.841,321.911,411.285
206.945,0.000,-6.445,2.000,178.841,321.911,411.285
206.951,0.000,-6.445,2.000,178.841,321.911,411.285
206.956,0.000,-6.445,2.000,178.841,321.911,411.285
206.962,0.000,-6.445,2.000,178.841,321.911,411.285
206.967,0.000,-6.445,2.000,178.841,321.911,411.285
206.972,0.000,-6.445,2.000,178.841,321.911,411.285
206.978,0.000,-6.445,2.000,178.841,321.911,411.285
206.983,0.000,-6.445,2.000,178.841,321.911,411.285
206.988,0.000,-6.445,2.000,178.841,321.911,411.285
206.994,0.000,-6.445,2.000,178.841,321.911,411.285
206.999,0.000,-6.445,2.000,178.841,321.911,411.285
207.004,0.000,-6.445,2.000,178.841,321.911,411.285
207.010,0.000,-6.445,2.000,178.841,321.911,411.285
207.015,0.000,-6.445,2.000,178.841,321.911,411.285
207.021,0.000,-6.445,2.000,178.841,321.911,411.285
207.026,0.000,-6.445,2.000,178.841,321.911,411.285
207.031,0.000,-6.445,2.000,178.841,321.911,411.285
207.037,0.000,-6.445,2.000,178.841,321.911,411.285
207.042,0.000,-6.445,2.000,178.841,321.911,411.285
207.048,0.000,-6.445,2.000,178.841,321.911,411.285
207.053,0.000,-6.445,2.000,178.841,321.911,411.285
207.058,0.000,-6.445,2.000,178.841,321.911,411.285
207.064,0.000,-6.445,2.000,178.841,321.911,411.285
207.069,0.000,-6.445,2.000,178.841,321.911,411.285
207.075,0.000,-6.445,2.000,178.841,321.911,411.285
207.080,0.000,-6.445,2.000,178.841,321.911,411.285
207.085,0.000,-6.445,2.000,178.841,321.911,411.285
207.091,0.000,-6.445,2.000,178.841,321.911,411.285
207.096,0.000,-6.445,2.000,178.841,321.911,411.285
207.102,0.000,-6.445,2.000,178.841,321.911,411.285
207.107,0.000,-6.445,2.000,178.841,321.911,411.285
207.112,0.000,-6.445,2.000,178.841,321.911,411.285
207.118,0.000,-6.445,2.000,178.841,321.911,411.285
207.123,0.000,-6.445,2.000,178.841,321.911,411.285
207.129,0.000,-6.445,2.000,178.841,321.911,411.285
207.134,0.000,-6.445,2.000,178.841,321.911,411.285
207.140,0.000,-6.445,2.000,178.841,321.911,411.285
207.145,0.000,-6.445,2.000,178.841,321.911,411.285
207.150,0.000,-6.445,2.000,178.841,321.911,411.285
207.156,0.000,-6.445,2.000,178.841,321.911,411.285
207.161,0.000,-6.445,2.000,178.841,321.911,411.285
207.167,0.000,-6.445,2.000,178.841,321.911,411.285
207.172,0.000,-6.445,2.000,178.841,321.911,411.285
207.178,0.000,-6.445,2.000,178.841,321.911,411.285
207.183,0.000,-6.445,2.000,178.841,321.911,411.285
207.189,0.000,-6.445,2.000,178.841,321.911,411.285
207.194,0.000,-6.445,2.000,178.841,321.911,411.285
207.199,0.000,-6.445,2.000,178.841,321.911,411.285
207.205,0.000,-6.445,2.000,178.841,321.911,411.285
207.210,0.000,-6.445,2.000,178.841,321.911,411.285
207.215,0.000,-6.445,2.000,178.841,321.911,411.285
207.221,0.000,-6.445,2.000,178.841,321.911,411.285
207.226,0.000,-6.445,2.000,178.841,321.911,411.285
207.231,0.000,-6.445,2.000,178.841,321.911,411.285
207.237,0.000,-6.445,2.000,178.841,321.911,411.285
207.242,0.000,-6.445,2.000,178.841,321.911,411.285
207.247,0.000,-6.445,2.000,178.841,321.911,411.285
207.252,0.000,-6.445,2.000,178.841,321.911,411.285
207.258,0.000,-6.445,2.000,178.841,321.911,411.285
207.263,0.000,-6.445,2.000,178.841,321.911,411.285
207.268,0.000,-6.445,2.000,178.841,321.911,411.285
207.273,0.000,-6.445,2.000,178.841,321.911,411.285
207.279,0.000,-6.445,2.000,178.841,321.911,411.285
207.284,0.000,-6.445,2.000,178.841,321.911,411.285
207.289,0.000,-6.445,2.000,178.841,321.911,411.285
207.295,0.000,-6.445,2.000,178.841,321.911,411.285
207.300,0.000,-6.445,2.000,178.841,321.911,411.285
207.305,0.000,-6.445,2.000,178.841,321.911,411.285
207.310,0.000,-6.445,2.000,178.841,321.911,411.285
207.316,0.000,-6.445,2.000,178.841,321.911,411.285
207.321,0.000,-6.445,2.000,178.841,321.911,411.285
207.326,0.000,-6.445,2.000,178.841,321.911,411.285
207.331,0.000,-6.445,2.000,178.841,321.911,411.285
207.337,0.000,-6.445,2.000,178.841,321.911,411.285
207.342,0.000,-6.445,2.000,178.841,321.911,411.285
207.347,0.000,-6.445,2.000,178.841,321.911,411.285
207.352,0.000,-6.445,2.000,178.841,321.911,411.285
207.357,0.000,-6.445,2.000,178.841,321.911,411.285
207.362,0.000,-6.445,2.000,178.841,321.911,411.285
207.367,0.000,-6.445,2.000,178.841,321.911,411.285
207.373,0.000,-6.445,2.000,178.841,321.911,411.285
207.378,0.000,-6.445,2.000,178.841,321.911,411.285
207.383,0.000,-6.445,2.000,178.841,321.911,411.285
207.388,0.000,-6.445,2.000,178.841,321.911,411.285
207.393,0.000,-6.445,2.000,178.841,321.911,411.285
207.398,0.000,-6.445,2.000,178.841,321.911,411.285
207.403,0.000,-6.445,2.000,178.841,321.911,411.285
207.409,0.000,-6.445,2.000,178.841,321.911,411.285
207.414,0.000,-6.445,2.000,178.841,321.911,411.285
207.419,0.000,-6.445,2.000,178.841,321.911,411.285
207.424,0.000,-6.445,2.000,178.841,321.911,411.285
207.429,0.000,-6.445,2.000,178.841,321.911,411.285
207.434,0.000,-6.445,2.000,178.841,321.911,411.285
207.439,0.000,-6.445,2.000,178.841,321.911,411.285
207.445,0.000,-6.445,2.000,178.841,321.911,411.285
207.450,0.000,-6.445,2.000,178.841,321.911,411.285
207.455,0.000,-6.445,2.000,178.841,321.911,411.285
207.460,0.000,-6.445,2.000,178.841,321.911,411.285
207.465,0.000,-6.445,2.000,178.841,321.911,411.285
207.470,0.000,-6.445,2.000,178.841,321.911,411.285
207.475,0.000,-6.445,2.000,178.841,321.911,411.285
207.480,0.000,-6.445,2.000,178.841,321.911,411.285
207.486,0.000,-6.445,2.000,178.841,321.911,411.285
207.491,0.000,-6.445,2.000,178.841,321.911,411.285
207.496,0.000,-6.445,2.000,178.841,321.911,411.285
207.501,0.000,-0.446,3.000,-16.302,-13.217,2.609
207.508,0.000,-0.446,3.000,-14.208,-14.508,2.896
207.514,0.000,-0.446,3.000,-13.153,-15.172,1.537
207.521,0.000,-0.446,3.000,-10.725,-14.342,1.311
207.527,0.000,-0.446,3.000,-8.933,-11.233,-0.580
207.534,0.000,-0.446,3.000,-6.788,-8.460,-0.229
207.540,0.000,-0.446,3.000,-4.511,-4.498,1.009
207.547,0.000,-0.446,3.000,-3.514,-1.327,1.453
207.553,0.000,-0.446,3.000,-1.043,0.142,0.895
207.560,0.000,-0.446,3.000,-0.280,1.133,0.192
207.566,0.000,-0.446,3.000,0.840,2.146,-0.647
207.573,0.000,-0.446,3.000,0.152,2.693,-0.054
207.579,0.000,-0.446,3.000,0.150,2.517,1.052
207.585,0.000,-0.446,3.000,-0.329,1.095,1.643
207.592,0.000,-0.446,3.000,-0.626,0.000,0.845
207.598,0.000,-0.446,3.000,-1.127,-0.581,0.075
207.605,0.000,-0.446,3.000,0.516,-0.935,0.510
207.611,0.000,-0.446,3.000,-0.330,-0.605,-0.571
207.618,0.000,-0.446,3.000,-0.715,0.711,-0.762
207.625,0.000,-0.446,3.000,-0.926,0.320,0.883
207.631,0.000,-0.446,3.000,-0.494,0.452,-0.625
207.637,0.000,-0.446,3.000,-0.640,-0.084,-2.548
207.644,0.000,-0.446,3.000,-2.042,0.547,-0.695
207.650,0.000,-0.446,3.000,-1.710,1.111,-0.569
207.657,0.000,-0.446,3.000,-1.046,0.724,-0.996
207.663,0.000,-0.446,3.000,-0.860,-0.143,-1.143
207.670,0.000,-0.446,3.000,-0.200,-0.428,0.319
207.676,0.000,-0.446,3.000,-2.546,0.984,0.246
207.683,0.000,-0.446,3.000,-1.971,0.919,-1.081
207.689,0.000,-0.446,3.000,-1.376,-0.146,0.079
207.696,0.000,-0.446,3.000,-1.416,0.206,-0.831
207.702,0.000,-0.446,3.000,-1.969,0.533,-2.003
207.709,0.000,-0.446,3.000,-1.448,0.122,0.389
207.715,0.000,-0.446,3.000,-1.647,1.576,1.880
207.722,0.000,-0.446,3.000,-2.178,1.911,-0.716
207.728,0.000,-0.446,3.000,-2.030,-0.422,-0.959
207.735,0.000,-0.446,3.000,-1.841,-1.762,1.956
207.741,0.000,-0.446,3.000,-1.931,0.575,0.690
207.748,0.000,-0.446,3.000,-1.985,0.883,-1.746
207.754,0.000,-0.446,3.000,-0.876,-1.051,-0.419
207.761,0.000,-0.446,3.000,0.187,-1.064,-0.516
207.767,0.000,-0.446,3.000,1.158,0.651,-1.142
207.774,0.000,-0.446,3.000,1.208,2.133,-1.652
207.780,0.000,-0.446,3.000,1.815,1.641,-1.090
207.787,0.000,-0.297,3.000,5.933,2.795,-1.066
207.793,0.000,-0.297,3.000,5.389,2.654,-0.665
207.799,0.000,-0.297,3.000,3.275,2.131,-1.129
207.805,0.000,-0.297,3.000,1.929,0.960,-0.345
207.812,0.000,-0.297,3.000,-0.380,0.965,-0.692
207.818,0.000,-0.297,3.000,0.217,-0.631,-0.648
207.824,0.000,-0.297,3.000,-1.041,-1.285,0.580
207.830,0.000,-0.297,3.000,-1.834,-1.625,-0.474
207.837,0.000,-0.297,3.000,-3.208,-2.507,-0.407
207.843,0.000,-0.297,3.000,-2.858,-1.691,-0.873
207.849,0.000,-0.297,3.000,-3.180,-1.306,-1.246
207.855,0.000,-0.297,3.000,-2.280,-0.286,-0.016
207.861,0.000,-0.297,3.000,-1.827,1.194,-1.407
207.867,0.000,-0.297,3.000,-1.957,1.377,-0.605
207.874,0.000,-0.297,3.000,-1.640,2.502,0.075
207.880,0.000,-0.297,3.000,-1.598,2.308,1.157
207.886,0.000,-0.297,3.000,-0.933,2.478,0.945
207.892,0.000,-0.297,3.000,-0.378,2.174,1.360
207.898,0.000,-0.297,3.000,-0.699,0.977,2.347
207.905,0.000,-0.297,3.000,-0.383,-0.000,2.759
207.911,0.000,-0.297,3.000,0.009,-0.743,1.971
207.917,0.000,-0.297,3.000,-0.115,-0.996,2.380
207.923,0.000,-0.297,3.000,0.767,-1.104,2.147
207.929,0.000,-0.297,3.000,0.845,-1.000,2.138
207.935,0.000,-0.297,3.000,0.778,0.044,1.221
207.942,0.000,-0.297,3.000,1.106,-0.662,2.160
207.948,0.000,-0.297,3.000,1.076,-0.820,2.270
207.954,0.000,-0.297,3.000,0.495,-1.163,1.111
207.960,0.000,-0.297,3.000,0.477,-0.843,-0.373
207.966,0.000,-0.297,3.000,-0.627,-1.417,-0.688
207.973,0.000,-0.297,3.000,-2.209,-0.500,-1.394
207.979,0.000,-0.297,3.000,-1.889,-0.160,-1.067
207.985,0.000,-0.297,3.000,-2.085,0.242,-1.153
207.991,0.000,-0.297,3.000,-1.618,-0.093,-0.295
207.997,0.000,-0.297,3.000,-1.801,0.289,-0.582
208.003,0.000,-0.297,3.000,-3.481,0.831,-0.606
208.010,0.000,-0.297,3.000,-3.183,1.571,-0.241
208.016,0.000,-0.297,3.000,-2.356,0.907,1.516
208.022,0.000,-0.297,3.000,-1.527,0.542,1.207
208.028,0.000,-0.297,3.000,-0.704,0.055,2.538
208.034,0.000,-0.297,3.000,-1.327,0.451,1.457
208.041,0.000,-0.297,3.000,-0.441,0.441,0.799
208.047,0.000,-0.297,3.000,-0.637,-0.449,2.051
208.053,0.000,-0.297,3.000,-1.212,0.522,0.008
208.059,0.000,-0.297,3.000,-0.925,0.631,0.863
208.065,0.000,-0.297,3.000,-1.598,0.909,-0.340
208.071,0.000,-0.297,3.000,-2.123,0.894,1.515
208.078,0.000,-0.297,3.000,-2.057,0.094,0.723
208.084,0.000,-0.297,3.000,-0.734,0.143,-0.271
208.090,0.000,-0.297,3.000,-0.461,0.688,-0.897
208.096,0.000,-0.297,3.000,-0.237,0.435,0.581
208.102,0.000,-0.297,3.000,0.127,-0.522,1.107
208.109,0.000,-0.297,3.000,-0.457,0.446,-0.228
208.115,0.000,-0.297,3.000,-0.312,0.180,-1.161
208.121,0.000,-0.297,3.000,-0.174,0.171,-0.727
208.127,0.000,-0.297,3.000,0.066,1.125,-1.760
208.133,0.000,-0.297,3.000,-0.465,1.513,-1.276
208.139,0.000,-0.297,3.000,-0.817,1.447,0.958
208.146,0.000,-0.297,3.000,-0.265,1.853,1.165
208.152,0.000,-0.297,3.000,-0.409,1.063,0.390
208.158,0.000,-0.297,3.000,-0.533,1.583,0.655
208.164,0.000,-0.297,3.000,-0.386,0.165,1.555
208.170,0.000,-0.297,3.000,-0.004,-0.766,0.670
208.177,0.000,-0.297,3.000,-0.248,-1.324,0.369
208.183,0.000,-0.297,3.000,-1.612,-1.037,-0.442
208.189,0.000,-0.297,3.000,-0.549,-0.767,0.478
208.195,0.000,-0.297,3.000,0.364,-0.962,-0.016
208.201,0.000,-0.297,3.000,1.269,-1.196,0.606
208.208,0.000,-0.297,3.000,0.908,0.328,0.433
208.214,0.000,-0.297,3.000,0.698,-0.592,0.641
208.220,0.000,-0.297,3.000,0.075,0.346,0.226
208.226,0.000,-0.297,3.000,-0.380,-0.284,-0.493
208.232,0.000,-0.297,3.000,-0.781,-0.705,-0.390
208.239,0.000,-0.297,3.000,0.304,-0.496,0.577
208.245,0.000,-0.297,3.000,1.206,-0.310,1.292
208.251,0.000,-0.297,3.000,0.130,-0.011,0.938
208.257,0.000,-0.297,3.000,0.201,-0.111,1.595
208.263,0.000,-0.297,3.000,0.076,0.486,1.888
208.269,0.000,-0.297,3.000,0.136,1.026,0.910
208.276,0.000,-0.297,3.000,-1.093,0.508,0.783
208.282,0.000,-0.297,3.000,-0.929,-0.149,1.142
208.288,0.000,-0.446,3.000,-0.619,-0.553,0.663
208.294,0.000,-0.446,3.000,-0.366,-0.597,0.569
208.301,0.000,-0.446,3.000,-0.724,0.068,0.448
208.308,0.000,-0.446,3.000,-1.578,0.064,0.415
208.314,0.000,-0.595,3.000,-2.455,-1.134,1.435
208.320,0.000,-0.595,3.000,-3.530,-2.601,1.984
208.326,0.000,-0.595,3.000,-2.763,-2.042,2.808
208.333,0.000,-0.595,3.000,-3.167,-3.390,4.736
208.339,0.000,-0.595,3.000,-4.451,-5.583,4.290
208.345,0.000,-0.595,3.000,-6.507,-9.229,5.018
208.351,0.000,-0.595,3.000,-9.412,-11.904,7.672
208.357,0.000,-0.595,3.000,-9.058,-16.291,9.439
208.364,0.000,-0.595,3.000,-11.548,-17.366,8.460
208.370,0.000,-0.595,3.000,-14.619,-17.860,9.333
208.376,0.000,-0.595,3.000,-17.821,-16.924,11.025
208.383,0.000,-0.595,3.000,-18.996,-16.262,12.414
208.389,0.000,-0.744,3.000,-21.188,-13.233,13.449
208.394,0.000,-0.744,3.000,-24.575,-11.924,13.381
208.401,0.000,-0.744,3.000,-25.174,-11.396,13.227
208.407,0.000,-0.744,3.000,-26.622,-10.231,14.043
208.414,0.000,-0.595,3.000,-26.613,-10.143,16.047
208.420,0.000,-0.595,3.000,-25.340,-6.432,17.669
208.426,0.000,-0.595,3.000,-23.302,-1.381,18.598
208.432,0.000,-0.595,3.000,-21.218,3.700,20.453
208.439,0.000,-0.595,3.000,-19.336,8.751,21.006
208.445,0.000,-0.595,3.000,-17.027,14.756,20.267
208.451,0.000,-0.595,3.000,-15.054,22.251,19.733
208.457,0.000,-0.595,3.000,-11.976,27.976,21.565
208.464,0.000,-0.744,3.000,-8.674,34.381,22.059
208.470,0.000,-0.744,3.000,-9.579,40.549,21.946
208.477,0.000,-0.893,3.000,-8.156,45.775,21.990
208.484,0.000,-1.944,3.000,-8.998,49.889,21.156
208.490,0.000,-1.944,3.000,-11.353,53.586,19.737
208.495,0.000,-1.944,3.000,-15.307,56.484,19.235
208.502,0.000,-2.399,3.000,-16.491,56.841,17.793
208.508,0.000,-2.399,3.000,-17.851,56.456,18.968
208.515,0.000,-2.399,3.000,-19.460,55.043,19.348
208.521,0.000,-2.247,3.000,-22.680,52.820,20.925
208.528,0.000,-2.247,3.000,-23.361,49.810,21.594
208.535,0.000,-3.638,3.000,-24.912,46.863,21.863
208.541,0.000,-3.638,3.000,-24.993,43.591,22.838
208.548,0.000,-3.638,3.000,-24.677,41.994,22.026
208.554,0.000,-3.638,3.000,-22.284,39.253,20.974
208.561,0.000,-6.796,3.000,-23.443,37.523,20.939
208.568,0.000,-6.974,3.000,-20.753,33.995,19.863
208.573,0.000,-8.636,3.000,-18.427,32.764,20.290
208.578,0.000,-8.636,3.000,-16.887,30.847,19.965
208.585,0.000,-8.636,3.000,-14.350,28.950,19.315
208.591,0.000,-8.636,3.000,-12.849,30.789,18.030
208.598,0.000,-16.038,3.000,-12.400,32.083,15.771
208.603,0.000,-16.038,3.000,-11.127,31.056,17.292
208.610,0.000,-16.038,3.000,-10.583,30.952,15.131
208.615,0.000,-16.038,3.000,-9.939,31.963,14.037
208.622,0.000,-16.038,3.000,-9.197,29.703,12.390
208.628,0.000,-24.236,3.000,-11.415,32.287,10.455
208.635,0.000,-25.660,3.000,-10.794,29.487,8.668
208.640,0.000,-25.660,3.000,-10.873,30.184,8.500
208.645,0.000,-25.660,3.000,-9.954,29.487,8.809
208.650,0.000,-27.526,3.000,-11.626,30.388,9.199
208.657,0.000,-27.526,3.000,-12.477,28.827,6.135
208.664,0.000,-27.526,3.000,-14.201,29.598,5.637
208.670,0.000,-27.526,3.000,-13.341,28.711,4.737
208.675,0.000,-27.526,3.000,-13.684,29.738,4.450
208.680,0.000,-37.463,3.000,-12.274,31.038,5.532
208.685,0.000,-37.463,3.000,-12.598,34.194,5.226
208.690,0.000,-37.463,3.000,-13.399,34.391,4.732
208.695,0.000,-38.939,3.000,-15.192,35.857,4.325
208.702,0.000,-38.939,3.000,-15.530,32.931,1.479
208.709,0.000,-38.939,3.000,-15.103,32.784,-0.089
208.716,0.000,-38.939,3.000,-14.949,31.633,-0.660
208.721,0.000,-42.027,3.000,-16.182,30.670,-1.179
208.726,0.000,-42.560,3.000,-18.234,29.002,-3.070
208.732,0.000,-42.560,3.000,-18.026,27.371,-3.876
208.737,0.000,-42.560,3.000,-18.585,26.586,-3.668
208.744,0.000,-44.744,3.000,-16.283,24.401,-2.290
208.751,0.000,-44.744,3.000,-13.942,24.320,-3.074
208.756,0.000,-49.981,3.000,-13.536,23.170,-4.361
208.761,0.000,-49.981,3.000,-11.838,22.217,-5.161
208.766,0.000,-48.778,3.000,-8.925,22.965,-5.448
208.773,0.000,-53.093,3.000,-6.954,23.705,-6.899
208.778,0.000,-53.093,3.000,-7.066,25.392,-7.454
208.785,0.000,-52.459,3.000,-5.105,25.000,-8.299
208.791,0.000,-52.459,3.000,-3.731,26.175,-7.478
208.796,0.000,-52.459,3.000,-2.644,25.111,-7.235
208.801,0.000,-52.459,3.000,-1.461,25.919,-7.746
208.806,0.000,-52.459,3.000,-2.423,26.645,-6.953
208.813,0.000,-52.459,3.000,-1.580,23.702,-6.491
208.818,0.000,-52.459,3.000,-2.759,23.345,-5.807
208.823,0.000,-52.459,3.000,-3.155,22.895,-5.945
208.828,0.000,-52.459,3.000,-2.997,23.128,-6.488
208.833,0.000,-53.734,3.000,-1.515,19.641,-5.267
208.838,0.000,-53.734,3.000,-0.671,16.569,-3.411
208.843,0.000,-53.734,3.000,1.782,12.165,-0.502
208.849,0.000,-53.734,3.000,1.864,10.782,0.682
208.854,0.000,-53.734,3.000,0.549,10.822,0.989
208.859,0.000,-53.093,3.000,-1.888,11.716,0.211
208.865,0.000,-53.093,3.000,-2.765,11.309,0.718
208.870,0.000,-53.093,3.000,-3.537,10.095,-0.294
208.875,0.000,-53.093,3.000,-5.268,13.656,-1.883
208.881,0.000,-53.093,3.000,-4.322,14.586,-1.917
208.886,0.000,-53.093,3.000,-4.344,10.820,0.269
208.891,0.000,-53.093,3.000,-2.529,3.794,1.003
208.896,0.000,-53.093,3.000,-2.313,0.439,0.689
208.902,0.000,-50.592,3.000,-1.589,1.457,1.073
208.909,0.000,-50.592,3.000,-1.577,-1.046,1.810
208.916,0.000,-49.981,3.000,-1.527,-0.643,1.829
208.921,0.000,-49.981,3.000,-2.718,-1.366,2.097
208.928,0.000,-47.016,3.000,-2.502,-0.027,1.034
208.933,0.000,-45.869,3.000,-2.850,-0.146,0.826
208.938,0.000,-45.869,3.000,-1.008,0.817,0.015
208.943,0.000,-45.869,3.000,0.712,0.625,1.373
208.948,0.000,-45.869,3.000,-0.259,4.271,1.409
208.953,0.000,-43.641,3.000,-0.996,6.439,0.829
208.960,0.000,-41.500,3.000,-0.693,8.856,0.938
208.966,0.000,-41.500,3.000,-0.141,10.028,0.148
208.971,0.000,-29.090,3.000,0.194,11.858,-0.013
208.978,0.000,-29.090,3.000,1.038,11.867,0.519
208.983,0.000,-29.090,3.000,1.533,13.296,1.474
208.990,0.000,-29.090,3.000,2.318,14.382,1.987
208.995,0.000,-21.561,3.000,0.809,17.599,0.895
209.000,0.000,-21.561,3.000,1.318,18.582,0.434
209.005,0.000,-21.561,3.000,0.272,19.812,-0.284
209.010,0.000,-20.305,3.000,2.786,16.882,0.062
209.015,0.000,-20.305,3.000,4.142,15.700,-0.301
209.020,0.000,-19.697,3.000,5.841,12.036,0.793
209.025,0.000,-19.697,3.000,4.739,12.858,-0.173
209.030,0.000,-19.697,3.000,4.708,12.612,0.806
209.035,0.000,-19.697,3.000,4.813,16.610,0.433
209.040,0.000,-19.697,3.000,6.507,14.545,2.055
209.045,0.000,-19.697,3.000,7.830,12.595,1.659
209.051,0.000,-13.302,3.000,9.273,7.420,3.199
209.056,0.000,-13.302,3.000,8.876,7.186,2.740
209.062,0.148,-13.068,3.000,9.391,7.132,3.152
209.067,0.148,-13.068,3.000,9.814,6.889,2.716
209.072,0.148,-13.068,3.000,8.901,9.016,2.338
209.079,0.148,-13.068,3.000,10.771,9.255,1.897
209.084,0.297,-12.154,3.000,9.159,12.771,2.632
209.090,0.297,-11.932,3.000,9.653,14.346,3.796
209.095,0.297,-12.154,3.000,8.952,14.666,5.420
209.100,0.297,-12.154,3.000,8.735,13.464,5.506
209.106,0.446,-12.154,3.000,10.824,10.798,6.299
209.112,0.446,-12.154,3.000,11.582,10.505,5.356
209.117,0.446,-12.154,3.000,11.756,10.370,4.709
209.123,0.446,-12.154,3.000,12.046,9.203,4.514
209.128,0.595,-13.302,3.000,13.190,6.568,4.578
209.134,0.595,-13.302,3.000,13.893,5.396,4.254
209.139,0.595,-13.302,3.000,12.466,7.959,4.303
209.144,2.399,-14.262,3.000,12.492,9.688,5.302
209.150,2.859,-14.508,3.000,10.606,13.851,5.735
209.155,2.859,-14.508,3.000,10.991,16.082,5.936
209.161,2.859,-14.508,3.000,10.890,16.692,4.797
209.167,4.274,-16.038,3.000,10.522,15.606,5.045
209.173,4.274,-16.038,3.000,9.218,14.323,4.507
209.178,4.274,-16.038,3.000,7.483,13.432,4.416
209.184,5.088,-17.111,3.000,7.065,11.503,4.164
209.190,5.254,-17.111,3.000,9.183,7.456,3.627
209.196,5.254,-17.111,3.000,8.095,6.885,2.165
209.201,5.254,-17.111,3.000,9.021,5.949,1.187
209.207,5.254,-17.111,3.000,9.766,3.154,2.051
209.213,5.254,-17.111,3.000,10.381,0.424,2.530
209.218,6.272,-20.305,3.000,10.054,0.888,2.787
209.224,6.272,-20.305,3.000,9.731,0.333,3.559
209.230,6.445,-21.561,3.000,7.626,0.687,2.830
209.236,6.796,-22.538,3.000,7.546,0.914,3.056
209.241,7.515,-23.889,3.000,8.873,2.730,1.567
209.247,7.515,-23.889,3.000,8.215,4.198,0.921
209.253,7.515,-23.889,3.000,8.762,1.696,3.185
209.258,10.223,-42.027,3.000,9.758,0.339,4.152
209.264,10.638,-43.641,3.000,10.783,-2.224,3.454
209.270,10.638,-43.641,3.000,10.517,-2.759,2.639
209.276,11.061,-46.439,3.000,12.136,-3.706,2.051
209.281,11.061,-46.439,3.000,12.813,-3.139,-0.146
209.287,11.061,-46.439,3.000,12.933,-2.827,-0.078
209.293,11.061,-46.439,3.000,13.534,-1.854,-0.123
209.299,11.061,-46.439,3.000,13.757,-1.872,-0.473
209.304,11.061,-46.439,3.000,15.278,-2.223,-0.028
209.310,11.061,-46.439,3.000,16.247,-2.640,-0.590
209.316,11.061,-46.439,3.000,18.700,-5.269,0.044
209.321,9.416,-50.592,3.000,19.098,-6.906,0.810
209.327,9.416,-50.592,3.000,21.458,-9.654,2.153
209.333,9.416,-50.592,3.000,21.827,-8.543,1.264
209.339,9.416,-50.592,3.000,22.043,-8.768,0.616
209.344,7.515,-54.380,3.000,20.971,-7.022,0.132
209.350,7.515,-54.380,3.000,22.024,-8.211,0.194
209.356,7.515,-54.380,3.000,22.523,-9.214,0.452
209.362,7.333,-63.359,3.000,22.444,-10.618,1.476
209.367,7.333,-64.839,3.000,23.444,-12.784,1.285
209.373,7.333,-64.839,3.000,23.671,-12.309,1.763
209.379,7.333,-64.839,3.000,23.694,-14.229,1.489
209.385,7.333,-64.839,3.000,24.244,-15.222,2.044
209.390,6.272,-67.881,3.000,22.092,-14.718,2.856
209.396,6.272,-67.881,3.000,22.433,-17.279,1.932
209.402,6.272,-67.881,3.000,22.720,-15.938,0.350
209.407,5.928,-68.659,3.000,24.155,-16.661,0.752
209.413,5.421,-68.659,3.000,25.111,-19.857,2.301
209.419,5.421,-68.659,3.000,24.313,-20.051,2.006
209.425,5.421,-68.659,3.000,25.152,-24.281,3.646
209.430,4.114,-68.659,3.000,24.617,-24.832,3.224
209.436,3.014,-68.659,3.000,24.781,-23.832,1.590
209.442,3.014,-68.659,3.000,24.018,-24.368,1.687
209.448,3.014,-68.659,3.000,23.201,-24.323,1.849
209.453,1.341,-68.659,3.000,23.950,-25.934,2.279
209.459,1.042,-67.881,3.000,23.774,-28.375,4.752
209.465,0.446,-64.096,3.000,25.367,-29.370,3.966
209.470,0.446,-64.096,3.000,25.135,-30.557,4.443
209.476,0.446,-64.096,3.000,24.795,-30.958,3.928
209.482,0.446,-64.096,3.000,24.642,-30.761,3.766
209.487,0.000,-57.705,3.000,25.230,-31.070,4.674
209.494,0.000,-57.705,3.000,24.785,-31.259,3.792
209.501,0.000,-57.705,3.000,24.725,-31.250,1.693
209.507,0.000,-57.705,3.000,25.735,-30.773,2.193
209.513,0.000,-54.380,3.000,27.122,-30.749,1.769
209.518,0.000,-54.380,3.000,28.459,-34.206,4.638
209.523,0.000,-54.380,3.000,27.568,-36.340,4.929
209.528,0.000,-52.459,3.000,28.316,-35.704,3.354
209.533,0.000,-52.459,3.000,28.674,-34.529,3.098
209.538,0.000,-48.778,3.000,28.524,-35.065,4.291
209.545,0.000,-48.778,3.000,28.577,-37.220,5.943
209.551,0.000,-47.016,3.000,28.554,-39.500,6.287
209.558,0.000,-47.016,3.000,28.429,-41.437,8.164
209.565,0.000,-45.869,3.000,28.089,-42.598,8.916
209.570,0.000,-45.869,3.000,27.959,-42.808,7.340
209.575,0.000,-44.744,3.000,28.461,-43.695,6.238
209.580,0.000,-40.977,3.000,28.745,-45.481,6.254
209.587,0.000,-40.977,3.000,27.047,-45.228,5.535
209.592,0.000,-38.442,3.000,27.308,-45.143,5.307
209.597,0.000,-38.939,3.000,27.974,-44.936,4.896
209.604,0.000,-38.442,3.000,28.311,-44.579,5.270
209.610,0.000,-38.442,3.000,27.990,-43.709,3.911
209.615,0.000,-38.442,3.000,27.328,-42.871,4.659
209.620,0.000,-38.442,3.000,26.639,-41.159,5.542
209.627,0.000,-37.950,3.000,27.757,-41.735,6.273
209.632,0.000,-37.950,3.000,28.316,-41.774,5.824
209.639,0.000,-37.950,3.000,27.829,-38.731,4.468
209.644,0.000,-37.950,3.000,28.275,-39.175,5.263
209.649,0.000,-37.950,3.000,30.438,-41.609,5.004
209.654,0.000,-37.950,3.000,30.025,-43.425,4.481
209.659,0.000,-37.950,3.000,29.981,-43.337,3.940
209.664,0.000,-37.950,3.000,29.229,-41.186,2.092
209.669,0.000,-37.950,3.000,29.528,-37.431,0.932
209.674,0.000,-37.950,3.000,30.114,-36.142,1.436
209.679,0.000,-37.950,3.000,30.198,-36.677,2.571
209.684,0.000,-37.950,3.000,30.010,-41.085,3.798
209.691,0.000,-37.950,3.000,30.137,-40.373,3.356
209.696,0.000,-37.950,3.000,30.169,-42.073,4.316
209.701,0.000,-37.950,3.000,29.943,-44.898,5.413
209.706,0.000,-37.950,3.000,30.648,-46.130,5.444
209.711,0.000,-37.950,3.000,30.812,-44.189,3.435
209.716,0.000,-37.950,3.000,29.740,-42.060,2.653
209.721,0.000,-39.948,3.000,30.416,-41.266,2.833
209.726,0.000,-39.948,3.000,27.585,-39.219,1.674
209.731,0.000,-39.948,3.000,27.338,-41.220,1.951
209.736,0.000,-39.948,3.000,27.296,-40.890,1.520
209.741,0.000,-39.948,3.000,28.693,-41.839,1.968
209.748,0.000,-39.948,3.000,28.259,-43.383,1.748
209.753,0.000,-42.560,3.000,28.581,-42.599,0.358
209.760,0.000,-43.641,3.000,27.322,-42.754,0.635
209.765,0.000,-43.641,3.000,26.824,-42.424,-1.303
209.770,0.000,-43.641,3.000,26.331,-41.092,-2.189
209.776,0.000,-44.744,3.000,27.595,-43.454,-1.623
209.781,0.000,-44.744,3.000,26.746,-42.908,-2.896
209.787,0.000,-44.744,3.000,26.522,-44.448,-2.409
209.792,0.000,-44.744,3.000,26.139,-44.921,0.311
209.797,0.000,-44.744,3.000,27.475,-46.390,3.339
209.802,0.000,-44.744,3.000,28.914,-48.101,5.508
209.808,0.000,-44.744,3.000,27.505,-48.327,5.380
209.813,0.000,-48.778,3.000,28.778,-49.114,6.147
209.819,0.000,-48.778,3.000,29.097,-48.125,7.766
209.824,0.000,-48.778,3.000,29.061,-46.922,8.398
209.829,0.000,-48.778,3.000,29.107,-47.170,7.411
209.834,0.000,-53.734,3.000,28.224,-48.337,6.478
209.839,0.000,-53.734,3.000,25.956,-50.328,3.462
209.845,0.000,-53.734,3.000,24.841,-53.017,3.396
209.850,0.000,-54.380,3.000,24.319,-52.567,1.997
209.857,0.000,-55.691,3.000,25.495,-53.042,3.972
209.862,0.000,-55.691,3.000,24.548,-53.589,4.360
209.867,0.000,-59.776,3.000,25.233,-55.399,2.153
209.874,0.000,-64.096,3.000,24.247,-53.758,2.872
209.879,0.000,-64.096,3.000,24.460,-53.891,1.424
209.884,0.000,-64.096,3.000,26.470,-55.428,-0.283
209.891,0.000,-64.096,3.000,25.906,-51.655,-1.064
209.896,0.000,-64.096,3.000,26.998,-52.116,-0.465
209.903,0.000,-64.096,3.000,27.223,-48.971,-0.501
209.908,0.000,-64.096,3.000,27.456,-46.277,-0.212
209.913,0.000,-87.650,3.000,29.170,-44.093,-2.215
209.918,0.000,-87.650,3.000,30.382,-45.188,-2.126
209.923,0.000,-91.512,3.000,30.390,-47.333,-0.886
209.928,0.000,-97.558,3.000,29.946,-48.932,0.262
209.933,0.000,-97.558,3.000,29.621,-50.343,0.920
209.938,0.000,-97.558,3.000,29.475,-50.389,0.737
209.943,0.000,-97.558,3.000,28.906,-47.271,1.308
209.950,0.000,-97.558,3.000,29.709,-47.243,2.636
209.955,0.000,-97.558,3.000,28.785,-46.454,4.255
209.960,0.000,-97.558,3.000,29.240,-45.415,3.515
209.965,0.000,-97.558,3.000,28.707,-45.628,5.008
209.970,0.000,-97.558,3.000,29.529,-47.432,4.837
209.975,0.000,-97.558,3.000,28.610,-47.699,4.529
209.982,0.000,-97.558,3.000,28.056,-51.474,4.282
209.987,0.000,-97.558,3.000,28.735,-51.809,4.337
209.992,0.000,-97.558,3.000,27.546,-54.685,3.205
209.997,0.000,-96.529,3.000,27.714,-56.875,4.099
210.002,0.000,-96.529,3.000,27.351,-56.507,3.564
210.007,0.000,-96.529,3.000,25.973,-57.871,5.728
210.013,0.000,-96.529,3.000,25.422,-58.029,6.692
210.018,0.000,-96.529,3.000,24.800,-61.117,7.929
210.025,0.000,-96.529,3.000,24.126,-63.497,8.133
210.030,-0.148,-84.840,3.000,23.669,-64.816,8.099
210.037,-0.148,-84.840,3.000,21.636,-64.014,7.363
210.042,-0.148,-84.840,3.000,21.627,-65.790,6.374
210.047,-0.148,-84.840,3.000,19.827,-65.698,5.769
210.052,-0.595,-57.028,3.000,19.106,-65.936,5.965
210.058,-0.595,-57.028,3.000,19.122,-65.608,6.268
210.063,-0.595,-57.028,3.000,18.860,-63.746,6.522
210.069,-2.706,-47.016,3.000,21.411,-63.107,7.448
210.075,-3.169,-47.597,3.000,22.444,-63.011,7.801
210.080,-3.169,-47.597,3.000,23.988,-62.708,7.766
210.086,-3.169,-47.597,3.000,23.637,-62.520,7.273
210.092,-3.169,-47.597,3.000,22.070,-59.364,6.574
210.098,-5.254,-24.941,3.000,21.436,-55.591,7.108
210.103,-5.254,-24.941,3.000,19.968,-52.600,7.305
210.109,-5.254,-24.941,3.000,21.520,-51.244,8.025
210.115,-5.254,-24.941,3.000,22.312,-50.893,8.554
210.120,-8.828,-18.231,3.000,21.452,-49.570,8.376
210.126,-8.828,-18.231,3.000,20.025,-48.422,9.230
210.132,-8.828,-18.231,3.000,17.537,-44.885,8.734
210.138,-8.828,-18.231,3.000,16.948,-45.098,9.915
210.143,-14.018,-9.615,3.000,16.587,-45.152,9.849
210.149,-14.018,-9.615,3.000,14.528,-43.079,8.594
210.155,-14.018,-9.615,3.000,11.980,-39.249,8.157
210.161,-16.302,-6.974,3.000,10.650,-37.648,7.581
210.166,-17.111,-6.620,3.000,9.796,-35.394,6.038
210.172,-17.111,-6.620,3.000,7.965,-33.254,5.382
210.178,-17.111,-6.620,3.000,7.175,-31.785,4.678
210.183,-17.111,-6.620,3.000,4.507,-31.268,3.166
210.189,-19.697,-3.481,3.000,2.983,-30.247,2.767
210.195,-19.697,-3.481,3.000,0.578,-28.330,3.290
210.201,-19.697,-3.481,3.000,-0.606,-28.068,3.225
210.206,-19.697,-3.481,3.000,-0.862,-27.755,2.138
210.212,-22.538,-1.341,3.000,-1.468,-27.990,1.218
210.218,-22.538,-1.341,3.000,-4.341,-24.008,1.998
210.224,-23.206,-1.042,3.000,-5.488,-22.670,2.324
210.229,-23.206,-1.042,3.000,-5.553,-22.720,3.099
210.235,-23.206,-1.042,3.000,-5.477,-23.299,1.894
210.241,-23.206,-1.042,3.000,-8.395,-20.607,1.986
210.247,-23.206,-1.042,3.000,-8.401,-18.246,2.892
210.252,-23.206,-1.042,3.000,-9.476,-17.637,2.485
210.258,-18.231,-0.148,3.000,-9.338,-18.298,3.049
210.263,-18.231,-0.148,3.000,-11.480,-13.458,2.767
210.268,-17.111,0.148,3.000,-10.928,-12.251,1.956
210.273,-17.111,0.148,3.000,-11.630,-10.159,1.019
210.278,-17.111,0.148,3.000,-12.762,-9.936,-0.571
210.284,-16.038,3.325,3.000,-13.081,-10.721,-1.059
210.289,-16.038,3.796,3.000,-13.245,-14.113,-3.225
210.295,-16.038,3.796,3.000,-14.529,-14.273,-4.672
210.301,-16.302,6.099,3.000,-17.202,-14.241,-5.462
210.307,-16.302,8.256,3.000,-18.719,-13.795,-6.190
210.312,-16.302,8.256,3.000,-19.544,-13.801,-6.640
210.318,-16.302,8.256,3.000,-21.598,-10.721,-6.701
210.324,-17.111,11.711,3.000,-23.141,-8.669,-6.242
210.330,-17.665,15.007,3.000,-22.654,-7.889,-6.297
210.335,-18.808,19.398,3.000,-22.846,-7.198,-6.425
210.341,-18.808,19.398,3.000,-25.085,-4.094,-6.387
210.347,-19.697,20.614,3.000,-26.374,-1.758,-6.500
210.352,-19.697,20.614,3.000,-26.887,0.259,-7.421
210.358,-20.305,24.941,3.000,-28.506,3.850,-8.057
210.364,-20.305,24.941,3.000,-30.100,7.007,-7.063
210.370,-20.614,27.145,3.000,-32.123,9.167,-5.992
210.375,-20.614,34.188,3.000,-33.043,10.403,-5.294
210.381,-20.614,36.504,3.000,-33.737,13.341,-3.733
210.387,-20.614,36.504,3.000,-34.831,15.834,-2.096
210.393,-20.614,36.504,3.000,-35.824,18.461,-1.747
210.398,-20.614,36.504,3.000,-36.249,21.276,-0.551
210.404,-20.614,36.504,3.000,-36.464,24.713,1.035
210.410,-20.614,36.504,3.000,-37.811,26.729,3.140
210.415,-20.614,36.504,3.000,-36.194,28.561,4.478
210.421,-20.927,47.016,3.000,-35.171,30.089,5.803
210.427,-20.927,47.016,3.000,-35.912,31.417,5.764
210.433,-20.927,47.016,3.000,-37.333,31.891,6.369
210.438,-20.614,48.185,3.000,-38.247,33.702,6.729
210.444,-20.614,48.185,3.000,-38.225,34.344,5.871
210.450,-20.614,48.185,3.000,-37.769,35.404,5.511
210.456,-20.614,48.185,3.000,-39.074,38.188,3.214
210.462,-20.000,47.597,3.000,-42.517,44.881,2.003
210.467,-19.697,47.016,3.000,-44.925,50.812,1.936
210.473,-19.697,46.439,3.000,-44.814,54.248,1.532
210.479,-19.697,46.439,3.000,-42.852,58.825,1.716
210.484,-19.697,45.304,3.000,-43.954,64.563,0.816
210.490,-19.697,45.304,3.000,-44.662,68.597,0.597
210.496,-19.697,45.304,3.000,-44.930,68.191,2.136
210.502,-19.697,45.304,3.000,-44.782,68.393,3.474
210.507,-19.101,39.441,3.000,-44.693,67.987,3.928
210.513,-19.101,39.441,3.000,-45.410,67.722,3.318
210.519,-18.808,34.642,3.000,-44.609,64.332,2.996
210.525,-18.808,34.642,3.000,-43.805,62.452,2.272
210.530,-18.808,33.739,3.000,-44.505,64.320,-0.054
210.536,-18.808,33.739,3.000,-45.577,66.880,-0.885
210.541,-18.808,33.739,3.000,-43.162,67.138,-1.545
210.547,-18.808,31.560,3.000,-43.169,70.416,-2.244
210.553,-18.808,31.560,3.000,-42.867,70.163,-1.577
210.558,-18.808,28.693,3.000,-42.198,69.426,-1.328
210.564,-18.808,28.693,3.000,-41.506,69.134,-0.208
210.569,-18.808,28.693,3.000,-40.336,68.355,0.916
210.575,-18.808,28.693,3.000,-39.587,68.347,0.549
210.581,-18.808,23.889,3.000,-40.276,69.986,0.369
210.586,-18.808,23.889,3.000,-41.900,74.896,-0.147
210.592,-18.808,23.206,3.000,-43.014,76.361,1.098
210.598,-18.808,19.697,3.000,-44.231,78.146,2.662
210.603,-18.808,19.697,3.000,-46.218,80.341,1.991
210.609,-18.808,15.007,3.000,-46.942,81.657,2.249
210.614,-18.808,15.007,3.000,-47.984,81.932,2.729
210.620,-17.665,7.698,3.000,-49.889,82.955,2.183
210.626,-17.665,7.698,3.000,-50.447,82.533,0.964
210.631,-15.517,2.399,3.000,-51.168,80.109,0.020
210.637,-15.517,2.399,3.000,-51.121,78.968,-1.037
210.642,-15.517,2.399,3.000,-51.369,82.373,-2.137
210.648,-15.517,2.399,3.000,-51.868,83.700,-2.609
210.653,-15.517,2.399,3.000,-52.322,86.262,-2.493
210.658,-7.333,-0.297,3.000,-53.103,84.472,-0.587
210.664,-7.333,-0.297,3.000,-51.856,83.900,2.092
210.669,-6.796,-0.297,3.000,-52.734,84.841,4.146
210.675,-6.796,-0.297,3.000,-52.426,84.006,6.059
210.680,-6.796,-0.297,3.000,-51.942,81.720,5.710
210.685,-5.254,-0.595,3.000,-54.211,84.138,3.845
210.691,-4.274,-0.744,3.000,-55.117,86.086,2.869
210.697,-4.274,-0.744,3.000,-53.937,88.173,1.720
210.702,-4.274,-0.744,3.000,-53.861,89.551,1.746
210.708,-1.793,-0.744,3.000,-54.096,90.822,2.519
210.714,-1.192,-0.893,3.000,-54.328,91.132,2.500
210.719,-1.192,-0.893,3.000,-53.702,92.008,0.652
210.724,-1.192,-0.893,3.000,-53.636,88.513,1.579
210.729,-1.192,-0.893,3.000,-53.596,86.140,1.408
210.735,-1.192,-0.893,3.000,-53.986,87.653,0.363
210.740,-1.192,-0.893,3.000,-54.943,86.882,0.841
210.745,-0.297,-1.042,3.000,-54.697,84.475,2.745
210.751,-0.297,-1.042,3.000,-54.393,84.900,4.721
210.756,-0.297,-1.042,3.000,-53.775,84.377,5.240
210.761,-0.148,-1.192,3.000,-53.835,84.424,7.904
210.768,-0.148,-1.341,3.000,-53.662,83.976,6.700
210.774,-0.148,-1.341,3.000,-53.677,87.514,4.609
210.779,-0.148,-1.341,3.000,-54.574,90.078,3.856
210.786,-0.148,-1.042,3.000,-53.081,89.292,4.444
210.791,-0.148,-1.042,3.000,-52.435,91.387,4.788
210.796,0.000,-1.042,3.000,-52.709,91.229,5.741
210.803,0.000,-1.042,3.000,-52.778,91.402,5.957
210.810,0.000,-1.042,3.000,-54.406,93.311,5.021
210.816,0.000,-1.042,3.000,-54.919,95.664,4.711
210.823,0.000,-1.042,3.000,-55.635,95.905,4.348
210.828,0.000,-0.893,3.000,-55.124,94.669,4.193
210.835,0.000,-0.893,3.000,-54.289,94.817,4.111
210.841,0.000,-0.893,3.000,-54.014,90.446,4.505
210.848,0.000,-0.893,3.000,-54.646,92.899,4.678
210.855,0.000,-1.042,3.000,-55.132,96.741,4.832
210.861,0.000,-1.042,3.000,-54.139,94.950,4.670
210.866,0.000,-1.042,3.000,-54.010,96.161,4.375
210.871,0.000,-1.042,3.000,-53.323,98.165,4.799
210.878,0.000,-1.042,3.000,-52.303,95.345,3.659
210.885,0.000,-1.642,3.000,-53.070,95.109,4.379
210.892,0.000,-1.642,3.000,-53.974,96.069,4.499
210.897,0.000,-2.247,3.000,-52.995,95.175,3.845
210.902,0.000,-2.247,3.000,-52.395,91.648,2.907
210.908,0.000,-2.399,3.000,-51.743,91.228,5.255
210.914,0.000,-2.399,3.000,-51.593,89.888,5.664
210.921,0.000,-2.859,3.000,-52.903,94.135,6.161
210.926,0.000,-2.859,3.000,-53.683,96.513,6.752
210.931,0.000,-3.169,3.000,-54.285,95.975,7.237
210.936,0.000,-3.169,3.000,-53.002,94.630,8.158
210.941,0.000,-3.169,3.000,-53.593,93.221,8.366
210.946,0.000,-3.955,3.000,-54.177,91.448,8.148
210.951,0.000,-3.955,3.000,-54.961,93.094,8.124
210.956,0.000,-3.955,3.000,-55.796,95.831,7.283
210.961,0.000,-4.274,3.000,-55.212,96.727,7.622
210.966,0.000,-4.597,3.000,-53.295,97.440,7.840
210.973,0.000,-4.597,3.000,-53.943,99.179,7.182
210.979,0.000,-4.597,3.000,-53.093,98.387,7.264
210.985,0.000,-6.272,3.000,-52.975,94.859,6.427
210.991,0.000,-6.272,3.000,-50.986,92.905,7.359
210.996,0.000,-7.153,3.000,-49.444,91.020,7.090
211.003,0.000,-7.153,3.000,-50.185,91.967,8.859
211.008,0.000,-9.615,3.000,-49.974,91.751,9.441
211.013,0.297,-15.007,3.000,-48.641,87.657,9.134
211.019,0.297,-15.007,3.000,-47.323,85.693,9.595
211.024,0.297,-15.007,3.000,-45.727,82.013,9.907
211.029,0.297,-15.007,3.000,-45.855,79.195,10.558
211.035,0.297,-15.007,3.000,-46.362,76.053,10.309
211.040,0.744,-23.889,3.000,-46.818,76.757,10.710
211.046,0.744,-23.889,3.000,-47.115,76.388,9.919
211.052,1.642,-40.977,3.000,-47.882,76.909,8.814
211.057,1.642,-40.977,3.000,-47.120,76.216,8.701
211.063,2.095,-44.744,3.000,-46.467,76.543,8.959
211.069,2.095,-44.744,3.000,-45.110,76.821,9.683
211.074,5.589,-64.096,3.000,-43.555,76.545,11.024
211.080,5.589,-64.096,3.000,-41.589,75.248,12.389
211.086,5.589,-64.096,3.000,-40.379,74.952,12.375
211.091,5.589,-64.096,3.000,-37.745,73.726,11.707
211.097,8.445,-102.835,3.000,-36.723,73.821,9.977
211.103,8.445,-102.835,3.000,-36.121,74.487,9.915
211.109,8.068,-105.008,3.000,-33.274,72.479,9.584
211.114,8.068,-105.008,3.000,-30.858,68.540,9.600
211.120,8.068,-105.008,3.000,-29.798,64.978,8.765
211.126,8.068,-105.008,3.000,-29.474,61.585,9.042
211.132,7.698,-123.743,3.000,-29.665,56.449,8.803
211.137,7.698,-123.743,3.000,-30.343,51.380,8.478
211.143,7.515,-135.393,3.000,-30.389,47.094,7.403
211.149,7.515,-135.393,3.000,-29.937,47.667,5.922
211.154,7.515,-135.393,3.000,-26.281,35.927,4.324
211.160,7.515,-135.393,3.000,-13.682,31.444,-0.532
211.166,7.515,-135.393,3.000,4.774,24.692,1.645
211.171,7.515,-135.393,3.000,4.774,24.692,1.645
211.176,7.515,-135.393,3.000,4.774,24.692,1.645
211.182,7.515,-135.393,3.000,4.774,24.692,1.645
211.187,7.515,-135.393,3.000,4.774,24.692,1.645
211.192,7.515,-135.393,3.000,4.774,24.692,1.645
211.198,7.515,-135.393,3.000,4.774,24.692,1.645
211.203,7.515,-135.393,3.000,4.774,24.692,1.645
211.208,7.515,-135.393,3.000,4.774,24.692,1.645
211.214,7.515,-135.393,3.000,4.774,24.692,1.645
211.219,7.515,-135.393,3.000,4.774,24.692,1.645
211.224,7.515,-135.393,3.000,4.774,24.692,1.645
211.230,7.515,-135.393,3.000,4.774,24.692,1.645
211.235,7.515,-135.393,3.000,4.774,24.692,1.645
211.240,7.515,-135.393,3.000,4.774,24.692,1.645
211.245,7.515,-135.393,3.000,4.774,24.692,1.645
211.251,7.515,-135.393,3.000,4.774,24.692,1.645
211.256,7.515,-135.393,3.000,4.774,24.692,1.645
211.261,7.515,-135.393,3.000,4.774,24.692,1.645
211.267,7.515,-135.393,3.000,4.774,24.692,1.645
211.272,7.515,-135.393,3.000,4.774,24.692,1.645
211.278,7.515,-135.393,3.000,4.774,24.692,1.645
211.283,7.515,-135.393,3.000,4.774,24.692,1.645
211.288,7.515,-135.393,3.000,4.774,24.692,1.645
211.294,7.515,-135.393,3.000,4.774,24.692,1.645
211.299,7.515,-135.393,3.000,4.774,24.692,1.645
211.304,7.515,-135.393,3.000,4.774,24.692,1.645
211.310,7.515,-135.393,3.000,4.774,24.692,1.645
211.315,7.515,-135.393,3.000,4.774,24.692,1.645
211.320,7.515,-135.393,3.000,4.774,24.692,1.645
211.326,7.515,-135.393,3.000,4.774,24.692,1.645
211.331,7.515,-135.393,3.000,4.774,24.692,1.645
211.336,7.515,-135.393,3.000,4.774,24.692,1.645
211.341,7.515,-135.393,3.000,4.774,24.692,1.645
211.347,7.515,-135.393,3.000,4.774,24.692,1.645
211.352,7.515,-135.393,3.000,4.774,24.692,1.645
211.357,7.515,-135.393,3.000,4.774,24.692,1.645
211.363,7.515,-135.393,3.000,4.774,24.692,1.645
211.368,7.515,-135.393,3.000,4.774,24.692,1.645
211.373,7.515,-135.393,3.000,4.774,24.692,1.645
211.378,7.515,-135.393,3.000,4.774,24.692,1.645
211.384,7.515,-135.393,3.000,4.774,24.692,1.645
211.389,7.515,-135.393,3.000,4.774,24.692,1.645
211.394,7.515,-135.393,3.000,4.774,24.692,1.645
211.399,7.515,-135.393,3.000,4.774,24.692,1.645
211.405,7.515,-135.393,3.000,4.774,24.692,1.645
211.410,7.515,-135.393,3.000,4.774,24.692,1.645
211.415,7.515,-135.393,3.000,4.774,24.692,1.645
211.420,7.515,-135.393,3.000,4.774,24.692,1.645
211.425,7.515,-135.393,3.000,4.774,24.692,1.645
211.430,7.515,-135.393,3.000,4.774,24.692,1.645
211.435,7.515,-135.393,3.000,4.774,24.692,1.645
211.441,7.515,-135.393,3.000,4.774,24.692,1.645
211.446,7.515,-135.393,3.000,4.774,24.692,1.645
211.451,7.515,-135.393,3.000,4.774,24.692,1.645
211.456,7.515,-135.393,3.000,4.774,24.692,1.645
211.461,7.515,-135.393,3.000,4.774,24.692,1.645
211.466,7.515,-135.393,3.000,4.774,24.692,1.645
211.471,7.515,-135.393,3.000,4.774,24.692,1.645
211.477,7.515,-135.393,3.000,4.774,24.692,1.645
211.482,7.515,-135.393,3.000,4.774,24.692,1.645
211.487,7.515,-135.393,3.000,4.774,24.692,1.645
211.492,7.515,-135.393,3.000,4.774,24.692,1.645
211.497,7.515,-135.393,3.000,4.774,24.692,1.645
211.502,7.515,-135.393,3.000,4.774,24.692,1.645
211.507,7.515,-135.393,3.000,4.774,24.692,1.645
211.513,7.515,-135.393,3.000,4.774,24.692,1.645
211.518,7.515,-135.393,3.000,4.774,24.692,1.645
211.523,7.515,-135.393,3.000,4.774,24.692,1.645
211.528,7.515,-135.393,3.000,4.774,24.692,1.645
211.533,7.515,-135.393,3.000,4.774,24.692,1.645
211.538,7.515,-135.393,3.000,4.774,24.692,1.645
211.543,7.515,-135.393,3.000,4.774,24.692,1.645
211.548,7.515,-135.393,3.000,4.774,24.692,1.645
211.554,7.515,-135.393,3.000,4.774,24.692,1.645
211.559,7.515,-135.393,3.000,4.774,24.692,1.645
211.564,7.515,-135.393,3.000,4.774,24.692,1.645
211.569,7.515,-135.393,3.000,4.774,24.692,1.645
211.574,7.515,-135.393,3.000,4.774,24.692,1.645
211.579,7.515,-135.393,3.000,4.774,24.692,1.645
211.584,7.515,-135.393,3.000,4.774,24.692,1.645
211.589,7.515,-135.393,3.000,4.774,24.692,1.645
211.595,7.515,-135.393,3.000,4.774,24.692,1.645
211.600,7.515,-135.393,3.000,4.774,24.692,1.645
211.605,7.515,-135.393,3.000,4.774,24.692,1.645
211.610,7.515,-135.393,3.000,4.774,24.692,1.645
211.615,7.515,-135.393,3.000,4.774,24.692,1.645
211.620,7.515,-135.393,3.000,4.774,24.692,1.645
211.625,7.515,-135.393,3.000,4.774,24.692,1.645
211.630,7.515,-135.393,3.000,4.774,24.692,1.645
211.636,7.515,-135.393,3.000,4.774,24.692,1.645
211.641,7.515,-135.393,3.000,4.774,24.692,1.645
211.646,7.515,-135.393,3.000,4.774,24.692,1.645
211.651,7.515,-135.393,3.000,4.774,24.692,1.645
211.656,7.515,-135.393,3.000,4.774,24.692,1.645
211.661,7.515,-135.393,3.000,4.774,24.692,1.645
211.666,7.515,-135.393,3.000,4.774,24.692,1.645
211.671,7.515,-135.393,3.000,4.774,24.692,1.645
211.676,7.515,-135.393,3.000,4.774,24.692,1.645
211.681,7.515,-135.393,3.000,4.774,24.692,1.645
211.686,7.515,-135.393,3.000,4.774,24.692,1.645
211.691,7.515,-135.393,3.000,4.774,24.692,1.645
211.696,7.515,-135.393,3.000,4.774,24.692,1.645
211.701,7.515,-135.393,3.000,4.774,24.692,1.645
211.706,7.515,-135.393,3.000,4.774,24.692,1.645
211.712,7.515,-135.393,3.000,4.774,24.692,1.645
211.717,7.515,-135.393,3.000,4.774,24.692,1.645
211.722,7.515,-135.393,3.000,4.774,24.692,1.645
211.727,7.515,-135.393,3.000,4.774,24.692,1.645
211.732,7.515,-135.393,3.000,4.774,24.692,1.645
211.737,7.515,-135.393,3.000,4.774,24.692,1.645
211.742,7.515,-135.393,3.000,4.774,24.692,1.645
211.747,7.515,-135.393,3.000,4.774,24.692,1.645
211.752,7.515,-135.393,3.000,4.774,24.692,1.645
211.757,7.515,-135.393,3.000,4.774,24.692,1.645
211.762,7.515,-135.393,3.000,4.774,24.692,1.645
211.767,7.515,-135.393,3.000,4.774,24.692,1.645
211.772,7.515,-135.393,3.000,4.774,24.692,1.645
211.778,7.515,-135.393,3.000,4.774,24.692,1.645
211.783,7.515,-135.393,3.000,4.774,24.692,1.645
211.788,7.515,-135.393,3.000,4.774,24.692,1.645
211.793,7.515,-135.393,3.000,4.774,24.692,1.645
211.798,7.515,-135.393,3.000,4.774,24.692,1.645
211.803,7.515,-135.393,3.000,4.774,24.692,1.645
211.808,7.515,-135.393,3.000,4.774,24.692,1.645
211.813,7.515,-135.393,3.000,4.774,24.692,1.645
211.818,7.515,-135.393,3.000,4.774,24.692,1.645
211.823,7.515,-135.393,3.000,4.774,24.692,1.645
211.828,7.515,-135.393,3.000,4.774,24.692,1.645
211.833,7.515,-135.393,3.000,4.774,24.692,1.645
211.838,7.515,-135.393,3.000,4.774,24.692,1.645
211.843,7.515,-135.393,3.000,4.774,24.692,1.645
211.848,7.515,-135.393,3.000,4.774,24.692,1.645
211.854,7.515,-135.393,3.000,4.774,24.692,1.645
211.859,7.515,-135.393,3.000,4.774,24.692,1.645
211.864,7.515,-135.393,3.000,4.774,24.692,1.645
211.869,7.515,-135.393,3.000,4.774,24.692,1.645
211.874,7.515,-135.393,3.000,4.774,24.692,1.645
211.879,7.515,-135.393,3.000,4.774,24.692,1.645
211.884,7.515,-135.393,3.000,4.774,24.692,1.645
211.889,7.515,-135.393,3.000,4.774,24.692,1.645
211.894,7.515,-135.393,3.000,4.774,24.692,1.645
211.899,7.515,-135.393,3.000,4.774,24.692,1.645
211.904,7.515,-135.393,3.000,4.774,24.692,1.645
211.909,7.515,-135.393,3.000,4.774,24.692,1.645
211.914,7.515,-135.393,3.000,4.774,24.692,1.645
211.919,7.515,-135.393,3.000,4.774,24.692,1.645
211.924,7.515,-135.393,3.000,4.774,24.692,1.645
211.930,7.515,-135.393,3.000,4.774,24.692,1.645
211.935,7.515,-135.393,3.000,4.774,24.692,1.645
211.940,7.515,-135.393,3.000,4.774,24.692,1.645
211.945,7.515,-135.393,3.000,4.774,24.692,1.645
211.950,7.515,-135.393,3.000,4.774,24.692,1.645
211.955,7.515,-135.393,3.000,4.774,24.692,1.645
211.960,7.515,-135.393,3.000,4.774,24.692,1.645
211.965,7.515,-135.393,3.000,4.774,24.692,1.645
211.970,7.515,-135.393,3.000,4.774,24.692,1.645
211.975,7.515,-135.393,3.000,4.774,24.692,1.645
211.980,7.515,-135.393,3.000,4.774,24.692,1.645
211.985,7.515,-135.393,3.000,4.774,24.692,1.645
211.991,7.515,-135.393,3.000,4.774,24.692,1.645
211.996,7.515,-135.393,3.000,4.774,24.692,1.645
212.001,7.515,-135.393,3.000,4.774,24.692,1.645
212.006,7.515,-135.393,3.000,4.774,24.692,1.645
212.011,7.515,-135.393,3.000,4.774,24.692,1.645
212.016,7.515,-135.393,3.000,4.774,24.692,1.645
212.021,7.515,-135.393,3.000,4.774,24.692,1.645
212.026,7.515,-135.393,3.000,4.774,24.692,1.645
212.031,7.515,-135.393,3.000,4.774,24.692,1.645