R
Px,Ix,Dx,Py,Iy,Dy,Pz,Iz,FFrx,FFry,FFdrx,FFdry,satI,satPID,DTermC,GparamC,AparamC,KFQAng,KFQbias,KFRmeas,CPx,CIx,CPy,CIy,CsatI,CsatPID,CFFdrx,CFFdry,CFalpha,FFDTermC,IRelaxR,IRelaxE,DmaxR,DmaxE,DMx,DMy
175,0,1900,200,0,2100,500,150,0,0,0,0,7,75,10,10.0,64.0,0.000100,0.003000,50,30,0,30,0,75,300,0,0,0.995,10.000,300,100,300,100,1900,2100
sysTime,PIDRefX,PIDRefY,PIDRefZ,PIDSensX,PIDSensY,PIDSensZ
80.570,0.000,-0.297,1.000,1.157,0.042,-0.474
80.575,0.000,-0.297,1.000,1.157,0.042,-0.474
80.580,0.000,-0.297,1.000,1.157,0.042,-0.474
80.585,0.000,-0.297,1.000,1.157,0.042,-0.474
80.591,0.000,-0.297,1.000,1.157,0.042,-0.474
80.596,0.000,-0.297,1.000,1.157,0.042,-0.474
80.601,0.000,-0.297,1.000,1.157,0.042,-0.474
80.606,0.000,-0.297,1.000,1.157,0.042,-0.474
80.611,0.000,-0.297,1.000,1.157,0.042,-0.474
80.616,0.000,-0.297,1.000,1.157,0.042,-0.474
80.621,0.000,-0.297,1.000,1.157,0.042,-0.474
80.626,0.000,-0.297,1.000,1.157,0.042,-0.474
80.631,0.000,-0.297,1.000,1.157,0.042,-0.474
80.636,0.000,-0.297,1.000,1.157,0.042,-0.474
80.641,0.000,-0.297,1.000,1.157,0.042,-0.474
80.646,0.000,-0.297,1.000,1.157,0.042,-0.474
80.651,0.000,-0.297,1.000,1.157,0.042,-0.474
80.656,0.000,-0.297,1.000,1.157,0.042,-0.474
80.661,0.000,-0.297,1.000,1.157,0.042,-0.474
80.667,0.000,-0.297,1.000,1.157,0.042,-0.474
80.672,0.000,-0.297,1.000,1.157,0.042,-0.474
80.677,0.000,-0.297,1.000,1.157,0.042,-0.474
80.682,0.000,-0.297,1.000,1.157,0.042,-0.474
80.687,0.000,-0.297,1.000,1.157,0.042,-0.474
80.692,0.000,-0.297,1.000,1.157,0.042,-0.474
80.697,0.000,-0.297,1.000,1.157,0.042,-0.474
80.702,0.000,-0.297,1.000,1.157,0.042,-0.474
80.707,0.000,-0.297,1.000,1.157,0.042,-0.474
80.712,0.000,-0.297,1.000,1.157,0.042,-0.474
80.717,0.000,-0.297,1.000,1.157,0.042,-0.474
80.722,0.000,-0.297,1.000,1.157,0.042,-0.474
80.727,0.000,-0.297,1.000,1.157,0.042,-0.474
80.732,0.000,-0.297,1.000,1.157,0.042,-0.474
80.737,0.000,-0.297,1.000,1.157,0.042,-0.474
80.743,0.000,-0.297,1.000,1.157,0.042,-0.474
80.748,0.000,-0.297,1.000,1.157,0.042,-0.474
80.753,0.000,-0.297,1.000,1.157,0.042,-0.474
80.758,0.000,-0.297,1.000,1.157,0.042,-0.474
80.763,0.000,-0.297,1.000,1.157,0.042,-0.474
80.768,0.000,-0.297,1.000,1.157,0.042,-0.474
80.773,0.000,-0.297,1.000,1.157,0.042,-0.474
80.778,0.000,-0.297,1.000,1.157,0.042,-0.474
80.783,0.000,-0.297,1.000,1.157,0.042,-0.474
80.788,0.000,-0.297,1.000,1.157,0.042,-0.474
80.793,0.000,-0.297,1.000,1.157,0.042,-0.474
80.798,0.000,-0.297,1.000,1.157,0.042,-0.474
80.803,0.000,-0.297,1.000,1.157,0.042,-0.474
80.808,0.000,-0.297,1.000,1.157,0.042,-0.474
80.814,0.000,-0.297,1.000,1.157,0.042,-0.474
80.819,0.000,-0.297,1.000,1.157,0.042,-0.474
80.824,0.000,-0.297,1.000,1.157,0.042,-0.474
80.829,0.000,-0.297,1.000,1.157,0.042,-0.474
80.834,0.000,-0.297,1.000,1.157,0.042,-0.474
80.839,0.000,-0.297,1.000,1.157,0.042,-0.474
80.844,0.000,-0.297,1.000,1.157,0.042,-0.474
80.849,0.000,-0.297,1.000,1.157,0.042,-0.474
80.854,0.000,-0.297,1.000,1.157,0.042,-0.474
80.859,0.000,-0.297,1.000,1.157,0.042,-0.474
80.864,0.000,-0.297,1.000,1.157,0.042,-0.474
80.869,0.000,-0.297,1.000,1.157,0.042,-0.474
80.875,0.000,-0.297,1.000,1.157,0.042,-0.474
80.880,0.000,-0.297,1.000,1.157,0.042,-0.474
80.885,0.000,-0.297,1.000,1.157,0.042,-0.474
80.890,0.000,-0.297,1.000,1.157,0.042,-0.474
80.895,0.000,-0.297,1.000,1.157,0.042,-0.474
80.900,0.000,-0.297,1.000,1.157,0.042,-0.474
80.905,0.000,-0.297,1.000,1.157,0.042,-0.474
80.910,0.000,-0.297,1.000,1.157,0.042,-0.474
80.915,0.000,-0.297,1.000,1.157,0.042,-0.474
80.920,0.000,-0.297,1.000,1.157,0.042,-0.474
80.925,0.000,-0.297,1.000,1.157,0.042,-0.474
80.930,0.000,-0.297,1.000,1.157,0.042,-0.474
80.935,0.000,-0.297,1.000,1.157,0.042,-0.474
80.940,0.000,-0.297,1.000,1.157,0.042,-0.474
80.945,0.000,-0.297,1.000,1.157,0.042,-0.474
80.950,0.000,-0.297,1.000,1.157,0.042,-0.474
80.956,0.000,-0.297,1.000,1.157,0.042,-0.474
80.961,0.000,-0.297,1.000,1.157,0.042,-0.474
80.966,0.000,-0.297,1.000,1.157,0.042,-0.474
80.971,0.000,-0.297,1.000,1.157,0.042,-0.474
80.976,0.000,-0.297,1.000,1.157,0.042,-0.474
80.981,0.000,-0.297,1.000,1.157,0.042,-0.474
80.986,0.000,-0.297,1.000,1.157,0.042,-0.474
80.991,0.000,-0.297,1.000,1.157,0.042,-0.474
80.996,0.000,-0.297,1.000,1.157,0.042,-0.474
81.001,0.000,-0.297,1.000,1.157,0.042,-0.474
81.006,0.000,-0.297,1.000,1.157,0.042,-0.474
81.011,0.000,-0.297,1.000,1.157,0.042,-0.474
81.016,0.000,-0.297,1.000,1.157,0.042,-0.474
81.021,0.000,-0.297,1.000,1.157,0.042,-0.474
81.027,0.000,-0.297,1.000,1.157,0.042,-0.474
81.032,0.000,-0.297,1.000,1.157,0.042,-0.474
81.037,0.000,-0.297,1.000,1.157,0.042,-0.474
81.042,0.000,-0.297,1.000,1.157,0.042,-0.474
81.047,0.000,-0.297,1.000,1.157,0.042,-0.474
81.052,0.000,-0.297,1.000,1.157,0.042,-0.474
81.057,0.000,-0.297,1.000,1.157,0.042,-0.474
81.062,0.000,-0.297,1.000,1.157,0.042,-0.474
81.067,0.000,-0.297,1.000,1.157,0.042,-0.474
81.072,0.000,-0.297,1.000,1.157,0.042,-0.474
81.077,0.000,-0.297,1.000,1.157,0.042,-0.474
81.082,0.000,-0.297,1.000,1.157,0.042,-0.474
81.087,0.000,-0.297,1.000,1.157,0.042,-0.474
81.092,0.000,-0.297,1.000,1.157,0.042,-0.474
81.097,0.000,-0.297,1.000,1.157,0.042,-0.474
81.103,0.000,-0.297,1.000,-0.384,-0.748,-0.618
81.110,0.000,-0.297,1.000,-0.877,-0.517,-1.246
81.116,0.000,-0.297,1.000,-0.921,0.686,-1.067
81.122,0.000,-0.297,1.000,-1.147,0.575,-1.311
81.128,0.000,-0.297,1.000,-1.205,0.394,-1.097
81.134,0.000,-0.297,1.000,-1.362,-0.299,-0.926
81.141,0.000,-0.297,1.000,-1.326,0.202,-1.031
81.147,0.000,-0.297,1.000,-0.470,-0.429,-0.431
81.153,0.000,-0.297,1.000,-0.121,-0.427,0.632
81.159,0.000,-0.297,1.000,-0.798,-0.626,-0.191
81.165,0.000,-0.297,1.000,-0.630,-0.990,-1.208
81.172,0.000,-0.297,1.000,-0.032,-1.718,-1.203
81.178,0.000,-0.297,1.000,0.435,-1.202,-2.097
81.184,0.000,-0.297,1.000,0.511,-0.934,-1.192
81.190,0.000,-0.297,1.000,0.045,-0.283,-1.024
81.196,0.000,-0.297,1.000,-0.490,-0.109,-0.748
81.202,0.000,-0.297,1.000,0.117,0.246,-0.722
81.209,0.000,-0.297,1.000,0.034,0.529,-1.518
81.215,0.000,-0.297,1.000,-0.225,-0.125,-1.905
81.221,0.000,-0.297,1.000,0.234,-0.343,-1.185
81.227,0.000,-0.297,1.000,0.095,0.812,-1.286
81.233,0.000,-0.297,1.000,-0.195,2.035,-0.286
81.240,0.000,-0.297,1.000,1.015,-0.001,1.319
81.246,0.000,-0.297,1.000,1.166,0.173,-0.923
81.252,0.000,-0.297,1.000,0.734,-0.352,-0.794
81.258,0.000,-0.297,1.000,0.906,-0.811,-0.006
81.264,0.000,-0.297,1.000,0.653,-0.858,1.382
81.271,0.000,-0.297,1.000,0.410,-0.676,0.367
81.277,0.000,-0.297,1.000,-0.394,0.394,-0.423
81.283,0.000,-0.297,1.000,0.060,-0.681,-0.284
81.289,0.000,-0.297,1.000,-0.343,-0.702,-0.377
81.295,0.000,-0.297,1.000,0.218,-0.907,-0.060
81.302,0.000,-0.297,1.000,-0.022,-1.276,0.539
81.308,0.000,-0.297,1.000,-0.269,-1.509,-1.562
81.314,0.000,-0.297,1.000,-0.486,-1.480,-0.009
81.320,0.000,-0.297,1.000,0.252,-1.291,-1.357
81.326,0.000,-0.297,1.000,0.687,-1.054,-0.691
81.333,0.000,-0.297,1.000,0.512,0.094,-1.408
81.339,0.000,-0.297,1.000,-0.103,0.491,-2.754
81.345,0.000,-0.297,1.000,0.403,-1.004,-2.235
81.351,0.000,-0.297,1.000,0.546,-1.401,-0.826
81.357,0.000,-0.297,1.000,1.201,-1.309,0.132
81.364,0.000,-0.297,1.000,0.036,0.048,0.308
81.370,0.000,-0.297,1.000,0.794,0.636,2.562
81.376,0.000,-0.297,1.000,0.341,0.714,3.048
81.382,0.000,-0.297,1.000,0.707,0.908,2.861
81.388,0.000,-0.297,1.000,0.557,0.569,2.918
81.395,0.000,-0.297,1.000,0.784,1.345,1.901
81.401,0.000,-0.297,1.000,2.298,0.331,1.421
81.407,0.000,-0.297,1.000,2.334,0.671,0.374
81.413,0.000,-0.297,1.000,1.652,0.184,0.152
81.419,0.000,-0.297,1.000,1.370,-0.812,-0.397
81.425,0.000,-0.297,1.000,1.359,-1.523,-0.500
81.432,0.000,-0.297,1.000,1.855,-2.180,-0.948
81.438,0.000,-0.297,1.000,1.061,-1.344,-1.919
81.444,0.000,-0.297,1.000,0.315,-1.160,-0.978
81.450,0.000,-0.297,1.000,0.693,0.643,-0.863
81.457,0.000,-0.297,1.000,-0.143,-0.011,-0.804
81.463,0.000,-0.297,1.000,0.770,-0.710,-0.283
81.469,0.000,-0.297,1.000,0.628,-0.357,-0.078
81.475,0.000,-0.297,1.000,0.877,0.356,1.047
81.481,0.000,-0.297,1.000,1.142,0.008,0.257
81.487,0.000,-0.297,1.000,1.117,0.281,0.273
81.494,0.000,-0.297,1.000,1.784,-0.097,2.077
81.500,0.000,-0.297,1.000,1.778,0.956,1.906
81.506,0.000,-0.297,1.000,1.080,-0.007,1.429
81.512,0.000,-0.297,1.000,-0.114,-0.740,0.729
81.518,0.000,-0.297,1.000,0.422,-0.414,1.047
81.525,0.000,-0.297,1.000,0.118,-1.071,1.125
81.531,0.000,-0.297,1.000,-0.089,-1.379,1.103
81.537,0.000,-0.297,1.000,-0.824,-0.973,1.281
81.543,0.000,-0.297,1.000,-0.401,-0.585,1.917
81.549,0.000,-0.297,1.000,-0.122,-0.636,0.412
81.556,0.000,-0.297,1.000,0.715,-1.583,0.499
81.562,0.000,-0.297,1.000,0.659,-0.245,-0.159
81.568,0.000,-0.297,1.000,1.096,-0.507,0.614
81.574,0.000,-0.297,1.000,1.114,-0.655,-0.245
81.580,0.000,-0.297,1.000,0.429,-1.266,0.350
81.586,0.000,-0.297,1.000,0.385,-0.636,-1.496
81.593,0.000,-0.297,1.000,-0.309,-0.525,-1.230
81.599,0.000,-0.297,1.000,0.089,-0.110,-0.929
81.605,0.000,-0.297,1.000,-0.124,-0.397,-1.777
81.611,0.000,-0.297,1.000,-0.485,-0.908,-0.933
81.618,0.000,-0.297,1.000,-0.386,-1.431,-1.187
81.624,0.000,-0.297,1.000,0.053,-0.613,-0.123
81.630,0.000,-0.297,1.000,-0.152,-1.106,-0.121
81.636,0.000,-0.297,1.000,0.539,-0.878,0.251
81.642,0.000,-0.297,1.000,-0.805,0.076,0.507
81.648,0.000,-0.297,1.000,-0.601,-0.357,0.832
81.655,0.000,-0.297,1.000,-0.090,0.187,-0.973
81.661,0.000,-0.297,1.000,-1.308,0.839,-1.233
81.667,0.000,-0.297,1.000,-1.647,0.595,-1.379
81.673,0.000,-0.297,1.000,-1.676,1.422,-3.748
81.679,0.000,-0.297,1.000,-1.451,0.965,-3.814
81.686,0.000,-0.297,1.000,-1.200,0.167,-1.380
81.692,0.000,-0.297,1.000,-0.263,0.143,-1.615
81.698,0.000,-0.297,1.000,-0.268,0.817,-2.118
81.704,0.000,-0.297,1.000,0.554,-0.404,-0.450
81.710,0.000,-0.297,1.000,0.552,-0.880,0.200
81.717,0.000,-0.297,1.000,0.304,-0.514,0.681
81.723,0.000,-0.297,1.000,-0.400,-0.317,1.292
81.729,0.000,-0.297,1.000,0.212,0.487,0.168
81.735,0.000,-0.297,1.000,-0.852,0.248,-0.495
81.742,0.000,-0.297,1.000,-1.386,-0.641,0.108
81.748,0.000,-0.297,1.000,-0.784,0.126,-0.601
81.754,0.000,-0.297,1.000,-0.157,-0.076,0.452
81.760,0.000,-0.297,1.000,0.329,-1.266,1.642
81.766,0.000,-0.297,1.000,0.168,-1.835,1.668
81.773,0.000,-0.297,1.000,0.102,-1.400,1.519
81.779,0.000,-0.297,1.000,0.933,-1.490,1.337
81.785,0.000,-0.297,1.000,0.502,-1.781,-0.989
81.791,0.000,-0.297,1.000,0.511,-1.718,0.962
81.798,0.000,-0.297,1.000,-0.530,0.107,0.923
81.804,0.000,-0.297,1.000,-0.295,0.714,1.031
81.810,0.000,-0.297,1.000,0.997,0.215,0.738
81.816,0.000,-0.297,1.000,0.272,-0.432,-0.598
81.823,0.000,-0.297,1.000,-0.330,-1.789,0.047
81.829,0.000,-0.297,1.000,-0.619,-1.782,1.230
81.835,0.000,-0.297,1.000,-0.103,-1.684,1.909
81.841,0.000,-0.297,1.000,-0.293,-2.051,1.006
81.848,0.000,-0.297,1.000,-0.777,-1.476,1.996
81.854,0.000,-0.297,1.000,0.357,-0.895,3.222
81.860,0.000,-0.297,1.000,1.651,-1.307,3.641
81.867,0.000,-0.297,1.000,2.705,-0.832,3.840
81.873,0.000,-0.297,1.000,2.360,-0.152,4.971
81.879,0.000,-0.297,1.000,0.174,-2.138,6.530
81.885,0.000,-0.297,1.000,1.911,-2.025,7.116
81.892,0.000,-0.297,1.000,4.016,-1.884,5.948
81.898,0.000,-0.297,1.000,5.822,-2.928,6.765
81.904,0.000,-0.297,1.000,9.718,-4.573,7.350
81.911,0.000,-0.297,1.000,11.749,-4.085,9.655
81.917,0.000,-0.297,1.000,12.569,-1.152,12.050
81.923,0.000,-0.297,1.000,12.456,2.761,12.885
81.929,0.000,-0.297,1.000,12.215,4.587,13.048
81.936,0.000,-0.297,1.000,13.412,4.811,12.388
81.942,0.000,-0.297,1.000,16.054,6.253,13.294
81.949,0.000,-0.297,1.000,17.050,9.048,14.480
81.955,0.000,-0.297,1.000,16.094,12.079,15.564
81.961,0.000,-0.297,1.000,15.686,11.244,15.327
81.967,0.000,-0.297,1.000,16.538,10.464,15.674
81.974,0.000,-0.297,1.000,16.296,8.361,15.250
81.980,0.000,-0.297,1.000,14.729,7.976,15.596
81.986,0.000,-0.297,1.000,12.170,9.449,15.108
81.993,0.000,-0.297,1.000,9.281,8.176,15.030
81.999,0.000,-0.297,1.000,6.927,6.405,14.388
82.005,0.000,-0.297,1.000,3.434,5.191,14.354
82.012,0.000,-0.297,1.000,-0.249,5.122,13.982
82.018,0.000,-0.297,1.000,-5.143,7.862,14.263
82.024,0.000,-0.297,1.000,-7.981,6.789,13.526
82.030,0.000,-0.297,1.000,-9.390,7.257,13.891
82.037,0.000,-0.297,1.000,-9.294,7.414,13.216
82.043,0.000,-0.297,1.000,-9.377,7.445,14.023
82.049,0.000,-0.297,1.000,-8.005,6.093,13.292
82.055,0.000,-0.297,1.000,-8.227,7.043,12.828
82.062,0.000,-0.297,1.000,-7.295,5.456,12.268
82.068,0.000,-0.297,1.000,-7.412,5.250,11.518
82.074,0.000,-0.297,1.000,-6.657,3.835,10.586
82.081,0.000,-0.297,1.000,-7.263,5.818,8.452
82.087,0.000,-0.297,1.000,-6.885,6.281,6.574
82.093,0.000,-0.297,1.000,-7.541,6.406,4.107
82.100,0.000,-0.297,1.000,-7.922,7.910,2.007
82.106,0.000,-0.297,1.000,-7.975,8.543,1.913
82.112,0.000,-0.297,1.000,-6.624,7.731,0.309
82.119,0.000,-0.297,1.000,-5.797,4.734,-0.321
82.125,0.000,-0.297,1.000,-6.052,1.630,-1.606
82.131,0.000,-0.297,1.000,-4.737,-0.915,-3.311
82.137,0.000,-0.297,1.000,-3.801,-2.194,-4.225
82.144,0.000,-0.297,1.000,-3.751,-2.074,-5.991
82.150,0.000,-0.297,1.000,-3.311,-1.639,-7.720
82.157,0.000,-0.297,1.000,-2.963,-3.367,-9.796
82.163,0.000,-0.297,1.000,-2.691,-3.844,-10.537
82.169,0.000,-0.297,1.000,-3.013,-4.554,-10.840
82.175,0.000,-0.297,1.000,-1.374,-6.711,-11.794
82.182,0.000,-0.297,1.000,-1.428,-7.421,-12.420
82.188,0.000,-0.297,1.000,-1.154,-9.077,-13.545
82.194,0.000,-0.297,1.000,-1.781,-6.831,-13.746
82.201,0.000,-0.297,1.000,-2.888,-7.451,-14.579
82.207,0.000,-0.297,1.000,-3.695,-6.534,-15.367
82.213,0.000,-0.446,1.000,-2.577,-7.982,-14.118
82.218,0.000,-0.446,1.000,-2.909,-6.388,-14.828
82.225,0.000,-0.446,1.000,-2.342,-7.833,-13.963
82.232,0.000,-0.446,1.000,-2.232,-8.389,-13.169
82.238,0.000,-0.446,1.000,-4.582,-8.021,-11.940
82.245,0.000,-0.446,1.000,-6.046,-8.687,-10.312
82.251,0.000,-0.446,1.000,-7.010,-10.171,-8.412
82.258,0.000,-0.446,1.000,-8.804,-9.263,-7.442
82.265,0.000,-0.446,1.000,-7.535,-10.445,-6.481
82.271,0.000,-0.744,1.000,-6.192,-10.974,-5.746
82.276,0.000,-0.744,1.000,-5.687,-10.080,-4.355
82.281,0.000,-2.247,1.000,-5.636,-14.027,-4.560
82.286,0.000,-1.642,1.000,-5.779,-17.739,-4.740
82.293,0.000,-1.642,1.000,-6.149,-16.722,-5.041
82.300,0.000,-1.642,1.000,-4.981,-14.312,-5.114
82.305,0.000,-1.642,1.000,-3.973,-17.129,-4.808
82.310,0.000,-1.192,1.000,-4.014,-19.128,-5.612
82.316,0.000,-1.192,1.000,-3.047,-18.598,-4.951
82.322,0.000,-1.192,1.000,-2.318,-17.991,-4.295
82.329,0.000,-1.642,1.000,-2.038,-15.814,-4.326
82.334,0.000,-1.642,1.000,-0.363,-16.491,-3.284
82.341,0.000,-1.642,1.000,-0.187,-11.334,-2.967
82.346,0.000,-1.642,1.000,0.901,-11.271,-3.428
82.351,0.000,-1.341,1.000,0.327,-10.251,-2.625
82.358,0.000,-1.341,1.000,0.993,-7.182,-0.798
82.365,0.000,-1.492,1.000,1.575,-4.944,-1.203
82.371,0.000,-1.492,1.000,1.167,-2.017,-1.150
82.378,0.000,-1.642,1.000,1.251,-0.048,-0.838
82.385,0.000,-1.642,1.000,0.031,0.510,-1.471
82.392,0.000,-1.642,1.000,-0.495,1.780,-1.411
82.398,0.000,-1.192,1.000,-1.448,3.411,-0.829
82.404,0.000,-1.192,1.000,-3.544,6.028,-1.450
82.411,0.000,-1.192,1.000,-2.267,3.679,0.355
82.417,0.000,-1.192,1.000,-2.496,4.119,0.016
82.423,0.000,-1.192,1.000,-2.384,6.609,0.034
82.430,0.000,-1.192,1.000,-0.797,4.784,0.105
82.436,0.000,-1.192,1.000,-0.002,2.670,0.594
82.442,0.000,-1.192,1.000,0.653,0.635,0.014
82.448,0.000,-1.192,1.000,0.691,-1.525,1.414
82.455,0.000,-1.192,1.000,2.101,-4.392,2.908
82.461,0.000,-1.192,1.000,1.775,-1.907,3.009
82.467,0.000,-1.192,1.000,2.500,-1.659,3.270
82.474,0.000,-1.192,1.000,2.124,1.505,4.865
82.480,0.000,-1.192,1.000,2.164,3.387,4.666
82.486,0.000,-1.192,1.000,3.816,6.612,4.434
82.493,0.000,-1.192,1.000,4.797,8.799,3.261
82.499,0.000,-1.192,1.000,4.682,12.081,3.131
82.505,0.000,-1.192,1.000,4.412,14.637,0.736
82.512,0.000,-1.192,1.000,5.438,14.169,0.241
82.518,0.000,-1.192,1.000,5.635,14.015,-1.369
82.524,0.000,-1.192,1.000,4.666,13.242,-1.438
82.531,0.000,-1.042,1.000,5.246,12.228,0.356
82.537,0.000,-1.042,1.000,6.872,13.933,1.091
82.544,0.000,-1.042,1.000,8.976,12.285,1.239
82.550,0.000,-1.192,1.000,8.077,10.016,2.982
82.557,0.000,-1.192,1.000,8.774,9.207,3.396
82.563,0.000,-1.642,1.000,8.993,9.428,4.416
82.568,0.000,-1.642,1.000,10.896,7.495,4.881
82.573,0.000,-1.944,1.000,10.448,7.808,3.845
82.580,0.000,-1.944,1.000,10.403,6.502,3.549
82.587,0.000,-1.944,1.000,8.433,6.915,3.540
82.593,0.000,-1.944,1.000,10.162,8.683,3.269
82.600,0.000,-1.944,1.000,8.725,9.109,2.498
82.605,0.000,-1.944,1.000,10.205,9.231,3.090
82.612,0.000,-2.552,1.000,9.486,9.354,3.153
82.619,0.000,-2.552,1.000,6.343,10.827,1.012
82.625,0.000,-3.796,1.000,6.950,11.943,2.161
82.632,0.000,-3.796,1.000,6.132,12.256,2.646
82.637,0.000,-3.796,1.000,5.090,14.700,1.758
82.642,0.000,-3.796,1.000,4.349,13.024,1.282
82.647,0.000,-3.796,1.000,3.786,13.620,1.583
82.652,0.000,-6.796,1.000,5.209,10.268,2.291
82.657,0.000,-6.796,1.000,7.098,9.658,2.578
82.664,0.000,-6.796,1.000,6.107,9.845,3.010
82.669,0.000,-6.796,1.000,8.721,8.181,3.016
82.676,0.000,-9.218,1.000,8.303,10.030,2.102
82.681,0.000,-9.218,1.000,11.385,9.372,1.774
82.688,0.000,-14.262,1.000,10.176,9.785,2.795
82.693,0.000,-14.262,1.000,11.520,8.500,2.676
82.698,0.000,-14.756,1.000,12.117,8.771,2.649
82.703,0.000,-15.517,1.000,12.864,12.327,0.680
82.708,0.000,-15.517,1.000,13.889,14.784,1.333
82.713,-0.297,-18.231,1.000,14.069,16.765,2.602
82.718,-0.297,-18.231,1.000,14.137,17.379,4.355
82.724,-0.297,-18.231,1.000,14.403,16.847,5.957
82.729,-0.446,-20.614,1.000,14.654,15.737,6.901
82.735,-0.446,-21.561,1.000,15.070,15.752,8.227
82.740,-0.446,-21.561,1.000,15.339,14.477,8.876
82.746,-0.446,-21.561,1.000,16.704,11.059,8.737
82.752,-0.446,-24.941,1.000,16.330,9.319,6.951
82.757,-0.446,-25.298,1.000,16.757,7.291,7.411
82.763,-0.446,-25.298,1.000,16.491,7.928,5.668
82.768,-0.446,-25.298,1.000,15.958,9.678,4.001
82.774,-0.446,-26.768,1.000,15.355,10.918,1.256
82.779,-0.446,-26.768,1.000,12.918,11.871,-1.123
82.785,-0.446,-26.768,1.000,10.331,12.777,-1.752
82.790,-0.446,-26.768,1.000,9.121,13.604,-1.849
82.796,-0.446,-26.768,1.000,10.031,12.521,-1.386
82.802,-0.446,-26.768,1.000,10.312,9.978,-0.838
82.807,-0.446,-26.768,1.000,9.931,8.678,0.023
82.813,-0.446,-31.560,1.000,9.164,7.819,1.247
82.818,-0.446,-31.138,1.000,9.489,5.533,3.073
82.824,-0.446,-31.138,1.000,10.614,2.705,5.218
82.830,-0.446,-31.138,1.000,12.244,1.527,5.370
82.835,-0.446,-30.720,1.000,14.291,-0.673,5.751
82.841,-0.446,-30.720,1.000,14.808,-0.832,4.608
82.846,-0.446,-30.720,1.000,13.969,-0.233,3.408
82.852,-0.446,-30.720,1.000,13.733,2.734,2.801
82.857,-0.446,-30.720,1.000,14.153,4.716,1.447
82.863,-0.446,-30.720,1.000,15.327,5.638,1.214
82.869,-0.446,-30.720,1.000,13.968,7.307,1.225
82.874,-0.446,-30.720,1.000,13.063,7.489,1.491
82.880,-0.446,-30.720,1.000,12.362,6.306,1.312
82.885,-0.446,-30.720,1.000,11.708,4.104,2.763
82.891,-0.446,-30.720,1.000,10.979,2.122,4.542
82.897,-0.446,-30.720,1.000,9.930,1.245,4.810
82.902,-0.595,-34.188,1.000,7.458,0.408,5.367
82.908,-0.595,-34.188,1.000,6.584,-2.907,8.441
82.913,-0.595,-37.950,1.000,8.724,-5.721,9.436
82.918,-0.595,-33.739,1.000,8.152,-7.735,9.379
82.924,-0.595,-33.739,1.000,8.043,-9.638,10.191
82.929,-0.595,-33.739,1.000,8.820,-9.963,8.034
82.934,-0.595,-33.294,1.000,7.825,-10.610,7.073
82.940,-0.595,-33.294,1.000,7.389,-12.088,5.824
82.945,-0.595,-33.294,1.000,7.185,-13.959,3.262
82.950,-0.595,-33.294,1.000,5.439,-13.575,-0.014
82.956,-0.595,-34.188,1.000,5.319,-15.114,-0.161
82.961,-0.595,-34.188,1.000,5.160,-16.628,0.402
82.966,-0.595,-34.188,1.000,4.114,-17.732,1.426
82.972,-0.595,-34.188,1.000,3.185,-18.361,1.788
82.977,-0.595,-34.188,1.000,5.093,-20.616,2.913
82.982,-0.595,-34.188,1.000,5.460,-21.940,4.719
82.988,-0.595,-34.188,1.000,4.983,-22.827,4.877
82.993,-0.595,-34.188,1.000,5.701,-26.031,4.010
82.999,-0.595,-34.188,1.000,6.139,-27.934,3.388
83.004,-0.595,-33.294,1.000,5.557,-29.393,1.297
83.009,-0.595,-33.294,1.000,6.127,-32.115,0.423
83.015,-0.595,-33.294,1.000,6.361,-35.206,-1.035
83.020,-0.595,-34.642,1.000,5.822,-36.359,-2.030
83.025,-0.595,-34.642,1.000,5.888,-35.016,-1.985
83.031,-0.595,-34.642,1.000,6.659,-36.889,-0.770
83.036,-0.595,-34.642,1.000,5.404,-37.583,-1.085
83.041,-0.595,-34.188,1.000,5.063,-34.297,0.373
83.047,-0.595,-34.188,1.000,4.843,-34.111,1.119
83.052,-0.595,-34.188,1.000,2.899,-34.862,2.886
83.058,-0.595,-34.188,1.000,1.082,-31.614,2.272
83.063,-0.595,-41.500,1.000,0.810,-30.110,1.285
83.068,-0.595,-41.500,1.000,0.780,-32.615,2.074
83.074,-0.595,-41.500,1.000,-0.892,-35.090,2.160
83.079,-0.595,-41.500,1.000,1.088,-36.393,1.571
83.085,-0.595,-41.500,1.000,3.000,-37.921,2.604
83.090,-0.595,-40.460,1.000,2.097,-39.494,3.111
83.095,-0.595,-40.460,1.000,1.539,-40.338,3.892
83.101,-0.595,-40.460,1.000,1.806,-40.440,3.363
83.106,-1.042,-37.950,1.000,3.179,-40.813,3.587
83.112,-1.042,-35.563,1.000,2.492,-41.449,2.280
83.118,-1.042,-35.563,1.000,1.608,-39.409,1.765
83.124,-1.042,-35.563,1.000,0.044,-39.309,1.069
83.129,-1.042,-35.563,1.000,-2.095,-37.974,1.983
83.135,-1.192,-34.642,1.000,-2.786,-37.297,2.073
83.140,-1.192,-34.642,1.000,-3.558,-37.259,1.305
83.146,-1.192,-34.642,1.000,-4.776,-36.271,0.625
83.151,-1.192,-26.395,1.000,-6.253,-33.471,0.725
83.156,-1.042,-25.298,1.000,-8.301,-34.716,1.351
83.162,-1.042,-25.298,1.000,-8.565,-36.160,2.969
83.168,-1.042,-25.298,1.000,-10.134,-36.020,2.876
83.174,-1.042,-22.209,1.000,-12.884,-35.739,2.672
83.179,-1.042,-22.209,1.000,-13.561,-34.880,2.545
83.185,-1.042,-22.209,1.000,-12.859,-35.564,2.202
83.191,-1.042,-22.209,1.000,-12.160,-36.285,2.054
83.196,-1.042,-18.808,1.000,-11.502,-36.649,2.307
83.202,-1.042,-18.808,1.000,-11.252,-34.157,2.596
83.208,-1.042,-18.808,1.000,-11.357,-32.071,2.020
83.213,-1.042,-15.261,1.000,-10.282,-30.812,2.363
83.219,-0.893,-14.756,1.000,-8.122,-31.891,4.104
83.225,-0.893,-14.756,1.000,-6.573,-32.606,4.604
83.230,-0.893,-14.756,1.000,-6.195,-33.581,5.613
83.236,-1.042,-11.061,1.000,-7.863,-33.934,7.255
83.241,-1.042,-9.218,1.000,-8.528,-34.501,8.176
83.247,-1.042,-9.218,1.000,-8.758,-36.923,10.054
83.253,-1.042,-9.218,1.000,-9.569,-40.628,10.548
83.258,-1.192,-6.796,1.000,-9.736,-42.010,9.904
83.264,-1.042,-6.620,1.000,-8.878,-43.627,9.112
83.269,-1.042,-6.620,1.000,-7.967,-44.765,8.612
83.275,-1.042,-6.620,1.000,-7.314,-45.859,8.325
83.281,-1.341,-5.758,1.000,-5.872,-45.348,9.317
83.287,-1.341,-5.758,1.000,-5.857,-43.039,9.335
83.292,-1.341,-5.758,1.000,-4.074,-42.681,9.035
83.298,-1.341,-5.758,1.000,-1.837,-41.986,8.122
83.304,-3.014,-3.796,1.000,-1.192,-39.502,8.860
83.309,-3.325,-3.325,1.000,-1.181,-35.938,9.126
83.315,-3.325,-3.325,1.000,-1.381,-33.213,10.220
83.321,-3.325,-3.325,1.000,-2.395,-29.627,9.859
83.326,-3.325,-3.325,1.000,-3.333,-25.817,9.523
83.332,-3.325,-3.325,1.000,-3.089,-23.026,8.689
83.338,-3.325,-3.325,1.000,-1.968,-22.570,7.370
83.343,-4.114,-2.399,1.000,-1.718,-21.031,7.435
83.349,-4.114,-2.399,1.000,-3.678,-17.346,6.634
83.354,-4.114,-2.399,1.000,-2.901,-15.039,6.122
83.360,-4.114,-2.095,1.000,-4.959,-11.017,3.738
83.366,-4.274,-1.793,1.000,-7.006,-7.665,2.887
83.371,-4.435,-1.944,1.000,-6.598,-6.269,1.119
83.377,-4.435,-1.944,1.000,-8.606,-3.292,-0.702
83.382,-5.254,-1.944,1.000,-11.833,-1.444,-1.621
83.388,-5.928,-2.095,1.000,-11.985,-3.963,-1.393
83.394,-5.928,-2.095,1.000,-12.520,-5.703,-2.159
83.400,-5.928,-2.095,1.000,-14.991,-5.675,-2.888
83.405,-9.218,-2.095,1.000,-17.094,-5.165,-3.884
83.411,-9.218,-2.095,1.000,-17.262,-6.539,-4.605
83.417,-9.218,-2.095,1.000,-16.917,-6.508,-5.806
83.422,-13.777,-1.492,1.000,-17.292,-6.238,-6.616
83.428,-13.777,-1.492,1.000,-16.952,-7.578,-7.948
83.434,-23.206,-1.042,1.000,-15.829,-9.393,-8.019
83.439,-23.206,-1.042,1.000,-15.091,-9.403,-8.542
83.445,-26.395,-1.042,1.000,-16.946,-8.755,-9.221
83.451,-26.395,-1.042,1.000,-16.238,-9.532,-9.448
83.457,-35.563,-0.893,1.000,-15.690,-10.624,-10.714
83.462,-35.563,-0.893,1.000,-17.036,-8.095,-10.904
83.468,-35.563,-0.893,1.000,-17.542,-4.804,-11.404
83.474,-43.641,-0.744,1.000,-15.606,-5.683,-11.284
83.479,-48.778,-0.744,1.000,-16.593,-2.995,-11.290
83.485,-48.778,-0.744,1.000,-15.892,0.206,-11.654
83.491,-58.389,-0.595,1.000,-15.834,3.291,-11.466
83.496,-58.389,-0.595,1.000,-13.997,3.270,-10.652
83.501,-58.389,-0.595,1.000,-16.190,3.437,-10.512
83.507,-58.389,-0.595,1.000,-14.756,0.483,-8.715
83.512,-89.565,-0.446,1.000,-14.060,-1.680,-7.323
83.518,-92.498,-0.446,1.000,-14.200,-2.511,-6.818
83.524,-92.498,-0.446,1.000,-16.124,-1.332,-8.236
83.529,-101.762,-0.446,1.000,-16.919,-0.790,-6.893
83.535,-101.762,-0.446,1.000,-18.140,-0.005,-5.198
83.540,-100.697,-0.446,1.000,-19.814,1.986,-5.151
83.546,-100.697,-0.446,1.000,-21.917,2.899,-3.709
83.551,-101.762,-0.446,1.000,-23.670,1.842,-1.278
83.557,-100.697,-0.446,1.000,-27.399,2.620,-0.279
83.563,-100.697,-0.446,1.000,-29.860,4.362,0.791
83.568,-100.697,-0.446,1.000,-31.790,3.215,3.199
83.574,-100.697,-0.446,1.000,-35.486,2.517,4.416
83.579,-100.697,-0.446,1.000,-40.060,2.738,5.679
83.585,-100.697,-0.446,1.000,-44.141,0.014,6.759
83.591,-100.697,-0.446,1.000,-46.725,-1.598,6.915
83.596,-100.697,-0.446,1.000,-50.022,-0.103,4.834
83.602,-100.697,-0.446,1.000,-52.328,1.506,3.030
83.607,-100.697,-0.446,1.000,-54.539,1.772,0.899
83.613,-99.642,-0.297,1.000,-56.493,1.819,-1.122
83.618,-99.642,-0.297,1.000,-61.010,1.201,-1.246
83.623,-99.642,-0.297,1.000,-63.031,-0.089,-2.595
83.629,-98.596,-0.297,1.000,-64.587,0.380,-3.892
83.634,-96.529,-0.297,1.000,-66.193,1.605,-5.135
83.640,-96.529,-0.297,1.000,-68.048,0.388,-3.965
83.645,-96.529,-0.297,1.000,-70.223,1.611,-2.305
83.650,-92.498,-0.297,1.000,-71.907,3.718,-0.965
83.656,-92.498,-0.297,1.000,-70.487,4.238,0.949
83.661,-92.498,-0.297,1.000,-71.545,5.726,2.476
83.666,-92.498,-0.297,1.000,-73.392,7.923,2.600
83.672,-92.498,-0.297,1.000,-72.854,6.681,2.829
83.677,-92.498,-0.297,1.000,-72.450,5.957,0.702
83.682,-79.434,-0.297,1.000,-73.577,7.598,0.505
83.688,-79.434,-0.297,1.000,-73.872,6.918,0.138
83.693,-79.434,-0.297,1.000,-71.771,4.727,-0.630
83.699,-79.434,-0.297,1.000,-71.850,7.007,-0.937
83.704,-79.434,-0.297,1.000,-72.400,9.519,0.023
83.709,-79.434,-0.297,1.000,-72.641,9.641,-0.201
83.715,-54.380,-0.297,1.000,-72.995,9.932,1.787
83.720,-49.981,-0.297,1.000,-73.772,10.484,2.492
83.725,-49.981,-0.297,1.000,-73.156,9.205,2.724
83.731,-49.981,-0.297,1.000,-70.724,7.639,3.930
83.736,-34.642,-0.297,1.000,-70.542,7.106,4.885
83.741,-30.306,-0.297,1.000,-70.817,7.992,3.495
83.747,-30.306,-0.297,1.000,-70.207,7.422,4.195
83.752,-30.306,-0.297,1.000,-69.544,9.275,3.070
83.758,-17.111,-0.297,1.000,-68.398,11.721,2.265
83.763,-17.111,-0.297,1.000,-66.755,14.924,-0.330
83.768,-17.111,-0.297,1.000,-67.416,15.306,-0.302
83.774,-17.111,-0.297,1.000,-68.548,14.372,0.904
83.779,-17.111,-0.297,1.000,-68.063,15.363,0.438
83.785,-17.111,-0.297,1.000,-66.342,15.737,-0.276
83.790,-17.111,-0.297,1.000,-64.025,13.172,0.237
83.795,-17.111,-0.297,1.000,-62.612,10.952,0.235
83.801,-17.111,-0.297,1.000,-61.089,9.605,0.186
83.806,-17.111,-0.297,1.000,-57.460,8.406,1.035
83.812,-3.796,-0.297,1.000,-54.922,7.157,2.346
83.817,-3.796,-0.297,1.000,-53.903,7.077,3.202
83.823,-3.638,-0.297,1.000,-52.083,10.128,2.780
83.828,-3.638,-0.297,1.000,-51.952,13.061,2.478
83.833,-3.169,-0.297,1.000,-53.435,15.850,1.315
83.838,-3.169,-0.297,1.000,-50.817,17.040,-0.168
83.844,-3.014,-0.297,1.000,-48.394,17.565,-0.432
83.849,-2.552,-0.297,1.000,-47.514,19.263,-1.285
83.855,-2.552,-0.297,1.000,-46.788,21.013,-1.950
83.860,-2.399,-0.297,1.000,-43.465,19.349,-3.146
83.865,-2.399,-0.297,1.000,-41.124,17.758,-3.035
83.870,-2.399,-0.297,1.000,-39.385,16.693,-2.200
83.875,-2.247,-0.297,1.000,-38.230,16.303,-2.285
83.881,-2.247,-0.297,1.000,-37.809,17.114,-1.180
83.886,-2.247,-0.297,1.000,-37.466,17.907,-1.557
83.891,-2.247,-0.297,1.000,-36.193,17.888,0.021
83.897,-2.247,-0.297,1.000,-35.480,19.398,0.154
83.902,-2.247,-0.297,1.000,-33.831,20.522,0.702
83.908,-2.247,-0.297,1.000,-33.687,22.547,-0.833
83.913,-2.247,-0.297,1.000,-31.216,22.837,0.149
83.918,-2.247,-0.297,1.000,-27.644,21.908,-0.309
83.924,-2.247,-0.297,1.000,-26.566,22.265,-0.739
83.929,-2.247,-0.297,1.000,-28.162,23.275,-1.941
83.935,-2.247,-0.297,1.000,-28.908,22.827,-1.665
83.940,-2.247,-0.297,1.000,-27.585,21.158,-2.841
83.945,-2.247,-0.297,1.000,-29.839,20.987,-2.959
83.951,-2.247,-0.297,1.000,-31.237,21.503,-2.555
83.956,-1.642,-0.297,1.000,-30.477,21.064,-3.065
83.962,-1.642,-0.297,1.000,-28.899,22.218,-2.538
83.967,-1.642,-0.297,1.000,-28.938,25.669,-2.676
83.973,-1.642,-0.297,1.000,-28.464,28.380,-1.529
83.978,-1.642,-0.297,1.000,-25.560,29.288,0.557
83.983,-1.042,-0.297,1.000,-22.191,29.898,0.013
83.989,-1.042,-0.297,1.000,-20.267,31.421,0.545
83.994,-1.042,-0.297,1.000,-20.265,32.676,-0.197
83.999,-0.446,-0.297,1.000,-20.747,33.824,-0.994
84.005,-0.446,-0.297,1.000,-21.629,35.231,-1.063
84.010,-0.446,-0.297,1.000,-21.486,33.365,-1.445
84.016,0.000,-0.297,1.000,-22.012,36.220,-2.554
84.023,0.000,-0.297,1.000,-18.605,35.182,-1.334
84.029,0.000,-0.297,1.000,-17.631,35.228,-0.633
84.035,0.000,-0.297,1.000,-16.139,37.269,0.208
84.042,0.000,-0.297,1.000,-13.196,37.925,0.652
84.048,0.000,-0.297,1.000,-11.024,37.946,0.373
84.054,0.000,-0.297,1.000,-10.076,36.738,0.171
84.060,0.000,-0.297,1.000,-9.272,33.071,1.540
84.067,0.000,-0.297,1.000,-8.790,34.318,1.082
84.073,0.000,-0.297,1.000,-8.263,35.459,1.698
84.079,0.000,-0.297,1.000,-7.548,35.072,2.684
84.086,0.000,-0.297,1.000,-8.016,36.042,3.854
84.092,0.000,-0.297,1.000,-8.207,37.236,3.281
84.098,0.000,-0.297,1.000,-7.180,34.942,3.855
84.105,0.000,-0.297,1.000,-5.935,32.943,4.042
84.111,0.000,-0.297,1.000,-5.560,31.541,3.130
84.117,0.000,-0.297,1.000,-3.914,29.858,5.133
84.123,0.000,-0.297,1.000,-4.927,32.109,5.344
84.130,0.000,-0.297,1.000,-2.917,34.477,6.164
84.136,0.000,-0.297,1.000,-2.754,35.346,5.067
84.142,0.000,-0.297,1.000,-0.289,34.273,5.818
84.149,0.000,-0.297,1.000,-3.032,34.987,5.174
84.155,0.000,-0.297,1.000,-1.706,32.367,4.641
84.161,0.000,-0.297,1.000,-0.451,34.447,4.151
84.167,0.000,-0.297,1.000,1.775,35.940,4.354
84.174,0.000,-0.297,1.000,3.966,40.215,4.044
84.180,0.000,-0.297,1.000,6.768,39.346,3.792
84.186,0.000,-0.297,1.000,8.979,42.961,3.716
84.193,0.000,-0.297,1.000,8.836,42.969,3.342
84.199,0.000,-0.297,1.000,10.451,43.120,1.335
84.205,0.000,-0.297,1.000,11.391,45.259,-0.472
84.211,0.000,-0.297,1.000,12.166,45.481,0.217
84.217,0.000,-0.297,1.000,13.016,46.996,0.147
84.224,0.000,-0.297,1.000,14.440,45.713,0.530
84.230,0.000,-0.297,1.000,13.359,47.677,0.573
84.236,0.000,-0.297,1.000,13.397,48.633,1.770
84.243,0.000,-0.297,1.000,13.054,51.687,1.091
84.249,0.000,-0.297,1.000,13.207,53.456,0.618
84.255,0.000,-0.297,1.000,13.696,53.546,0.522
84.261,0.000,-0.297,1.000,14.474,53.665,1.570
84.268,0.000,-0.297,1.000,14.728,53.892,0.484
84.274,0.000,-0.297,1.000,14.927,54.529,0.615
84.280,0.000,-0.297,1.000,14.284,55.126,-0.525
84.286,0.000,-0.297,1.000,12.735,56.475,-0.413
84.293,0.000,-0.297,1.000,12.475,55.685,-1.584
84.299,0.000,-0.297,1.000,12.428,54.960,-0.987
84.305,0.000,-0.297,1.000,13.865,50.678,-0.203
84.312,0.000,-0.297,1.000,13.282,51.656,0.855
84.318,0.000,-0.297,1.000,12.891,51.900,-0.179
84.324,0.000,-0.297,1.000,12.730,55.679,-1.356
84.329,1.642,-0.446,1.000,13.283,58.066,-2.992
84.335,3.014,-0.446,1.000,13.778,58.502,-4.033
84.340,3.014,-0.446,1.000,13.389,61.449,-4.860
84.346,3.014,-0.446,1.000,13.715,62.738,-4.504
84.352,11.492,-1.793,1.000,14.642,62.858,-4.063
84.357,11.492,-1.793,1.000,14.817,63.196,-4.668
84.363,11.492,-1.793,1.000,15.509,62.156,-4.640
84.368,11.492,-1.793,1.000,16.140,61.223,-4.458
84.374,21.883,-3.638,1.000,16.286,60.761,-3.331
84.380,21.883,-3.638,1.000,16.578,61.159,-2.070
84.385,21.883,-3.638,1.000,16.472,60.468,-1.714
84.391,30.720,-6.796,1.000,17.692,59.155,-1.315
84.397,30.720,-6.796,1.000,18.506,57.314,-0.778
84.402,30.720,-6.796,1.000,19.449,57.032,-1.095
84.408,30.720,-6.796,1.000,19.050,57.690,-1.731
84.414,38.939,-9.416,1.000,20.374,56.908,-1.807
84.419,44.744,-12.379,1.000,21.081,57.342,-2.369
84.425,44.744,-12.379,1.000,21.968,57.998,-2.930
84.431,44.744,-12.379,1.000,23.676,58.326,-4.529
84.437,54.380,-14.756,1.000,25.302,58.763,-5.249
84.442,54.380,-16.302,1.000,27.144,59.220,-4.446
84.448,54.380,-16.302,1.000,30.250,60.070,-3.696
84.454,54.380,-16.302,1.000,31.869,60.916,-2.752
84.460,62.629,-17.665,1.000,34.827,61.484,-1.900
84.465,64.096,-17.946,1.000,37.419,61.317,-0.607
84.471,64.096,-17.946,1.000,40.465,61.071,0.321
84.477,64.096,-18.231,1.000,43.770,60.118,-0.412
84.483,64.096,-17.946,1.000,46.263,59.857,0.110
84.488,64.096,-18.518,1.000,48.890,57.823,-0.850
84.494,64.096,-18.518,1.000,50.437,57.335,-1.078
84.500,64.096,-18.518,1.000,52.566,55.137,-1.122
84.506,63.359,-19.398,1.000,56.076,51.243,-0.744
84.511,63.359,-19.398,1.000,58.438,50.978,-0.383
84.517,63.359,-19.398,1.000,61.338,49.731,0.504
84.523,63.359,-19.398,1.000,62.962,46.488,1.105
84.529,55.691,-22.209,1.000,64.898,44.825,2.126
84.534,55.033,-25.298,1.000,66.110,43.653,3.652
84.540,55.033,-25.298,1.000,66.869,41.631,3.732
84.546,55.033,-25.298,1.000,66.933,39.808,3.226
84.551,55.033,-44.190,1.000,67.205,36.706,4.526
84.557,55.033,-44.190,1.000,66.900,32.794,3.997
84.563,55.033,-44.190,1.000,67.936,27.681,4.356
84.569,54.380,-45.304,1.000,68.312,23.728,5.290
84.574,54.380,-45.304,1.000,67.569,20.704,6.345
84.580,54.380,-45.304,1.000,67.116,17.342,5.978
84.586,54.380,-45.304,1.000,67.384,14.957,5.134
84.592,55.033,-49.377,1.000,68.194,12.544,5.617
84.597,55.033,-49.377,1.000,68.077,11.574,4.878
84.603,55.033,-51.208,1.000,69.806,10.218,5.140
84.609,55.033,-51.208,1.000,71.219,9.512,4.505
84.614,55.033,-51.831,1.000,72.338,7.985,4.968
84.620,55.033,-51.831,1.000,74.213,4.631,4.587
84.626,55.033,-51.831,1.000,75.024,3.051,4.841
84.631,55.033,-59.776,1.000,75.389,0.386,4.527
84.637,55.033,-59.776,1.000,75.995,-0.804,4.757
84.643,54.380,-67.110,1.000,77.725,-3.012,4.462
84.649,54.380,-67.110,1.000,78.501,-4.180,4.803
84.654,54.380,-67.110,1.000,79.955,-5.176,6.545
84.660,54.380,-67.110,1.000,82.058,-7.684,7.387
84.666,49.981,-72.656,1.000,84.136,-9.089,9.631
84.672,49.981,-72.656,1.000,84.327,-8.879,11.442
84.677,49.981,-72.656,1.000,84.377,-6.400,11.376
84.683,49.981,-72.656,1.000,86.299,-8.036,10.976
84.689,37.950,-72.656,1.000,88.218,-9.856,11.519
84.695,37.950,-72.656,1.000,88.861,-12.513,10.533
84.700,37.950,-72.656,1.000,88.770,-12.971,9.948
84.706,32.418,-71.036,1.000,89.035,-15.596,10.354
84.712,31.138,-70.236,1.000,89.190,-19.490,9.054
84.717,31.138,-70.236,1.000,88.522,-23.586,7.847
84.723,29.491,-68.659,1.000,87.237,-27.879,7.496
84.729,29.491,-68.659,1.000,83.926,-30.578,5.858
84.734,29.491,-68.659,1.000,81.535,-34.083,5.692
84.740,29.491,-68.659,1.000,80.528,-38.115,4.801
84.746,29.491,-68.659,1.000,78.954,-43.035,5.669
84.752,29.491,-68.659,1.000,78.506,-43.689,6.148
84.757,23.206,-62.629,1.000,76.153,-43.001,4.618
84.763,23.206,-62.629,1.000,75.355,-43.216,4.211
84.769,22.209,-62.629,1.000,75.459,-43.004,3.779
84.774,22.209,-62.629,1.000,75.563,-43.514,4.136
84.780,20.614,-61.906,1.000,76.204,-44.391,4.245
84.786,20.614,-61.906,1.000,76.666,-44.720,3.360
84.792,19.697,-59.776,1.000,76.003,-45.463,2.833
84.798,19.697,-59.776,1.000,76.489,-45.828,1.425
84.803,15.261,-53.734,1.000,76.946,-46.881,0.683
84.809,15.261,-53.734,1.000,77.260,-48.748,1.378
84.815,15.261,-53.734,1.000,76.644,-50.951,1.423
84.820,12.154,-50.592,1.000,74.895,-50.525,2.033
84.826,11.061,-49.377,1.000,74.661,-50.434,1.974
84.832,11.061,-49.377,1.000,74.404,-50.416,2.119
84.838,11.061,-49.377,1.000,75.202,-49.800,1.946
84.843,9.416,-47.597,1.000,76.713,-49.906,0.095
84.849,9.416,-47.597,1.000,77.607,-50.461,-1.653
84.855,9.416,-47.597,1.000,78.017,-51.626,-3.229
84.861,9.416,-47.597,1.000,77.914,-51.559,-3.276
84.866,8.828,-47.016,1.000,78.070,-53.738,-3.666
84.872,8.828,-47.016,1.000,76.113,-52.705,-4.779
84.878,8.828,-47.016,1.000,76.329,-50.355,-4.239
84.883,8.828,-47.016,1.000,77.746,-48.578,-3.608
84.889,7.882,-45.869,1.000,78.206,-47.196,-2.178
84.895,7.882,-45.869,1.000,77.989,-42.796,-2.615
84.901,7.882,-45.869,1.000,78.509,-40.014,-2.794
84.906,7.153,-45.869,1.000,77.969,-38.335,-2.964
84.912,7.333,-45.869,1.000,76.373,-35.943,-3.979
84.918,7.333,-45.869,1.000,75.925,-36.997,-2.659
84.924,7.333,-45.869,1.000,75.098,-37.891,-0.906
84.929,7.333,-45.869,1.000,73.069,-35.743,0.795
84.935,7.153,-43.641,1.000,71.364,-34.838,1.771
84.941,7.153,-43.641,1.000,70.558,-33.682,2.013
84.946,7.153,-43.641,1.000,71.191,-34.197,1.161
84.952,7.698,-47.016,1.000,73.192,-37.918,0.500
84.958,7.698,-47.016,1.000,73.962,-41.646,-0.247
84.963,7.698,-47.016,1.000,74.404,-45.466,-0.715
84.969,9.615,-50.592,1.000,74.065,-49.738,-1.919
84.975,9.816,-50.592,1.000,72.562,-52.753,-1.965
84.981,9.816,-50.592,1.000,72.665,-57.660,-1.570
84.986,9.816,-50.592,1.000,71.150,-62.727,-1.505
84.992,9.816,-50.592,1.000,69.781,-67.053,-1.148
84.998,11.061,-65.589,1.000,69.515,-68.045,-2.465
85.003,11.061,-65.589,1.000,69.192,-70.903,-2.593
85.009,11.061,-65.589,1.000,69.185,-73.385,-1.898
85.015,11.061,-65.589,1.000,68.095,-72.961,-2.579
85.020,10.223,-75.141,1.000,69.066,-71.847,-2.008
85.026,10.223,-75.141,1.000,68.928,-70.717,-1.143
85.032,10.223,-75.141,1.000,67.484,-69.769,-1.658
85.038,9.615,-80.315,1.000,66.621,-67.911,-1.000
85.043,9.022,-79.434,1.000,65.526,-66.822,-0.880
85.049,9.022,-79.434,1.000,65.170,-66.447,0.413
85.055,9.022,-79.434,1.000,63.561,-64.866,1.603
85.060,7.515,-80.315,1.000,63.710,-61.633,1.339
85.066,7.153,-80.315,1.000,64.816,-58.425,2.761
85.072,7.153,-80.315,1.000,67.689,-57.278,5.399
85.077,7.333,-81.204,1.000,69.339,-54.904,6.030
85.083,6.796,-83.006,1.000,69.725,-54.285,6.650
85.089,6.272,-85.768,1.000,71.795,-52.985,6.652
85.095,6.272,-85.768,1.000,73.380,-51.826,6.713
85.101,6.272,-85.768,1.000,73.936,-52.869,6.234
85.106,5.088,-86.705,1.000,74.896,-53.278,5.516
85.112,5.088,-86.705,1.000,74.467,-54.452,4.160
85.118,5.088,-86.705,1.000,74.973,-56.477,3.024
85.123,4.114,-86.705,1.000,74.824,-58.785,2.520
85.129,2.859,-86.705,1.000,72.155,-60.705,2.331
85.135,1.944,-87.650,1.000,69.989,-64.197,1.887
85.140,1.944,-87.650,1.000,68.553,-66.473,0.430
85.146,1.944,-87.650,1.000,67.558,-70.307,-0.410
85.152,0.446,-88.603,1.000,66.370,-72.656,-1.181
85.158,0.446,-88.603,1.000,64.539,-76.862,-0.480
85.163,0.446,-88.603,1.000,62.320,-79.130,-0.491
85.169,0.446,-88.603,1.000,60.413,-79.296,-0.823
85.174,0.446,-88.603,1.000,58.282,-78.216,-1.409
85.180,0.446,-88.603,1.000,57.611,-76.053,-2.211
85.185,0.000,-88.603,1.000,56.786,-73.688,-0.755
85.190,0.000,-89.565,1.000,54.816,-75.570,1.382
85.195,0.000,-89.565,1.000,50.693,-74.884,-0.107
85.200,0.000,-89.565,1.000,47.584,-79.342,-0.691
85.207,0.000,-89.565,1.000,45.384,-76.913,-1.783
85.212,0.000,-89.565,1.000,43.349,-77.032,-1.769
85.217,0.000,-89.565,1.000,41.552,-80.961,-3.051
85.222,0.000,-88.603,1.000,40.840,-83.204,-4.438
85.227,0.000,-88.603,1.000,40.786,-85.234,-3.658
85.232,0.000,-88.603,1.000,40.339,-83.162,-4.499
85.237,-0.148,-88.603,1.000,38.849,-81.588,-4.899
85.242,-0.148,-89.565,1.000,37.847,-80.592,-5.156
85.249,-0.148,-89.565,1.000,37.451,-78.399,-6.900
85.254,-0.148,-89.565,1.000,36.818,-78.241,-6.143
85.259,-3.638,-88.603,1.000,34.510,-78.975,-5.646
85.265,-3.638,-88.603,1.000,32.043,-78.182,-5.522
85.271,-3.638,-88.603,1.000,31.185,-76.891,-5.398
85.276,-3.638,-88.603,1.000,30.002,-76.779,-7.157
85.282,-11.276,-82.101,1.000,28.069,-75.590,-7.577
85.288,-11.276,-82.101,1.000,26.442,-74.427,-7.241
85.293,-12.607,-75.985,1.000,26.095,-75.097,-5.710
85.299,-12.607,-75.985,1.000,25.044,-73.595,-6.224
85.305,-23.546,-57.705,1.000,24.251,-73.862,-5.957
85.310,-23.546,-57.705,1.000,23.456,-75.145,-5.053
85.316,-23.546,-57.705,1.000,22.638,-74.817,-4.829
85.322,-31.560,-51.208,1.000,21.074,-74.493,-4.539
85.328,-31.560,-51.208,1.000,18.957,-74.009,-3.726
85.334,-31.560,-51.208,1.000,16.180,-71.841,-3.438
85.339,-31.560,-51.208,1.000,12.757,-70.451,-3.490
85.345,-51.208,-47.016,1.000,9.430,-69.057,-3.014
85.351,-57.705,-46.439,1.000,6.322,-69.591,-2.417
85.357,-57.705,-46.439,1.000,3.740,-70.334,-0.731
85.362,-57.705,-46.439,1.000,1.498,-71.419,-1.208
85.368,-84.840,-36.504,1.000,-1.516,-72.801,-0.115
85.374,-92.498,-35.563,1.000,-4.652,-73.933,0.561
85.380,-92.498,-35.563,1.000,-6.179,-75.406,2.760
85.385,-92.498,-35.563,1.000,-8.242,-76.641,3.572
85.391,-132.732,-20.000,1.000,-10.767,-77.500,4.449
85.397,-132.732,-20.000,1.000,-13.009,-77.325,5.204
85.403,-132.732,-20.000,1.000,-16.216,-76.976,6.526
85.408,-132.732,-20.000,1.000,-21.346,-74.933,6.627
85.414,-153.744,-15.776,1.000,-25.763,-74.845,9.107
85.420,-158.247,-14.262,1.000,-30.971,-72.547,8.538
85.426,-158.247,-14.262,1.000,-36.164,-71.152,10.081
85.431,-158.247,-14.262,1.000,-42.609,-68.436,10.085
85.437,-159.771,-12.379,1.000,-46.738,-63.540,9.701
85.443,-159.771,-11.932,1.000,-51.753,-60.745,9.688
85.449,-159.771,-11.932,1.000,-56.001,-57.022,9.870
85.454,-159.771,-11.932,1.000,-60.576,-53.927,10.391
85.460,-162.854,-9.416,1.000,-66.831,-49.677,10.767
85.466,-162.854,-9.416,1.000,-72.320,-47.898,13.660
85.471,-162.854,-9.416,1.000,-78.348,-44.941,12.090
85.477,-162.854,-9.416,1.000,-83.391,-43.520,10.590
85.483,-161.307,-6.796,1.000,-88.335,-43.384,9.875
85.489,-161.307,-6.796,1.000,-93.079,-42.315,9.600
85.494,-161.307,-6.796,1.000,-98.078,-42.297,10.176
85.500,-162.854,-5.589,1.000,-103.389,-40.524,9.273
85.506,-162.854,-5.589,1.000,-107.792,-39.675,8.981
85.512,-161.307,-1.793,1.000,-110.912,-39.317,8.648
85.517,-161.307,-1.793,1.000,-113.944,-39.335,8.357
85.523,-161.307,-1.042,1.000,-115.850,-41.487,7.628
85.529,-161.307,-1.042,1.000,-118.876,-41.325,7.879
85.534,-153.744,-0.893,1.000,-120.342,-41.248,7.144
85.540,-153.744,-0.893,1.000,-123.565,-39.441,7.079
85.545,-143.632,-0.595,1.000,-127.114,-37.970,8.730
85.551,-126.260,-0.446,1.000,-129.006,-38.081,9.134
85.557,-126.260,-0.446,1.000,-131.016,-38.891,9.419
85.562,-107.218,-0.446,1.000,-133.914,-36.998,8.146
85.568,-107.218,-0.446,1.000,-135.806,-36.883,7.959
85.573,-77.694,-0.446,1.000,-138.302,-34.635,8.107
85.579,-77.694,-0.446,1.000,-141.154,-32.304,8.003
85.584,-55.691,-0.446,1.000,-143.389,-29.427,6.891
85.590,-55.691,-0.446,1.000,-145.857,-25.554,7.135
85.596,-55.691,-0.446,1.000,-146.530,-22.941,7.896
85.601,-55.691,-0.446,1.000,-145.273,-23.347,9.053
85.607,-55.691,-0.446,1.000,-145.346,-23.319,10.553
85.613,-55.691,-0.446,1.000,-146.505,-20.898,10.447
85.618,-55.691,-0.446,1.000,-146.579,-19.412,12.875
85.624,-24.586,-0.297,1.000,-146.380,-16.612,13.631
85.629,-24.586,-0.297,1.000,-146.647,-11.726,13.754
85.635,-21.242,-0.297,1.000,-147.787,-6.287,14.706
85.640,-21.242,-0.297,1.000,-147.513,-2.965,13.643
85.646,-20.614,-0.446,1.000,-146.072,-0.063,12.913
85.651,-20.614,-0.446,1.000,-144.442,4.579,11.793
85.657,-20.614,-0.446,1.000,-140.633,7.592,10.737
85.662,-15.517,-0.297,1.000,-137.044,10.940,8.120
85.668,-14.508,-0.297,1.000,-133.432,14.172,5.695
85.673,-14.508,-0.297,1.000,-129.694,16.654,4.054
85.679,-14.508,-0.297,1.000,-126.460,18.653,1.421
85.684,-11.932,-0.297,1.000,-123.649,20.861,0.849
85.689,-11.711,-0.297,1.000,-119.896,23.138,0.583
85.695,-11.711,-0.297,1.000,-117.440,24.242,-0.736
85.700,-11.711,-0.297,1.000,-115.880,26.154,-1.867
85.705,-9.615,-0.446,1.000,-114.663,26.176,-2.438
85.711,-9.615,-0.446,1.000,-114.090,27.150,-3.153
85.716,-9.615,-0.446,1.000,-114.807,28.535,-4.291
85.722,-9.615,-0.446,1.000,-112.983,28.508,-3.486
85.728,-7.153,-0.446,1.000,-109.582,27.471,-3.639
85.733,-7.153,-0.446,1.000,-107.093,25.565,-3.565
85.739,-7.153,-0.446,1.000,-106.528,24.492,-3.734
85.744,-7.153,-0.446,1.000,-106.990,22.898,-4.545
85.750,-4.760,-0.446,1.000,-106.653,21.268,-4.815
85.756,-4.760,-0.446,1.000,-106.925,21.614,-6.496
85.761,-4.760,-0.446,1.000,-107.073,21.362,-6.977
85.767,-3.955,-0.446,1.000,-108.530,21.806,-7.988
85.772,-3.955,-0.446,1.000,-110.950,21.928,-6.978
85.778,-3.481,-0.446,1.000,-112.328,22.019,-6.523
85.783,-3.481,-0.446,1.000,-112.674,23.046,-7.238
85.789,-3.481,-0.446,1.000,-111.990,22.333,-6.604
85.795,-3.481,-0.446,1.000,-113.298,19.250,-7.080
85.800,-3.481,-0.446,1.000,-114.679,16.884,-7.298
85.806,-2.552,-0.446,1.000,-118.289,16.738,-8.232
85.811,-2.552,-0.446,1.000,-119.813,16.214,-7.712
85.817,-2.399,-0.446,1.000,-120.201,13.850,-6.544
85.822,-2.399,-0.446,1.000,-120.313,11.633,-5.813
85.827,-2.552,-0.446,1.000,-119.176,10.274,-3.890
85.833,-2.552,-0.446,1.000,-119.416,10.459,-3.415
85.838,-2.552,-0.446,1.000,-120.423,10.353,-3.540
85.844,-2.552,-0.446,1.000,-121.007,12.299,-4.364
85.850,-2.552,-0.446,1.000,-121.608,16.239,-4.334
85.855,-2.552,-0.297,1.000,-122.434,20.058,-3.144
85.860,-2.552,-0.297,1.000,-122.081,24.161,-2.970
85.866,-2.552,-0.297,1.000,-120.654,27.058,-2.275
85.871,-2.552,-0.297,1.000,-119.080,29.008,-0.314
85.876,-2.552,-0.297,1.000,-117.270,31.702,0.037
85.882,-2.552,-0.446,1.000,-113.870,36.016,2.400
85.887,-2.552,-0.446,1.000,-110.909,40.424,3.642
85.893,-2.552,-0.446,1.000,-105.870,44.194,5.054
85.898,-2.247,-0.446,1.000,-101.182,46.732,5.689
85.904,-2.247,-0.446,1.000,-98.509,48.722,5.911
85.909,-2.247,-0.446,1.000,-97.197,51.455,5.290
85.915,-2.399,-0.446,1.000,-95.139,54.663,7.367
85.920,-2.399,-0.446,1.000,-94.090,57.693,7.915
85.925,-2.399,-0.446,1.000,-93.543,59.732,9.989
85.930,-2.399,-0.446,1.000,-91.714,60.982,12.061
85.936,-2.399,-0.446,1.000,-88.769,62.481,13.336
85.941,-2.399,-0.446,1.000,-86.554,63.783,15.265
85.946,-2.552,-0.446,1.000,-83.367,64.322,15.904
85.952,-2.552,-0.446,1.000,-81.259,66.946,16.164
85.958,-2.552,-0.446,1.000,-79.285,67.933,14.836
85.963,-2.095,-0.446,1.000,-76.645,68.485,12.670
85.969,-1.944,-0.297,1.000,-76.980,70.634,10.828
85.974,-1.944,-0.297,1.000,-77.393,71.509,8.407
85.979,-1.944,-0.297,1.000,-78.817,73.333,7.158
85.985,-1.042,-0.446,1.000,-79.460,76.034,7.732
85.990,-0.595,-0.446,1.000,-78.937,77.589,6.607
85.996,-0.595,-0.446,1.000,-78.232,78.503,6.857
86.001,-0.595,-0.446,1.000,-77.843,80.012,7.383
86.006,-0.595,-0.446,1.000,-76.876,81.166,7.019
86.011,-0.595,-0.446,1.000,-75.594,83.423,6.580
86.017,-0.595,-0.446,1.000,-73.757,83.448,6.192
86.022,0.000,-0.446,1.000,-70.651,83.194,6.557
86.028,0.000,-0.446,1.000,-69.973,84.315,5.677
86.035,0.000,-0.446,1.000,-67.837,85.095,4.435
86.041,0.000,-0.446,1.000,-67.538,83.137,2.259
86.048,0.000,-0.446,1.000,-66.376,82.159,0.682
86.055,0.000,-0.446,1.000,-64.639,80.237,-0.786
86.061,0.446,-0.446,1.000,-66.693,79.719,-2.072
86.067,0.595,-0.446,1.000,-66.201,79.730,-1.285
86.072,0.595,-0.446,1.000,-65.214,78.793,-0.753
86.077,2.095,-0.595,1.000,-65.533,78.835,-0.127
86.083,3.955,-0.595,1.000,-65.245,77.377,0.210
86.088,3.955,-0.595,1.000,-66.077,75.420,-1.287
86.094,3.955,-0.595,1.000,-65.644,74.227,-2.445
86.099,7.515,-0.595,1.000,-63.948,72.900,-5.145
86.104,11.061,-0.595,1.000,-61.942,70.119,-6.381
86.110,11.061,-0.595,1.000,-60.682,67.341,-5.564
86.115,11.061,-0.595,1.000,-59.111,64.916,-4.354
86.120,11.061,-0.595,1.000,-58.308,64.065,-6.147
86.126,11.061,-0.595,1.000,-56.471,62.655,-6.399
86.131,11.061,-0.595,1.000,-56.014,63.039,-6.826
86.137,11.061,-0.595,1.000,-54.002,62.210,-7.018
86.142,11.061,-0.595,1.000,-53.268,63.693,-7.855
86.147,24.586,-0.595,1.000,-51.954,62.325,-8.347
86.153,26.395,-0.595,1.000,-51.401,63.220,-8.600
86.158,26.395,-0.595,1.000,-49.103,61.207,-8.766
86.163,26.395,-0.595,1.000,-47.795,59.653,-8.140
86.169,28.300,-0.446,1.000,-45.830,55.922,-7.658
86.174,28.693,-0.446,1.000,-44.246,53.941,-5.955
86.180,28.693,-0.446,1.000,-43.314,53.259,-5.616
86.186,28.693,-0.446,1.000,-40.322,51.291,-5.393
86.191,28.300,-0.446,1.000,-39.385,50.962,-4.567
86.197,28.300,-0.446,1.000,-37.146,49.072,-3.083
86.203,28.300,-0.446,1.000,-34.236,44.574,-2.096
86.208,28.300,-0.446,1.000,-33.773,41.347,-0.770
86.214,28.300,-0.446,1.000,-33.446,37.594,0.172
86.219,28.300,-0.446,1.000,-30.484,33.989,1.548
86.225,28.300,-0.446,1.000,-30.797,33.543,0.764
86.230,28.300,-0.446,1.000,-29.980,35.146,-0.298
86.236,28.300,-0.595,1.000,-27.520,34.772,0.165
86.241,28.300,-0.595,1.000,-24.033,34.213,0.790
86.247,27.911,-0.595,1.000,-23.696,34.842,3.408
86.252,27.911,-0.595,1.000,-21.641,32.622,4.203
86.258,27.911,-0.595,1.000,-22.151,32.238,3.388
86.263,27.911,-0.595,1.000,-25.485,35.223,1.658
86.268,27.911,-0.595,1.000,-23.297,35.279,1.997
86.274,27.911,-0.595,1.000,-21.923,37.798,0.926
86.279,27.911,-0.595,1.000,-20.795,41.640,0.581
86.285,27.911,-0.744,1.000,-17.605,45.884,0.190
86.290,27.911,-0.744,1.000,-14.211,48.523,-0.207
86.296,27.911,-0.744,1.000,-11.294,52.093,1.114
86.302,27.911,-0.744,1.000,-7.515,53.367,1.407
86.308,29.491,-1.944,1.000,-3.924,57.635,1.307
86.313,29.491,-1.944,1.000,0.233,60.762,2.313
86.319,29.491,-1.944,1.000,3.382,64.559,2.344
86.325,32.854,-1.944,1.000,7.354,68.575,2.999
86.330,32.854,-1.944,1.000,11.178,71.489,3.303
86.336,32.854,-1.944,1.000,13.448,74.503,2.869
86.342,32.854,-1.944,1.000,14.864,75.869,1.839
86.347,38.939,-3.796,1.000,14.862,77.127,1.648
86.353,44.744,-4.760,1.000,14.009,79.717,-0.169
86.359,55.691,-6.796,1.000,13.880,80.734,-0.111
86.365,55.691,-6.796,1.000,13.520,79.417,0.625
86.370,55.691,-6.796,1.000,12.466,78.990,1.168
86.376,55.691,-6.796,1.000,11.842,77.314,0.988
86.382,86.705,-12.607,1.000,10.633,77.107,0.213
86.387,86.705,-12.607,1.000,9.315,74.530,-0.734
86.393,109.464,-13.068,1.000,8.888,72.795,-1.474
86.399,109.464,-13.068,1.000,10.612,69.499,-1.960
86.404,124.996,-16.038,1.000,10.913,66.122,-2.409
86.410,124.996,-16.038,1.000,12.004,63.129,-3.567
86.416,126.260,-16.569,1.000,14.656,58.865,-3.215
86.422,126.260,-16.569,1.000,16.728,56.489,-3.078
86.427,126.260,-16.569,1.000,20.756,53.769,-2.889
86.433,126.260,-16.569,1.000,26.262,51.193,-0.127
86.439,126.260,-16.569,1.000,33.296,48.814,0.689
86.444,135.393,-16.302,1.000,40.976,45.973,2.260
86.450,135.393,-16.302,1.000,48.183,43.816,3.333
86.456,135.393,-16.302,1.000,54.949,44.942,2.758
86.462,135.393,-16.302,1.000,62.272,45.027,3.375
86.467,135.393,-16.302,1.000,68.761,45.225,2.788
86.473,135.393,-16.302,1.000,74.175,47.158,2.905
86.479,136.739,-16.302,1.000,79.092,48.077,3.508
86.484,136.739,-16.302,1.000,82.619,45.847,1.972
86.490,135.393,-16.302,1.000,85.390,44.662,2.930
86.496,135.393,-16.302,1.000,89.347,42.271,2.622
86.502,135.393,-16.302,1.000,92.691,40.679,1.713
86.507,135.393,-16.302,1.000,96.597,39.570,0.002
86.513,135.393,-16.302,1.000,100.019,39.067,-0.879
86.519,135.393,-16.302,1.000,103.382,36.694,-0.647
86.524,135.393,-16.302,1.000,105.995,32.722,-1.644
86.530,135.393,-16.302,1.000,107.239,29.371,-1.895
86.536,135.393,-16.302,1.000,106.653,27.764,-1.811
86.542,135.393,-16.302,1.000,107.294,27.569,-1.345
86.547,135.393,-16.038,1.000,109.553,26.800,-1.347
86.553,135.393,-16.038,1.000,111.434,27.216,-1.314
86.559,135.393,-16.569,1.000,115.037,24.596,-0.623
86.565,135.393,-16.569,1.000,116.870,23.446,-0.671
86.570,134.057,-16.569,1.000,116.484,24.382,-1.950
86.576,134.057,-16.569,1.000,116.492,25.796,-1.030
86.582,131.417,-16.839,1.000,117.603,24.688,-0.394
86.587,131.417,-16.839,1.000,117.555,25.816,-0.353
86.592,131.417,-16.839,1.000,117.278,26.130,0.382
86.598,127.534,-16.569,1.000,118.272,27.367,-0.437
86.604,127.534,-16.569,1.000,120.864,24.224,-1.834
86.610,127.534,-16.569,1.000,122.413,22.651,-1.965
86.615,120.042,-16.839,1.000,124.210,22.076,0.015
86.621,120.042,-16.839,1.000,125.000,21.427,-0.944
86.627,120.042,-16.839,1.000,127.024,20.719,-0.357
86.632,120.042,-16.839,1.000,129.944,18.953,0.326
86.638,120.042,-16.839,1.000,131.902,16.786,0.857
86.644,108.336,-17.665,1.000,134.058,16.483,0.426
86.650,108.336,-17.665,1.000,135.202,15.361,-0.848
86.655,108.336,-17.665,1.000,134.896,16.648,-0.750
86.661,85.768,-17.946,1.000,136.215,17.228,-0.486
86.667,85.768,-17.946,1.000,136.124,17.865,1.576
86.673,85.768,-17.946,1.000,137.425,18.756,2.915
86.678,74.306,-17.665,1.000,140.320,20.559,3.499
86.684,60.480,-16.302,1.000,142.364,21.655,2.862
86.690,54.380,-16.038,1.000,143.852,21.335,2.783
86.696,54.380,-16.038,1.000,145.551,20.851,3.802
86.701,54.380,-16.038,1.000,145.812,20.085,3.659
86.707,54.380,-16.038,1.000,145.080,19.059,3.909
86.713,31.138,-12.154,1.000,146.240,16.396,4.617
86.719,31.138,-12.154,1.000,146.577,13.785,4.409
86.724,31.138,-12.154,1.000,146.929,12.793,3.313
86.730,15.261,-6.796,1.000,146.745,10.802,2.033
86.736,11.061,-6.445,1.000,146.486,7.272,2.491
86.741,11.061,-6.445,1.000,145.032,3.672,1.922
86.747,9.022,-5.589,1.000,143.764,-0.479,1.632
86.753,4.435,-3.014,1.000,143.333,-4.411,3.055
86.758,1.192,-1.492,1.000,140.280,-8.485,3.010
86.764,1.192,-1.492,1.000,135.692,-12.254,2.170
86.769,1.192,-1.492,1.000,132.084,-15.836,0.892
86.775,0.297,-0.893,1.000,126.275,-18.206,-0.368
86.780,0.297,-0.893,1.000,120.642,-21.240,-0.761
86.785,0.297,-0.893,1.000,116.649,-23.034,-0.650
86.790,0.148,-0.893,1.000,113.274,-24.511,-0.228
86.797,0.148,-0.893,1.000,110.659,-28.098,-0.800
86.804,0.148,-0.893,1.000,107.286,-27.240,-2.081
86.810,0.148,-0.893,1.000,105.940,-28.493,-3.555
86.817,0.000,-0.893,1.000,101.763,-25.965,-5.044
86.823,0.000,-0.744,1.000,101.187,-22.792,-3.606
86.830,0.000,-0.744,1.000,101.655,-20.310,-2.277
86.835,0.000,-0.744,1.000,101.130,-17.182,-2.110
86.840,0.000,-0.744,1.000,99.220,-12.874,-3.735
86.845,0.000,-0.744,1.000,99.838,-9.102,-3.123
86.852,0.000,-0.744,1.000,100.463,-8.914,-1.621
86.857,0.000,-0.744,1.000,97.901,-4.782,-1.968
86.864,0.000,-0.744,1.000,95.874,-1.595,-0.936
86.871,0.000,-0.744,1.000,92.873,3.658,-1.604
86.877,0.000,-0.744,1.000,87.990,9.150,-0.675
86.884,0.000,-0.744,1.000,82.693,11.151,1.030
86.891,0.000,-0.744,1.000,78.547,14.709,1.590
86.898,0.000,-0.744,1.000,74.607,19.199,2.336
86.904,0.000,-0.744,1.000,73.369,21.605,2.822
86.909,0.000,-0.744,1.000,71.686,23.073,3.884
86.914,0.000,-0.744,1.000,71.239,23.162,4.521
86.919,0.000,-0.744,1.000,69.111,25.934,3.631
86.926,0.000,-0.744,1.000,65.791,28.788,4.220
86.931,0.000,-0.744,1.000,64.974,29.761,2.584
86.936,0.000,-0.744,1.000,64.329,29.996,0.976
86.943,0.000,-0.744,1.000,59.785,31.516,1.031
86.948,0.000,-0.744,1.000,57.168,30.371,0.633
86.953,0.000,-0.744,1.000,56.603,29.617,0.572
86.960,0.000,-0.744,1.000,56.428,33.810,0.976
86.966,0.000,-0.744,1.000,58.745,35.848,0.596
86.972,0.000,-0.744,1.000,60.548,35.182,0.705
86.978,0.000,-0.744,1.000,60.099,35.753,1.256
86.985,-0.148,-0.744,1.000,56.848,38.083,2.993
86.990,-0.148,-0.744,1.000,55.394,38.765,3.346
86.997,-0.148,-0.744,1.000,55.092,39.638,4.083
87.004,-0.148,-0.744,1.000,53.489,39.499,3.518
87.009,-0.148,-0.744,1.000,54.977,40.430,3.326
87.016,-5.254,-0.744,1.000,51.954,38.423,2.643
87.021,-6.445,-0.744,1.000,49.104,36.554,1.552
87.027,-6.445,-0.744,1.000,47.691,37.229,0.560
87.033,-6.445,-0.744,1.000,46.334,37.732,1.179
87.039,-6.445,-0.744,1.000,46.232,35.837,1.420
87.044,-12.607,-0.744,1.000,44.743,35.765,0.706
87.050,-12.607,-0.744,1.000,43.974,36.336,-0.485
87.056,-12.607,-0.744,1.000,42.766,36.514,-1.618
87.061,-18.808,-0.744,1.000,41.585,37.338,-1.298
87.067,-20.927,-0.744,1.000,38.883,37.363,-1.995
87.073,-20.927,-0.744,1.000,35.866,36.305,-1.125
87.078,-20.927,-0.744,1.000,33.068,35.168,-0.571
87.084,-20.927,-0.744,1.000,31.034,32.847,0.507
87.090,-20.927,-0.744,1.000,30.021,31.460,1.299
87.096,-20.927,-0.744,1.000,29.420,31.368,1.179
87.101,-20.927,-0.744,1.000,28.296,31.750,1.214
87.107,-27.911,-1.793,1.000,25.545,33.639,1.302
87.113,-27.911,-1.793,1.000,23.421,36.989,0.980
87.118,-27.911,-1.793,1.000,20.661,40.435,1.114
87.124,-27.911,-3.169,1.000,19.634,40.434,0.254
87.130,-27.911,-3.169,1.000,18.366,39.502,-0.021
87.135,-27.911,-3.169,1.000,16.723,38.766,0.493
87.141,-27.911,-3.169,1.000,15.176,35.966,0.814
87.147,-27.911,-6.099,1.000,11.585,35.114,0.878
87.152,-28.693,-6.620,1.000,8.882,33.337,-0.508
87.158,-28.693,-6.620,1.000,7.479,30.009,-1.196
87.164,-28.693,-6.620,1.000,6.094,25.320,-1.810
87.170,-31.560,-6.974,1.000,4.108,20.506,-2.653
87.175,-34.188,-7.515,1.000,2.795,18.052,-1.622
87.181,-34.188,-7.515,1.000,2.653,14.730,-3.059
87.187,-34.188,-7.515,1.000,1.351,10.288,-3.384
87.192,-38.442,-10.638,1.000,-1.605,7.924,-3.720
87.198,-38.442,-11.711,1.000,-2.255,3.325,-5.048
87.204,-38.442,-11.711,1.000,-3.376,-0.063,-5.841
87.210,-37.950,-12.836,1.000,-6.340,0.057,-6.873
87.215,-37.463,-13.538,1.000,-7.319,-3.524,-6.927
87.221,-37.463,-14.262,1.000,-8.799,-4.068,-7.377
87.227,-37.463,-14.262,1.000,-9.465,-5.790,-7.598
87.232,-37.463,-14.262,1.000,-9.809,-4.510,-7.629
87.238,-36.031,-17.387,1.000,-9.873,-4.280,-5.876
87.244,-36.031,-17.387,1.000,-11.515,-5.571,-4.823
87.250,-36.031,-17.387,1.000,-11.281,-6.171,-3.364
87.255,-33.739,-19.697,1.000,-9.959,-10.079,-2.083
87.261,-33.739,-19.697,2.000,-10.989,-10.634,-1.192
87.267,-33.739,-19.697,2.000,-8.972,-10.430,-2.433
87.272,-33.739,-19.697,2.000,-9.601,-9.712,-3.906
87.278,-33.294,-20.000,1.000,-10.457,-9.858,-3.742
87.284,-33.739,-21.242,1.000,-10.512,-12.310,-3.071
87.290,-33.739,-21.242,1.000,-12.301,-12.979,-2.989
87.295,-33.739,-21.242,1.000,-13.734,-14.269,-0.910
87.301,-33.739,-21.242,1.000,-14.769,-13.945,-0.604
87.307,-33.739,-21.242,1.000,-17.045,-12.771,-0.539
87.312,-33.739,-21.242,1.000,-18.326,-12.088,1.531
87.318,-33.739,-21.242,1.000,-21.956,-8.881,2.161
87.324,-34.188,-28.693,2.000,-23.851,-6.900,2.327
87.330,-34.188,-28.693,2.000,-26.919,-6.792,2.837
87.335,-34.188,-28.693,2.000,-29.716,-8.698,4.248
87.341,-34.188,-35.100,1.000,-30.953,-11.318,5.045
87.347,-34.188,-35.100,1.000,-32.539,-11.539,3.469
87.353,-34.188,-40.977,1.000,-33.268,-13.296,4.566
87.358,-34.188,-40.977,1.000,-35.587,-16.459,6.235
87.364,-34.188,-42.027,1.000,-38.509,-17.767,6.509
87.370,-33.739,-43.098,1.000,-39.034,-18.933,6.173
87.375,-33.739,-41.500,1.000,-42.556,-18.616,6.616
87.381,-33.739,-41.500,1.000,-45.593,-21.116,8.168
87.387,-33.739,-41.500,1.000,-47.820,-21.646,8.365
87.393,-31.987,-43.641,1.000,-48.972,-21.873,7.817
87.398,-30.720,-43.641,1.000,-49.172,-22.966,8.309
87.404,-30.720,-43.641,1.000,-48.833,-22.884,8.985
87.410,-30.720,-43.641,1.000,-47.700,-25.159,9.299
87.415,-27.145,-44.190,1.000,-49.228,-25.837,9.431
87.421,-26.768,-43.641,1.000,-47.067,-32.445,10.712
87.427,-26.768,-43.641,1.000,-47.383,-36.490,11.415
87.433,-26.768,-43.641,1.000,-46.417,-38.702,10.342
87.438,-24.586,-41.500,1.000,-44.149,-39.485,10.534
87.444,-24.586,-41.500,1.000,-41.623,-39.587,10.710
87.450,-24.586,-41.500,1.000,-41.256,-38.488,10.439
87.455,-24.586,-41.500,1.000,-39.774,-37.891,10.343
87.461,-18.808,-37.950,1.000,-40.947,-34.322,9.340
87.467,-18.808,-37.950,1.000,-40.846,-30.747,8.120
87.472,-17.387,-31.560,1.000,-40.321,-29.456,10.160
87.478,-17.387,-31.560,1.000,-38.930,-27.679,9.660
87.484,-15.007,-23.546,1.000,-39.810,-26.050,8.961
87.489,-15.007,-23.546,1.000,-40.199,-23.426,8.993
87.495,-15.007,-23.546,1.000,-41.192,-21.198,9.578
87.501,-15.007,-23.546,1.000,-41.834,-19.801,11.723
87.507,-11.276,-19.101,2.000,-42.949,-17.048,11.605
87.512,-11.276,-19.101,2.000,-44.214,-16.520,12.100
87.518,-11.276,-19.101,2.000,-46.131,-14.812,13.082
87.524,-9.416,-17.946,1.000,-46.808,-13.827,14.204
87.529,-9.416,-17.946,1.000,-46.430,-13.079,14.692
87.535,-9.416,-17.946,1.000,-47.139,-14.692,15.047
87.541,-7.515,-16.569,1.000,-47.901,-14.481,13.776
87.547,-7.153,-16.302,1.000,-48.783,-15.735,14.010
87.552,-7.153,-16.302,1.000,-50.733,-14.300,13.673
87.558,-7.153,-16.302,1.000,-53.586,-13.565,13.735
87.564,-6.974,-15.776,1.000,-55.938,-14.071,14.979
87.570,-6.974,-15.776,1.000,-55.867,-14.557,15.102
87.575,-6.974,-15.776,1.000,-55.815,-16.199,14.453
87.581,-6.974,-15.776,1.000,-57.801,-16.258,13.811
87.587,-6.796,-15.517,1.000,-58.456,-14.028,15.063
87.593,-6.796,-15.517,1.000,-60.335,-12.272,15.058
87.598,-6.974,-15.776,1.000,-60.242,-10.998,16.421
87.604,-6.974,-15.776,1.000,-58.387,-9.657,17.794
87.610,-6.974,-15.776,1.000,-58.827,-7.613,18.228
87.615,-6.974,-15.776,1.000,-61.280,-4.807,17.732
87.621,-9.416,-15.776,1.000,-63.475,-1.640,17.234
87.627,-9.416,-15.776,1.000,-64.042,1.833,16.989
87.633,-9.416,-15.776,1.000,-66.038,5.417,16.585
87.638,-12.836,-15.776,1.000,-68.868,8.386,15.564
87.644,-15.776,-16.569,1.000,-71.710,10.691,13.860
87.650,-15.776,-16.569,1.000,-75.735,13.576,12.303
87.655,-15.776,-16.569,1.000,-80.499,16.639,11.986
87.661,-24.236,-17.387,1.000,-84.912,18.627,10.799
87.667,-24.236,-17.387,1.000,-88.616,19.291,9.753
87.672,-27.526,-17.387,1.000,-92.359,18.775,9.285
87.678,-27.526,-17.387,1.000,-97.104,18.518,9.537
87.684,-39.441,-19.697,1.000,-100.845,18.298,8.700
87.690,-39.441,-19.697,1.000,-103.611,17.502,7.486
87.695,-40.977,-20.000,1.000,-106.259,16.763,6.211
87.701,-40.977,-20.000,1.000,-107.660,15.027,4.508
87.707,-43.641,-20.000,1.000,-109.154,13.228,3.001
87.712,-43.641,-20.000,1.000,-111.452,12.126,0.675
87.718,-44.744,-20.000,1.000,-114.347,10.567,0.883
87.724,-44.744,-20.000,1.000,-116.550,10.167,0.880
87.730,-45.304,-20.000,1.000,-117.398,8.861,-0.226
87.735,-45.304,-20.000,1.000,-118.593,8.372,-1.788
87.741,-45.304,-20.000,1.000,-120.288,7.351,-2.887
87.747,-44.744,-20.305,1.000,-122.442,7.992,-4.489
87.753,-44.744,-20.305,1.000,-124.588,7.582,-5.237
87.758,-44.744,-20.305,1.000,-125.046,5.650,-5.969
87.764,-44.744,-20.305,1.000,-126.310,4.220,-6.398
87.770,-44.744,-20.305,1.000,-128.242,2.039,-6.771
87.775,-45.304,-20.614,1.000,-129.323,1.062,-7.502
87.781,-45.304,-20.614,1.000,-130.750,-0.009,-8.816
87.787,-45.304,-22.209,1.000,-130.100,-2.146,-9.686
87.793,-45.869,-22.870,1.000,-128.694,-3.705,-9.986
87.798,-45.869,-22.870,1.000,-128.478,-5.993,-10.403
87.804,-45.869,-22.870,1.000,-127.879,-7.918,-12.695
87.810,-46.439,-24.941,1.000,-128.075,-8.685,-13.623
87.815,-46.439,-24.586,1.000,-129.292,-10.095,-13.762
87.821,-46.439,-25.298,1.000,-129.026,-10.233,-14.398
87.827,-46.439,-25.298,1.000,-126.254,-11.405,-15.143
87.832,-45.869,-26.395,1.000,-123.384,-12.952,-15.697
87.838,-45.869,-26.395,1.000,-122.235,-13.096,-15.951
87.844,-45.869,-26.395,1.000,-119.929,-12.513,-15.842
87.850,-45.304,-26.395,1.000,-117.034,-10.653,-15.725
87.855,-44.190,-28.300,1.000,-113.826,-11.426,-14.251
87.861,-44.190,-28.300,1.000,-112.994,-11.619,-12.947
87.867,-44.190,-28.300,1.000,-111.411,-11.551,-12.604
87.872,-43.641,-36.031,1.000,-110.518,-10.828,-12.856
87.878,-43.098,-39.948,1.000,-109.068,-11.158,-12.129
87.884,-43.098,-45.304,1.000,-107.561,-10.931,-11.351
87.890,-43.098,-45.304,1.000,-107.706,-12.020,-11.050
87.895,-43.098,-46.439,1.000,-107.023,-12.577,-11.765
87.901,-43.098,-46.439,1.000,-107.632,-15.026,-13.610
87.907,-42.027,-55.691,1.000,-109.882,-17.226,-14.622
87.913,-42.027,-55.691,1.000,-110.657,-19.170,-13.452
87.918,-41.500,-60.480,1.000,-112.702,-20.506,-14.666
87.924,-41.500,-60.480,1.000,-112.836,-23.904,-13.953
87.930,-36.981,-71.842,1.000,-111.786,-29.264,-13.456
87.935,-36.981,-71.842,1.000,-111.970,-35.374,-14.322
87.941,-34.188,-77.694,1.000,-113.636,-40.010,-13.439
87.947,-34.188,-77.694,1.000,-114.867,-43.581,-11.263
87.953,-22.209,-105.008,1.000,-116.481,-46.111,-9.582
87.959,-22.209,-105.008,1.000,-116.237,-49.799,-7.696
87.964,-19.398,-110.602,1.000,-115.319,-51.553,-6.686
87.970,-19.398,-110.602,1.000,-114.792,-54.039,-5.817
87.976,-13.302,-140.843,1.000,-113.544,-58.720,-4.270
87.981,-13.302,-140.843,1.000,-112.176,-62.826,-2.524
87.987,-11.711,-156.734,1.000,-111.398,-63.759,-0.911
87.993,-11.711,-156.734,1.000,-108.584,-65.136,-0.132
87.998,-11.711,-156.734,1.000,-106.943,-67.147,0.919
88.004,-11.711,-156.734,1.000,-105.229,-68.008,0.602
88.010,-9.022,-209.315,1.000,-103.480,-69.659,0.865
88.016,-8.828,-220.943,1.000,-101.225,-69.900,1.393
88.021,-8.828,-220.943,1.000,-99.642,-70.429,1.658
88.027,-8.828,-220.943,1.000,-97.821,-71.711,2.571
88.033,-8.828,-220.943,1.000,-96.209,-76.200,3.243
88.038,-9.218,-228.978,1.000,-95.718,-79.897,2.990
88.044,-9.218,-228.978,1.000,-94.375,-82.790,4.543
88.050,-9.218,-228.978,1.000,-92.245,-86.870,4.883
88.055,-9.218,-228.978,1.000,-89.764,-91.975,6.242
88.061,-9.218,-228.978,1.000,-86.893,-96.558,7.728
88.067,-9.218,-228.978,1.000,-83.899,-102.281,6.953
88.072,-9.022,-220.943,1.000,-81.469,-106.828,7.094
88.078,-9.022,-218.970,1.000,-80.486,-109.827,7.531
88.084,-9.022,-218.970,1.000,-78.184,-112.746,7.382
88.090,-9.022,-218.970,1.000,-75.559,-118.497,8.249
88.095,-8.256,-178.988,1.000,-73.668,-125.087,9.069
88.101,-8.256,-178.988,1.000,-72.711,-130.530,9.819
88.107,-5.928,-155.233,1.000,-71.709,-134.340,9.217
88.112,-5.928,-155.233,1.000,-68.256,-140.078,8.192
88.118,-5.928,-155.233,1.000,-64.357,-144.616,7.142
88.124,-5.928,-155.233,1.000,-66.002,-144.919,6.333
88.130,-0.595,-110.602,1.000,-65.753,-145.645,5.904
88.135,-0.595,-110.602,1.000,-65.871,-145.128,4.306
88.141,-0.595,-107.218,1.000,-65.925,-147.002,3.628
88.146,-0.595,-107.218,1.000,-63.470,-148.195,1.717
88.151,-0.595,-107.218,1.000,-62.410,-149.416,0.486
88.157,0.000,-73.477,1.000,-61.667,-148.561,-0.353
88.162,0.000,-68.659,1.000,-62.874,-146.352,-0.546
88.167,0.000,-68.659,1.000,-62.858,-144.521,0.449
88.172,0.000,-59.776,1.000,-61.574,-143.475,1.242
88.177,0.000,-59.080,1.000,-61.407,-141.611,-0.259
88.182,0.000,-59.080,1.000,-61.039,-138.628,-1.859
88.187,0.000,-59.080,1.000,-59.914,-137.119,-1.094
88.192,0.000,-57.028,1.000,-58.089,-134.881,-1.591
88.197,0.000,-57.028,1.000,-58.065,-132.047,-2.324
88.202,0.000,-57.028,1.000,-55.458,-130.717,-1.515
88.207,0.000,-57.705,1.000,-54.420,-128.126,-1.489
88.214,0.000,-57.705,1.000,-51.886,-123.935,-1.681
88.220,0.000,-57.705,1.000,-50.891,-118.236,-3.128
88.225,0.000,-57.705,1.000,-50.561,-116.233,-3.370
88.231,0.000,-59.776,1.000,-48.925,-113.958,-2.423
88.236,0.000,-59.776,1.000,-46.971,-111.847,-2.679
88.241,0.000,-61.190,1.000,-46.443,-109.096,-4.252
88.246,0.000,-62.629,1.000,-45.350,-106.128,-5.217
88.251,0.000,-62.629,1.000,-44.338,-103.900,-6.196
88.256,0.000,-64.096,1.000,-43.010,-103.174,-7.468
88.261,0.000,-64.096,1.000,-42.290,-102.539,-6.586
88.268,0.000,-64.839,1.000,-40.578,-99.549,-6.162
88.274,0.000,-64.839,1.000,-38.666,-97.013,-5.407
88.279,0.000,-65.589,1.000,-37.243,-96.704,-6.083
88.284,0.000,-65.589,1.000,-34.795,-96.386,-5.234
88.289,0.000,-65.589,1.000,-34.172,-93.922,-5.103
88.294,0.000,-60.480,1.000,-32.380,-93.012,-4.844
88.301,0.000,-60.480,1.000,-29.942,-91.785,-3.287
88.308,0.000,-61.190,1.000,-26.259,-90.122,-3.699
88.313,0.000,-61.190,1.000,-24.338,-89.844,-3.064
88.318,0.000,-61.906,1.000,-22.874,-90.644,-2.903
88.323,0.000,-61.906,1.000,-21.736,-88.671,-3.115
88.330,0.000,-61.906,1.000,-18.859,-87.338,-2.556
88.336,0.000,-61.906,1.000,-15.944,-87.448,-2.975
88.342,0.000,-62.629,1.000,-13.762,-87.559,-1.725
88.348,0.000,-62.629,1.000,-12.130,-87.156,-1.170
88.353,0.000,-63.359,1.000,-12.458,-85.423,-1.273
88.358,0.000,-63.359,1.000,-9.871,-85.064,0.093
88.365,0.000,-63.359,2.000,-8.030,-84.564,0.720
88.370,0.000,-63.359,2.000,-7.570,-80.583,0.180
88.377,0.000,-59.080,1.000,-3.916,-82.360,-1.483
88.384,0.000,-59.080,1.000,-5.204,-83.084,-2.867
88.390,0.000,-59.080,1.000,-2.001,-87.292,-1.055
88.397,0.000,-47.597,1.000,-2.323,-85.205,-2.130
88.402,0.000,-47.597,1.000,-2.115,-87.138,-2.079
88.407,0.000,-47.597,1.000,-2.958,-90.995,-1.046
88.414,0.148,-31.560,1.000,-2.989,-90.330,-0.594
88.421,0.148,-31.560,1.000,-2.553,-88.523,0.599
88.426,0.297,-27.911,2.000,0.432,-88.753,-0.338
88.431,0.297,-27.911,2.000,1.892,-88.866,-0.271
88.436,0.297,-27.911,2.000,3.439,-87.792,0.332
88.442,0.297,-27.911,2.000,5.105,-87.694,0.771
88.447,0.297,-27.911,2.000,6.403,-86.878,1.117
88.452,0.297,-27.911,2.000,6.796,-88.591,3.622
88.458,0.297,-27.911,2.000,5.017,-88.649,6.639
88.463,2.399,-19.398,1.000,5.562,-89.303,10.465
88.469,2.399,-19.398,1.000,5.264,-84.704,18.760
88.474,2.399,-19.398,1.000,1.927,-71.870,31.355
88.479,2.399,-19.398,1.000,10.411,-44.471,72.016
88.485,2.399,-10.849,2.000,44.041,22.792,171.284
88.490,2.399,-10.849,2.000,79.823,102.177,273.068
88.495,2.399,-10.849,2.000,100.271,173.048,348.678
88.500,2.247,-7.153,2.000,108.917,226.857,409.872
88.506,2.247,-7.153,2.000,103.212,260.260,454.917
88.512,2.247,-7.153,2.000,94.710,279.572,488.614
88.517,2.247,-7.153,2.000,81.592,285.969,501.558
88.523,1.341,-4.924,1.000,61.880,285.757,492.002
88.529,1.341,-4.924,1.000,32.323,284.873,459.777
88.534,1.341,-4.924,1.000,13.669,296.557,426.239
88.540,1.341,-4.924,1.000,3.102,307.847,405.978
88.545,1.341,-4.924,1.000,-7.710,322.233,395.216
88.550,1.341,-4.924,1.000,-7.710,322.233,395.216
88.556,1.341,-4.924,1.000,-7.710,322.233,395.216
88.561,1.341,-4.924,1.000,-7.710,322.233,395.216
88.566,1.341,-4.924,1.000,-7.710,322.233,395.216
88.571,1.341,-4.924,1.000,-7.710,322.233,395.216
88.577,1.341,-4.924,1.000,-7.710,322.233,395.216
88.582,1.341,-4.924,1.000,-7.710,322.233,395.216
88.587,1.341,-4.924,1.000,-7.710,322.233,395.216
88.593,1.341,-4.924,1.000,-7.710,322.233,395.216
88.598,1.341,-4.924,1.000,-7.710,322.233,395.216
88.603,1.341,-4.924,1.000,-7.710,322.233,395.216
88.608,1.341,-4.924,1.000,-7.710,322.233,395.216
88.614,1.341,-4.924,1.000,-7.710,322.233,395.216
88.619,1.341,-4.924,1.000,-7.710,322.233,395.216
88.624,1.341,-4.924,1.000,-7.710,322.233,395.216
88.629,1.341,-4.924,1.000,-7.710,322.233,395.216
88.635,1.341,-4.924,1.000,-7.710,322.233,395.216
88.640,1.341,-4.924,1.000,-7.710,322.233,395.216
88.646,1.341,-4.924,1.000,-7.710,322.233,395.216
88.651,1.341,-4.924,1.000,-7.710,322.233,395.216
88.656,1.341,-4.924,1.000,-7.710,322.233,395.216
88.661,1.341,-4.924,1.000,-7.710,322.233,395.216
88.667,1.341,-4.924,1.000,-7.710,322.233,395.216
88.672,1.341,-4.924,1.000,-7.710,322.233,395.216
88.677,1.341,-4.924,1.000,-7.710,322.233,395.216
88.683,1.341,-4.924,1.000,-7.710,322.233,395.216
88.688,1.341,-4.924,1.000,-7.710,322.233,395.216
88.694,1.341,-4.924,1.000,-7.710,322.233,395.216
88.699,1.341,-4.924,1.000,-7.710,322.233,395.216
88.704,1.341,-4.924,1.000,-7.710,322.233,395.216
88.710,1.341,-4.924,1.000,-7.710,322.233,395.216
88.715,1.341,-4.924,1.000,-7.710,322.233,395.216
88.720,1.341,-4.924,1.000,-7.710,322.233,395.216
88.725,1.341,-4.924,1.000,-7.710,322.233,395.216
88.731,1.341,-4.924,1.000,-7.710,322.233,395.216
88.736,1.341,-4.924,1.000,-7.710,322.233,395.216
88.741,1.341,-4.924,1.000,-7.710,322.233,395.216
88.747,1.341,-4.924,1.000,-7.710,322.233,395.216
88.752,1.341,-4.924,1.000,-7.710,322.233,395.216
88.758,1.341,-4.924,1.000,-7.710,322.233,395.216
88.763,1.341,-4.924,1.000,-7.710,322.233,395.216
88.769,1.341,-4.924,1.000,-7.710,322.233,395.216
88.774,1.341,-4.924,1.000,-7.710,322.233,395.216
88.779,1.341,-4.924,1.000,-7.710,322.233,395.216
88.785,1.341,-4.924,1.000,-7.710,322.233,395.216
88.790,1.341,-4.924,1.000,-7.710,322.233,395.216
88.795,1.341,-4.924,1.000,-7.710,322.233,395.216
88.801,1.341,-4.924,1.000,-7.710,322.233,395.216
88.806,1.341,-4.924,1.000,-7.710,322.233,395.216
88.811,1.341,-4.924,1.000,-7.710,322.233,395.216
88.817,1.341,-4.924,1.000,-7.710,322.233,395.216
88.822,1.341,-4.924,1.000,-7.710,322.233,395.216
88.827,1.341,-4.924,1.000,-7.710,322.233,395.216
88.833,1.341,-4.924,1.000,-7.710,322.233,395.216
88.838,1.341,-4.924,1.000,-7.710,322.233,395.216
88.844,1.341,-4.924,1.000,-7.710,322.233,395.216
88.849,1.341,-4.924,1.000,-7.710,322.233,395.216
88.854,1.341,-4.924,1.000,-7.710,322.233,395.216
88.859,1.341,-4.924,1.000,-7.710,322.233,395.216
88.865,1.341,-4.924,1.000,-7.710,322.233,395.216
88.870,1.341,-4.924,1.000,-7.710,322.233,395.216
88.875,1.341,-4.924,1.000,-7.710,322.233,395.216
88.880,1.341,-4.924,1.000,-7.710,322.233,395.216
88.886,1.341,-4.924,1.000,-7.710,322.233,395.216
88.891,1.341,-4.924,1.000,-7.710,322.233,395.216
88.896,1.341,-4.924,1.000,-7.710,322.233,395.216
88.901,1.341,-4.924,1.000,-7.710,322.233,395.216
88.907,1.341,-4.924,1.000,-7.710,322.233,395.216
88.912,1.341,-4.924,1.000,-7.710,322.233,395.216
88.917,1.341,-4.924,1.000,-7.710,322.233,395.216
88.922,1.341,-4.924,1.000,-7.710,322.233,395.216
88.928,1.341,-4.924,1.000,-7.710,322.233,395.216
88.933,1.341,-4.924,1.000,-7.710,322.233,395.216
88.938,1.341,-4.924,1.000,-7.710,322.233,395.216
88.943,1.341,-4.924,1.000,-7.710,322.233,395.216
88.949,1.341,-4.924,1.000,-7.710,322.233,395.216
88.954,1.341,-4.924,1.000,-7.710,322.233,395.216
88.959,1.341,-4.924,1.000,-7.710,322.233,395.216
88.964,1.341,-4.924,1.000,-7.710,322.233,395.216
88.970,1.341,-4.924,1.000,-7.710,322.233,395.216
88.975,1.341,-4.924,1.000,-7.710,322.233,395.216
88.980,1.341,-4.924,1.000,-7.710,322.233,395.216
88.985,1.341,-4.924,1.000,-7.710,322.233,395.216
88.991,1.341,-4.924,1.000,-7.710,322.233,395.216
88.996,1.341,-4.924,1.000,-7.710,322.233,395.216
89.001,1.341,-4.924,1.000,-7.710,322.233,395.216
89.006,1.341,-4.924,1.000,-7.710,322.233,395.216
89.012,1.341,-4.924,1.000,-7.710,322.233,395.216
89.017,1.341,-4.924,1.000,-7.710,322.233,395.216
89.022,1.341,-4.924,1.000,-7.710,322.233,395.216
89.027,1.341,-4.924,1.000,-7.710,322.233,395.216
89.033,1.341,-4.924,1.000,-7.710,322.233,395.216
89.038,1.341,-4.924,1.000,-7.710,322.233,395.216
89.043,1.341,-4.924,1.000,-7.710,322.233,395.216
89.048,1.341,-4.924,1.000,-7.710,322.233,395.216
89.053,1.341,-4.924,1.000,-7.710,322.233,395.216
89.059,1.341,-4.924,1.000,-7.710,322.233,395.216
89.064,1.341,-4.924,1.000,-7.710,322.233,395.216
89.069,1.341,-4.924,1.000,-7.710,322.233,395.216
89.074,1.341,-4.924,1.000,-7.710,322.233,395.216
89.079,1.341,-4.924,1.000,-7.710,322.233,395.216
89.085,1.341,-4.924,1.000,-7.710,322.233,395.216
89.090,1.341,-4.924,1.000,-7.710,322.233,395.216
89.095,1.341,-4.924,1.000,-7.710,322.233,395.216
89.100,1.341,-4.924,1.000,-7.710,322.233,395.216
89.105,1.341,-4.924,1.000,-7.710,322.233,395.216
89.111,1.341,-4.924,1.000,-7.710,322.233,395.216
89.116,1.341,-4.924,1.000,-7.710,322.233,395.216
89.121,1.341,-4.924,1.000,-7.710,322.233,395.216
89.126,1.341,-4.924,1.000,-7.710,322.233,395.216
89.132,1.341,-4.924,1.000,-7.710,322.233,395.216
89.137,1.341,-4.924,1.000,-7.710,322.233,395.216
89.142,1.341,-4.924,1.000,-7.710,322.233,395.216
89.148,1.341,-4.924,1.000,-7.710,322.233,395.216
89.153,1.341,-4.924,1.000,-7.710,322.233,395.216
89.158,1.341,-4.924,1.000,-7.710,322.233,395.216
89.163,1.341,-4.924,1.000,-7.710,322.233,395.216
89.168,1.341,-4.924,1.000,-7.710,322.233,395.216
89.173,1.341,-4.924,1.000,-7.710,322.233,395.216
89.178,1.341,-4.924,1.000,-7.710,322.233,395.216
89.184,1.341,-4.924,1.000,-7.710,322.233,395.216
89.189,1.341,-4.924,1.000,-7.710,322.233,395.216
89.194,1.341,-4.924,1.000,-7.710,322.233,395.216
89.199,1.341,-4.924,1.000,-7.710,322.233,395.216
89.204,1.341,-4.924,1.000,-7.710,322.233,395.216
89.209,1.341,-4.924,1.000,-7.710,322.233,395.216
89.214,1.341,-4.924,1.000,-7.710,322.233,395.216
89.219,1.341,-4.924,1.000,-7.710,322.233,395.216
89.224,1.341,-4.924,1.000,-7.710,322.233,395.216
89.229,1.341,-4.924,1.000,-7.710,322.233,395.216
89.234,1.341,-4.924,1.000,-7.710,322.233,395.216
89.239,1.341,-4.924,1.000,-7.710,322.233,395.216
89.244,1.341,-4.924,1.000,-7.710,322.233,395.216
89.250,1.341,-4.924,1.000,-7.710,322.233,395.216
89.255,1.341,-4.924,1.000,-7.710,322.233,395.216
89.260,1.341,-4.924,1.000,-7.710,322.233,395.216
89.265,1.341,-4.924,1.000,-7.710,322.233,395.216
89.270,1.341,-4.924,1.000,-7.710,322.233,395.216
89.275,1.341,-4.924,1.000,-7.710,322.233,395.216
89.280,1.341,-4.924,1.000,-7.710,322.233,395.216
89.285,1.341,-4.924,1.000,-7.710,322.233,395.216
89.290,1.341,-4.924,1.000,-7.710,322.233,395.216
89.295,1.341,-4.924,1.000,-7.710,322.233,395.216
89.300,1.341,-4.924,1.000,-7.710,322.233,395.216
89.305,1.341,-4.924,1.000,-7.710,322.233,395.216
89.310,1.341,-4.924,1.000,-7.710,322.233,395.216
89.315,1.341,-4.924,1.000,-7.710,322.233,395.216
89.320,1.341,-4.924,1.000,-7.710,322.233,395.216
89.325,1.341,-4.924,1.000,-7.710,322.233,395.216
89.331,1.341,-4.924,1.000,-7.710,322.233,395.216
89.336,1.341,-4.924,1.000,-7.710,322.233,395.216
89.341,1.341,-4.924,1.000,-7.710,322.233,395.216
89.346,1.341,-4.924,1.000,-7.710,322.233,395.216
89.351,1.341,-4.924,1.000,-7.710,322.233,395.216
89.356,1.341,-4.924,1.000,-7.710,322.233,395.216
89.361,1.341,-4.924,1.000,-7.710,322.233,395.216
89.366,1.341,-4.924,1.000,-7.710,322.233,395.216
89.371,1.341,-4.924,1.000,-7.710,322.233,395.216
89.376,1.341,-4.924,1.000,-7.710,322.233,395.216
89.381,1.341,-4.924,1.000,-7.710,322.233,395.216
89.386,1.341,-4.924,1.000,-7.710,322.233,395.216
89.391,1.341,-4.924,1.000,-7.710,322.233,395.216
89.397,1.341,-4.924,1.000,-7.710,322.233,395.216
89.402,1.341,-4.924,1.000,-7.710,322.233,395.216
89.407,1.341,-4.924,1.000,-7.710,322.233,395.216
89.412,1.341,-4.924,1.000,-7.710,322.233,395.216
89.417,1.341,-4.924,1.000,-7.710,322.233,395.216
89.422,1.341,-4.924,1.000,-7.710,322.233,395.216
89.427,1.341,-4.924,1.000,-7.710,322.233,395.216
89.432,1.341,-4.924,1.000,-7.710,322.233,395.216
89.437,1.341,-4.924,1.000,-7.710,322.233,395.216
89.442,1.341,-4.924,1.000,-7.710,322.233,395.216
89.447,1.341,-4.924,1.000,-7.710,322.233,395.216
89.452,1.341,-4.924,1.000,-7.710,322.233,395.216
89.458,1.341,-4.924,1.000,-7.710,322.233,395.216
89.463,1.341,-4.924,1.000,-7.710,322.233,395.216
89.468,1.341,-4.924,1.000,-7.710,322.233,395.216
89.473,1.341,-4.924,1.000,-7.710,322.233,395.216
89.478,1.341,-4.924,1.000,-7.710,322.233,395.216
89.483,1.341,-4.924,1.000,-7.710,322.233,395.216
89.488,1.341,-4.924,1.000,-7.710,322.233,395.216
89.493,1.341,-4.924,1.000,-7.710,322.233,395.216
89.498,1.341,-4.924,1.000,-7.710,322.233,395.216
89.503,1.341,-4.924,1.000,-7.710,322.233,395.216
89.508,1.341,-4.924,1.000,-7.710,322.233,395.216
89.513,1.341,-4.924,1.000,-7.710,322.233,395.216
89.518,1.341,-4.924,1.000,-7.710,322.233,395.216
89.524,1.341,-4.924,1.000,-7.710,322.233,395.216
89.529,1.341,-4.924,1.000,-7.710,322.233,395.216
89.534,1.341,-4.924,1.000,-7.710,322.233,395.216
89.539,1.341,-4.924,1.000,-7.710,322.233,395.216
89.544,1.341,-4.924,1.000,-7.710,322.233,395.216
89.549,1.341,-4.924,1.000,-7.710,322.233,395.216
89.554,1.341,-4.924,1.000,-7.710,322.233,395.216
89.559,1.341,-4.924,1.000,-7.710,322.233,395.216
89.564,1.341,-4.924,1.000,-7.710,322.233,395.216
89.569,1.341,-4.924,1.000,-7.710,322.233,395.216
89.574,1.341,-4.924,1.000,-7.710,322.233,395.216
89.579,1.341,-4.924,1.000,-7.710,322.233,395.216
89.585,1.341,-4.924,1.000,-7.710,322.233,395.216
89.590,1.341,-4.924,1.000,-7.710,322.233,395.216
89.595,1.341,-4.924,1.000,-7.710,322.233,395.216
89.600,1.341,-4.924,1.000,-7.710,322.233,395.216
89.605,1.341,-4.924,1.000,-7.710,322.233,395.216
89.610,1.341,-4.924,1.000,-7.710,322.233,395.216
89.615,1.341,-4.924,1.000,-7.710,322.233,395.216
89.620,1.341,-4.924,1.000,-7.710,322.233,395.216
89.625,1.341,-4.924,1.000,-7.710,322.233,395.216
89.630,1.341,-4.924,1.000,-7.710,322.233,395.216
89.635,1.341,-4.924,1.000,-7.710,322.233,395.216
89.640,1.341,-4.924,1.000,-7.710,322.233,395.216
89.645,1.341,-4.924,1.000,-7.710,322.233,395.216
89.650,1.341,-4.924,1.000,-7.710,322.233,395.216
89.655,1.341,-4.924,1.000,-7.710,322.233,395.216
89.661,1.341,-4.924,1.000,-7.710,322.233,395.216
89.666,1.341,-4.924,1.000,-7.710,322.233,395.216
89.671,1.341,-4.924,1.000,-7.710,322.233,395.216
89.676,1.341,-4.924,1.000,-7.710,322.233,395.216
89.681,1.341,-4.924,1.000,-7.710,322.233,395.216
89.686,1.341,-4.924,1.000,-7.710,322.233,395.216
89.691,1.341,-4.924,1.000,-7.710,322.233,395.216
89.696,1.341,-4.924,1.000,-7.710,322.233,395.216
89.701,1.341,-4.924,1.000,-7.710,322.233,395.216
89.706,1.341,-4.924,1.000,-7.710,322.233,395.216
89.711,1.341,-4.924,1.000,-7.710,322.233,395.216
89.716,1.341,-4.924,1.000,-7.710,322.233,395.216
89.721,1.341,-4.924,1.000,-7.710,322.233,395.216
89.727,1.341,-4.924,1.000,-7.710,322.233,395.216
89.732,1.341,-4.924,1.000,-7.710,322.233,395.216
89.737,1.341,-4.924,1.000,-7.710,322.233,395.216
89.742,1.341,-4.924,1.000,-7.710,322.233,395.216
89.747,1.341,-4.924,1.000,-7.710,322.233,395.216
89.752,1.341,-4.924,1.000,-7.710,322.233,395.216
89.757,1.341,-4.924,1.000,-7.710,322.233,395.216
89.762,1.341,-4.924,1.000,-7.710,322.233,395.216
89.767,1.341,-4.924,1.000,-7.710,322.233,395.216
89.772,1.341,-4.924,1.000,-7.710,322.233,395.216
89.777,1.341,-4.924,1.000,-7.710,322.233,395.216
89.782,1.341,-4.924,1.000,-7.710,322.233,395.216
89.787,1.341,-4.924,1.000,-7.710,322.233,395.216
89.792,1.341,-4.924,1.000,-7.710,322.233,395.216
89.797,1.341,-4.924,1.000,-7.710,322.233,395.216
89.803,1.341,-4.924,1.000,-7.710,322.233,395.216
89.808,1.341,-4.924,1.000,-7.710,322.233,395.216
89.813,1.341,-4.924,1.000,-7.710,322.233,395.216
89.818,1.341,-4.924,1.000,-7.710,322.233,395.216
89.823,1.341,-4.924,1.000,-7.710,322.233,395.216
89.828,1.341,-4.924,1.000,-7.710,322.233,395.216
89.833,1.341,-4.924,1.000,-7.710,322.233,395.216
89.838,1.341,-4.924,1.000,-7.710,322.233,395.216
89.843,1.341,-4.924,1.000,-7.710,322.233,395.216
89.848,1.341,-4.924,1.000,-7.710,322.233,395.216
89.853,1.341,-4.924,1.000,-7.710,322.233,395.216
89.858,1.341,-4.924,1.000,-7.710,322.233,395.216
89.863,1.341,-4.924,1.000,-7.710,322.233,395.216
89.868,1.341,-4.924,1.000,-7.710,322.233,395.216
89.874,1.341,-4.924,1.000,-7.710,322.233,395.216
89.879,1.341,-4.924,1.000,-7.710,322.233,395.216
89.884,1.341,-4.924,1.000,-7.710,322.233,395.216
89.889,1.341,-4.924,1.000,-7.710,322.233,395.216
89.894,1.341,-4.924,1.000,-7.710,322.233,395.216
89.899,1.341,-4.924,1.000,-7.710,322.233,395.216
89.904,1.341,-4.924,1.000,-7.710,322.233,395.216
89.909,1.341,-4.924,1.000,-7.710,322.233,395.216
89.914,1.341,-4.924,1.000,-7.710,322.233,395.216
89.919,1.341,-4.924,1.000,-7.710,322.233,395.216
89.924,1.341,-4.924,1.000,-7.710,322.233,395.216
89.929,1.341,-4.924,1.000,-7.710,322.233,395.216
89.935,1.341,-4.924,1.000,-7.710,322.233,395.216
89.940,1.341,-4.924,1.000,-7.710,322.233,395.216
89.945,1.341,-4.924,1.000,-7.710,322.233,395.216
89.950,1.341,-4.924,1.000,-7.710,322.233,395.216
89.955,1.341,-4.924,1.000,-7.710,322.233,395.216
89.960,1.341,-4.924,1.000,-7.710,322.233,395.216
89.965,1.341,-4.924,1.000,-7.710,322.233,395.216
89.970,1.341,-4.924,1.000,-7.710,322.233,395.216
89.975,1.341,-4.924,1.000,-7.710,322.233,395.216
89.980,1.341,-4.924,1.000,-7.710,322.233,395.216
89.985,1.341,-4.924,1.000,-7.710,322.233,395.216
89.990,1.341,-4.924,1.000,-7.710,322.233,395.216
89.995,1.341,-4.924,1.000,-7.710,322.233,395.216
90.000,1.341,-4.924,1.000,-7.710,322.233,395.216
90.005,1.341,-4.924,1.000,-7.710,322.233,395.216
90.011,1.341,-4.924,1.000,-7.710,322.233,395.216
90.016,1.341,-4.924,1.000,-7.710,322.233,395.216
90.021,1.341,-4.924,1.000,-7.710,322.233,395.216
90.026,1.341,-4.924,1.000,-7.710,322.233,395.216
90.031,1.341,-4.924,1.000,-7.710,322.233,395.216
90.036,1.341,-4.924,1.000,-7.710,322.233,395.216
90.041,1.341,-4.924,1.000,-7.710,322.233,395.216
90.046,1.341,-4.924,1.000,-7.710,322.233,395.216
90.051,1.341,-4.924,1.000,-7.710,322.233,395.216
90.056,1.341,-4.924,1.000,-7.710,322.233,395.216
90.061,1.341,-4.924,1.000,-7.710,322.233,395.216
90.066,1.341,-4.924,1.000,-7.710,322.233,395.216
90.071,1.341,-4.924,1.000,-7.710,322.233,395.216
90.076,1.341,-4.924,1.000,-7.710,322.233,395.216
90.081,1.341,-4.924,1.000,-7.710,322.233,395.216
90.087,1.341,-4.924,1.000,-7.710,322.233,395.216
90.092,1.341,-4.924,1.000,-7.710,322.233,395.216
90.097,1.341,-4.924,1.000,-7.710,322.233,395.216
90.102,1.341,-4.924,1.000,-7.710,322.233,395.216
90.107,1.341,-4.924,1.000,-7.710,322.233,395.216
90.112,1.341,-4.924,1.000,-7.710,322.233,395.216
90.117,1.341,-4.924,1.000,-7.710,322.233,395.216
90.122,1.341,-4.924,1.000,-7.710,322.233,395.216
90.127,1.341,-4.924,1.000,-7.710,322.233,395.216
90.132,1.341,-4.924,1.000,-7.710,322.233,395.216
90.137,1.341,-4.924,1.000,-7.710,322.233,395.216
90.142,1.341,-4.924,1.000,-7.710,322.233,395.216
90.147,1.341,-4.924,1.000,-7.710,322.233,395.216
90.153,1.341,-4.924,1.000,-7.710,322.233,395.216
90.158,1.341,-4.924,1.000,-7.710,322.233,395.216
90.163,1.341,-4.924,1.000,-7.710,322.233,395.216
90.168,1.341,-4.924,1.000,-7.710,322.233,395.216
90.173,1.341,-4.924,1.000,-7.710,322.233,395.216
90.178,1.341,-4.924,1.000,-7.710,322.233,395.216
90.183,1.341,-4.924,1.000,-7.710,322.233,395.216
90.188,1.341,-4.924,1.000,-7.710,322.233,395.216
90.193,1.341,-4.924,1.000,-7.710,322.233,395.216
90.198,1.341,-4.924,1.000,-7.710,322.233,395.216
90.203,1.341,-4.924,1.000,-7.710,322.233,395.216
90.208,1.341,-4.924,1.000,-7.710,322.233,395.216
90.213,1.341,-4.924,1.000,-7.710,322.233,395.216
90.218,1.341,-4.924,1.000,-7.710,322.233,395.216
90.223,1.341,-4.924,1.000,-7.710,322.233,395.216
90.228,1.341,-4.924,1.000,-7.710,322.233,395.216
90.234,1.341,-4.924,1.000,-7.710,322.233,395.216
90.239,1.341,-4.924,1.000,-7.710,322.233,395.216
90.244,1.341,-4.924,1.000,-7.710,322.233,395.216
90.249,1.341,-4.924,1.000,-7.710,322.233,395.216
90.254,1.341,-4.924,1.000,-7.710,322.233,395.216
90.259,1.341,-4.924,1.000,-7.710,322.233,395.216
90.264,1.341,-4.924,1.000,-7.710,322.233,395.216
90.269,1.341,-4.924,1.000,-7.710,322.233,395.216
90.274,1.341,-4.924,1.000,-7.710,322.233,395.216
90.279,1.341,-4.924,1.000,-7.710,322.233,395.216
90.284,1.341,-4.924,1.000,-7.710,322.233,395.216
90.289,1.341,-4.924,1.000,-7.710,322.233,395.216
90.294,1.341,-4.924,1.000,-7.710,322.233,395.216
90.300,1.341,-4.924,1.000,-7.710,322.233,395.216
90.305,1.341,-4.924,1.000,-7.710,322.233,395.216
90.310,1.341,-4.924,1.000,-7.710,322.233,395.216
90.315,1.341,-4.924,1.000,-7.710,322.233,395.216
90.320,1.341,-4.924,1.000,-7.710,322.233,395.216
90.325,1.341,-4.924,1.000,-7.710,322.233,395.216
90.330,1.341,-4.924,1.000,-7.710,322.233,395.216
90.335,1.341,-4.924,1.000,-7.710,322.233,395.216
90.340,1.341,-4.924,1.000,-7.710,322.233,395.216
90.345,1.341,-4.924,1.000,-7.710,322.233,395.216
90.350,1.341,-4.924,1.000,-7.710,322.233,395.216
90.355,1.341,-4.924,1.000,-7.710,322.233,395.216
90.360,1.341,-4.924,1.000,-7.710,322.233,395.216
90.365,1.341,-4.924,1.000,-7.710,322.233,395.216
90.370,1.341,-4.924,1.000,-7.710,322.233,395.216
90.375,1.341,-4.924,1.000,-7.710,322.233,395.216
90.380,1.341,-4.924,1.000,-7.710,322.233,395.216
90.386,1.341,-4.924,1.000,-7.710,322.233,395.216
90.391,1.341,-4.924,1.000,-7.710,322.233,395.216
90.396,1.341,-4.924,1.000,-7.710,322.233,395.216
90.401,1.341,-4.924,1.000,-7.710,322.233,395.216
90.406,1.341,-4.924,1.000,-7.710,322.233,395.216
90.411,1.341,-4.924,1.000,-7.710,322.233,395.216
90.416,1.341,-4.924,1.000,-7.710,322.233,395.216
90.421,1.341,-4.924,1.000,-7.710,322.233,395.216
90.426,1.341,-4.924,1.000,-7.710,322.233,395.216
90.431,1.341,-4.924,1.000,-7.710,322.233,395.216
90.436,1.341,-4.924,1.000,-7.710,322.233,395.216
90.441,1.341,-4.924,1.000,-7.710,322.233,395.216
90.446,1.341,-4.924,1.000,-7.710,322.233,395.216
90.451,1.341,-4.924,1.000,-7.710,322.233,395.216
90.457,1.341,-4.924,1.000,-7.710,322.233,395.216
90.462,1.341,-4.924,1.000,-7.710,322.233,395.216
90.467,1.341,-4.924,1.000,-7.710,322.233,395.216
90.472,1.341,-4.924,1.000,-7.710,322.233,395.216
90.477,1.341,-4.924,1.000,-7.710,322.233,395.216
90.482,1.341,-4.924,1.000,-7.710,322.233,395.216
90.487,1.341,-4.924,1.000,-7.710,322.233,395.216
90.492,1.341,-4.924,1.000,-7.710,322.233,395.216
90.497,1.341,-4.924,1.000,-7.710,322.233,395.216
90.502,1.341,-4.924,1.000,-7.710,322.233,395.216
90.507,1.341,-4.924,1.000,-7.710,322.233,395.216
90.512,1.341,-4.924,1.000,-7.710,322.233,395.216
90.517,1.341,-4.924,1.000,-7.710,322.233,395.216
90.522,1.341,-4.924,1.000,-7.710,322.233,395.216
90.528,1.341,-4.924,1.000,-7.710,322.233,395.216
90.533,1.341,-4.924,1.000,-7.710,322.233,395.216
90.538,1.341,-4.924,1.000,-7.710,322.233,395.216
90.543,1.341,-4.924,1.000,-7.710,322.233,395.216
90.548,1.341,-4.924,1.000,-7.710,322.233,395.216
90.553,1.341,-4.924,1.000,-7.710,322.233,395.216
90.558,1.341,-4.924,1.000,-7.710,322.233,395.216
90.563,1.341,-4.924,1.000,-7.710,322.233,395.216
90.568,1.341,-4.924,1.000,-7.710,322.233,395.216
90.573,1.341,-4.924,1.000,-7.710,322.233,395.216
90.578,1.341,-4.924,1.000,-7.710,322.233,395.216
90.583,1.341,-4.924,1.000,-7.710,322.233,395.216
90.588,1.341,-4.924,1.000,-7.710,322.233,395.216
90.593,1.341,-4.924,1.000,-7.710,322.233,395.216
90.598,1.341,-4.924,1.000,-7.710,322.233,395.216
90.603,1.341,-4.924,1.000,-7.710,322.233,395.216