R
Px,Ix,Dx,Py,Iy,Dy,Pz,Iz,FFrx,FFry,FFdrx,FFdry,satI,satPID,DTermC,GparamC,AparamC,KFQAng,KFQbias,KFRmeas,CPx,CIx,CPy,CIy,CsatI,CsatPID,CFFdrx,CFFdry,CFalpha,FFDTermC,IRelaxR,IRelaxE,DmaxR,DmaxE,DMx,DMy
180,0,1900,180,0,2100,500,150,0,0,0,0,7,75,10,10.0,64.0,0.000100,0.003000,50,30,0,30,0,75,300,0,0,0.995,10.000,300,100,300,100,1900,2100
sysTime,PIDRefX,PIDRefY,PIDRefZ,PIDSensX,PIDSensY,PIDSensZ
377.147,0.000,152.266,3.000,-63.344,363.791,51.706
377.152,0.000,152.266,3.000,-63.344,363.791,51.706
377.157,0.000,152.266,3.000,-63.344,363.791,51.706
377.163,0.000,152.266,3.000,-63.344,363.791,51.706
377.168,0.000,152.266,3.000,-63.344,363.791,51.706
377.173,0.000,152.266,3.000,-63.344,363.791,51.706
377.178,0.000,152.266,3.000,-63.344,363.791,51.706
377.183,0.000,152.266,3.000,-63.344,363.791,51.706
377.188,0.000,152.266,3.000,-63.344,363.791,51.706
377.193,0.000,152.266,3.000,-63.344,363.791,51.706
377.198,0.000,152.266,3.000,-63.344,363.791,51.706
377.204,0.000,152.266,3.000,-63.344,363.791,51.706
377.209,0.000,152.266,3.000,-63.344,363.791,51.706
377.214,0.000,152.266,3.000,-63.344,363.791,51.706
377.219,0.000,152.266,3.000,-63.344,363.791,51.706
377.224,0.000,152.266,3.000,-63.344,363.791,51.706
377.229,0.000,152.266,3.000,-63.344,363.791,51.706
377.235,0.000,152.266,3.000,-63.344,363.791,51.706
377.240,0.000,152.266,3.000,-63.344,363.791,51.706
377.245,0.000,152.266,3.000,-63.344,363.791,51.706
377.250,0.000,152.266,3.000,-63.344,363.791,51.706
377.255,0.000,152.266,3.000,-63.344,363.791,51.706
377.260,0.000,152.266,3.000,-63.344,363.791,51.706
377.266,0.000,152.266,3.000,-63.344,363.791,51.706
377.271,0.000,152.266,3.000,-63.344,363.791,51.706
377.276,0.000,152.266,3.000,-63.344,363.791,51.706
377.281,0.000,152.266,3.000,-63.344,363.791,51.706
377.286,0.000,152.266,3.000,-63.344,363.791,51.706
377.291,0.000,152.266,3.000,-63.344,363.791,51.706
377.296,0.000,152.266,3.000,-63.344,363.791,51.706
377.301,0.000,152.266,3.000,-63.344,363.791,51.706
377.307,0.000,152.266,3.000,-63.344,363.791,51.706
377.312,0.000,152.266,3.000,-63.344,363.791,51.706
377.317,0.000,152.266,3.000,-63.344,363.791,51.706
377.322,0.000,152.266,3.000,-63.344,363.791,51.706
377.327,0.000,152.266,3.000,-63.344,363.791,51.706
377.332,0.000,152.266,3.000,-63.344,363.791,51.706
377.337,0.000,152.266,3.000,-63.344,363.791,51.706
377.343,0.000,152.266,3.000,-63.344,363.791,51.706
377.348,0.000,152.266,3.000,-63.344,363.791,51.706
377.353,0.000,152.266,3.000,-63.344,363.791,51.706
377.358,0.000,152.266,3.000,-63.344,363.791,51.706
377.363,0.000,152.266,3.000,-63.344,363.791,51.706
377.368,0.000,152.266,3.000,-63.344,363.791,51.706
377.374,0.000,152.266,3.000,-63.344,363.791,51.706
377.379,0.000,152.266,3.000,-63.344,363.791,51.706
377.384,0.000,152.266,3.000,-63.344,363.791,51.706
377.389,0.000,152.266,3.000,-63.344,363.791,51.706
377.394,0.000,152.266,3.000,-63.344,363.791,51.706
377.399,0.000,152.266,3.000,-63.344,363.791,51.706
377.404,0.000,152.266,3.000,-63.344,363.791,51.706
377.409,0.000,152.266,3.000,-63.344,363.791,51.706
377.415,0.000,152.266,3.000,-63.344,363.791,51.706
377.420,0.000,152.266,3.000,-63.344,363.791,51.706
377.425,0.000,152.266,3.000,-63.344,363.791,51.706
377.430,0.000,152.266,3.000,-63.344,363.791,51.706
377.435,0.000,152.266,3.000,-63.344,363.791,51.706
377.440,0.000,152.266,3.000,-63.344,363.791,51.706
377.446,0.000,152.266,3.000,-63.344,363.791,51.706
377.451,0.000,152.266,3.000,-63.344,363.791,51.706
377.456,0.000,152.266,3.000,-63.344,363.791,51.706
377.461,0.000,152.266,3.000,-63.344,363.791,51.706
377.466,0.000,152.266,3.000,-63.344,363.791,51.706
377.471,0.000,152.266,3.000,-63.344,363.791,51.706
377.476,0.000,152.266,3.000,-63.344,363.791,51.706
377.482,0.000,152.266,3.000,-63.344,363.791,51.706
377.487,0.000,152.266,3.000,-63.344,363.791,51.706
377.492,0.000,152.266,3.000,-63.344,363.791,51.706
377.497,0.000,152.266,3.000,-63.344,363.791,51.706
377.502,0.000,152.266,3.000,-63.344,363.791,51.706
377.507,0.000,152.266,3.000,-63.344,363.791,51.706
377.512,0.000,152.266,3.000,-63.344,363.791,51.706
377.517,0.000,152.266,3.000,-63.344,363.791,51.706
377.523,0.000,152.266,3.000,-63.344,363.791,51.706
377.528,0.000,152.266,3.000,-63.344,363.791,51.706
377.533,0.000,152.266,3.000,-63.344,363.791,51.706
377.538,0.000,152.266,3.000,-63.344,363.791,51.706
377.543,0.000,152.266,3.000,-63.344,363.791,51.706
377.548,0.000,152.266,3.000,-63.344,363.791,51.706
377.553,0.000,152.266,3.000,-63.344,363.791,51.706
377.559,0.000,152.266,3.000,-63.344,363.791,51.706
377.564,0.000,152.266,3.000,-63.344,363.791,51.706
377.569,0.000,152.266,3.000,-63.344,363.791,51.706
377.574,0.000,152.266,3.000,-63.344,363.791,51.706
377.579,0.000,152.266,3.000,-63.344,363.791,51.706
377.584,0.000,152.266,3.000,-63.344,363.791,51.706
377.589,0.000,152.266,3.000,-63.344,363.791,51.706
377.595,0.000,152.266,3.000,-63.344,363.791,51.706
377.600,0.000,152.266,3.000,-63.344,363.791,51.706
377.605,0.000,152.266,3.000,-63.344,363.791,51.706
377.610,0.000,152.266,3.000,-63.344,363.791,51.706
377.615,0.000,152.266,3.000,-63.344,363.791,51.706
377.620,0.000,152.266,3.000,-63.344,363.791,51.706
377.626,0.000,152.266,3.000,-63.344,363.791,51.706
377.631,0.000,152.266,3.000,-63.344,363.791,51.706
377.636,0.000,152.266,3.000,-63.344,363.791,51.706
377.641,0.000,152.266,3.000,-63.344,363.791,51.706
377.646,0.000,152.266,3.000,-63.344,363.791,51.706
377.651,0.000,152.266,3.000,-63.344,363.791,51.706
377.656,0.000,152.266,3.000,-63.344,363.791,51.706
377.662,0.000,152.266,3.000,-63.344,363.791,51.706
377.667,0.000,152.266,3.000,-63.344,363.791,51.706
377.672,0.000,152.266,3.000,-63.344,363.791,51.706
377.677,0.000,152.266,3.000,-63.344,363.791,51.706
377.682,0.000,152.266,3.000,-63.344,363.791,51.706
377.687,0.000,152.266,3.000,-63.344,363.791,51.706
377.692,0.000,152.266,3.000,-63.344,363.791,51.706
377.698,0.000,152.266,3.000,-63.344,363.791,51.706
377.703,0.000,152.266,3.000,-63.344,363.791,51.706
377.708,0.000,152.266,3.000,-63.344,363.791,51.706
377.713,0.000,152.266,3.000,-63.344,363.791,51.706
377.718,0.000,152.266,3.000,-63.344,363.791,51.706
377.723,0.000,152.266,3.000,-63.344,363.791,51.706
377.729,0.000,152.266,3.000,-63.344,363.791,51.706
377.734,0.000,152.266,3.000,-63.344,363.791,51.706
377.739,0.000,152.266,3.000,-63.344,363.791,51.706
377.744,0.000,152.266,3.000,-63.344,363.791,51.706
377.749,0.000,152.266,3.000,-63.344,363.791,51.706
377.754,0.000,152.266,3.000,-63.344,363.791,51.706
377.759,0.000,152.266,3.000,-63.344,363.791,51.706
377.764,0.000,152.266,3.000,-63.344,363.791,51.706
377.770,0.000,152.266,3.000,-63.344,363.791,51.706
377.775,0.000,152.266,3.000,-63.344,363.791,51.706
377.780,0.000,152.266,3.000,-63.344,363.791,51.706
377.785,0.000,152.266,3.000,-63.344,363.791,51.706
377.790,0.000,152.266,3.000,-63.344,363.791,51.706
377.795,0.000,152.266,3.000,-63.344,363.791,51.706
377.801,0.000,152.266,3.000,-63.344,363.791,51.706
377.806,0.000,152.266,3.000,-63.344,363.791,51.706
377.811,0.000,152.266,3.000,-63.344,363.791,51.706
377.816,0.000,152.266,3.000,-63.344,363.791,51.706
377.821,0.000,152.266,3.000,-63.344,363.791,51.706
377.826,0.000,152.266,3.000,-63.344,363.791,51.706
377.831,0.000,152.266,3.000,-63.344,363.791,51.706
377.837,0.000,152.266,3.000,-63.344,363.791,51.706
377.842,0.000,152.266,3.000,-63.344,363.791,51.706
377.847,0.000,152.266,3.000,-63.344,363.791,51.706
377.852,0.000,152.266,3.000,-63.344,363.791,51.706
377.857,0.000,152.266,3.000,-63.344,363.791,51.706
377.862,0.000,152.266,3.000,-63.344,363.791,51.706
377.867,0.000,152.266,3.000,-63.344,363.791,51.706
377.872,0.000,152.266,3.000,-63.344,363.791,51.706
377.878,0.000,152.266,3.000,-63.344,363.791,51.706
377.883,0.000,152.266,3.000,-63.344,363.791,51.706
377.888,0.000,152.266,3.000,-63.344,363.791,51.706
377.893,0.000,152.266,3.000,-63.344,363.791,51.706
377.898,0.000,152.266,3.000,-63.344,363.791,51.706
377.903,0.000,152.266,3.000,-63.344,363.791,51.706
377.909,0.000,152.266,3.000,-63.344,363.791,51.706
377.914,0.000,152.266,3.000,-63.344,363.791,51.706
377.919,0.000,152.266,3.000,-63.344,363.791,51.706
377.924,0.000,152.266,3.000,-63.344,363.791,51.706
377.929,0.000,152.266,3.000,-63.344,363.791,51.706
377.934,0.000,152.266,3.000,-63.344,363.791,51.706
377.940,0.000,-0.297,2.000,-1.243,0.432,-0.761
377.946,0.000,-0.297,2.000,-0.598,-0.010,-0.077
377.952,0.000,-0.297,2.000,-0.484,0.295,0.113
377.958,0.000,-0.297,2.000,-0.882,1.460,0.006
377.965,0.000,-0.297,2.000,-0.997,1.021,0.349
377.971,0.000,-0.297,2.000,-0.508,1.589,1.089
377.977,0.000,-0.297,2.000,0.024,1.728,0.140
377.983,0.000,-0.297,2.000,0.071,1.206,-0.623
377.989,0.000,-0.297,2.000,0.296,0.648,-0.686
377.995,0.000,-0.297,2.000,0.226,0.021,-0.902
378.002,0.000,-0.297,2.000,-0.231,0.646,-1.643
378.008,0.000,-0.297,2.000,-0.256,0.925,-0.910
378.014,0.000,-0.297,2.000,-0.636,-0.507,0.163
378.020,0.000,-0.297,2.000,-1.019,0.514,0.033
378.026,0.000,-0.297,2.000,-1.170,0.511,-0.496
378.033,0.000,-0.297,2.000,0.440,0.204,-0.808
378.039,0.000,-0.297,2.000,0.951,-0.573,-0.072
378.045,0.000,-0.297,2.000,-0.229,0.384,-0.612
378.051,0.000,-0.297,2.000,-0.298,0.515,0.060
378.057,0.000,-0.297,2.000,-0.676,0.916,-0.014
378.064,0.000,-0.297,2.000,0.243,0.690,-0.251
378.070,0.000,-0.297,2.000,0.817,1.068,0.008
378.076,0.000,-0.297,2.000,0.622,-0.092,-0.934
378.082,0.000,-0.297,2.000,0.458,-0.200,-0.744
378.088,0.000,-0.297,2.000,0.658,-0.332,-1.053
378.095,0.000,-0.297,2.000,-0.010,-1.141,-0.180
378.101,0.000,-0.297,2.000,0.059,-0.397,-0.123
378.107,0.000,-0.297,2.000,0.145,-0.031,-1.170
378.113,0.000,-0.297,2.000,-0.083,-0.748,0.537
378.119,0.000,-0.297,2.000,0.087,-0.297,0.512
378.125,0.000,-0.297,2.000,-0.278,-0.332,-0.204
378.132,0.000,-0.297,2.000,-0.327,-0.025,-0.233
378.138,0.000,-0.297,2.000,0.437,-0.127,-0.242
378.144,0.000,-0.297,2.000,0.009,-1.267,-0.908
378.150,0.000,-0.297,2.000,-0.441,-1.324,0.246
378.156,0.000,-0.297,2.000,0.537,-1.443,-1.041
378.163,0.000,-0.297,2.000,0.381,-1.426,0.355
378.169,0.000,-0.297,2.000,0.961,-0.980,0.699
378.175,0.000,-0.297,2.000,0.108,-0.513,0.230
378.181,0.000,-0.297,2.000,0.934,-1.329,0.479
378.187,0.000,-0.297,2.000,-0.254,-1.164,-0.346
378.193,0.000,-0.297,2.000,-0.172,-1.600,-0.161
378.200,0.000,-0.297,2.000,-1.140,-1.949,0.723
378.206,0.000,-0.297,2.000,-0.671,-1.462,0.211
378.212,0.000,-0.297,2.000,-0.994,-1.299,-0.300
378.218,0.000,-0.297,2.000,-0.345,-0.919,0.027
378.224,0.000,-0.297,2.000,-1.030,0.812,-0.904
378.231,0.000,-0.297,2.000,-0.929,1.232,-0.873
378.237,0.000,-0.297,2.000,-0.494,1.018,-0.900
378.243,0.000,-0.297,2.000,-0.449,1.695,-0.727
378.249,0.000,-0.297,2.000,0.483,1.345,0.942
378.255,0.000,-0.297,2.000,-0.280,1.030,0.427
378.261,0.000,-0.297,2.000,0.065,0.632,0.293
378.268,0.000,-0.297,2.000,-0.175,0.014,-0.621
378.274,0.000,-0.297,2.000,-0.609,0.354,-0.602
378.280,0.000,-0.297,2.000,-0.335,-0.584,-0.300
378.286,0.000,-0.297,2.000,-0.161,-1.620,-0.322
378.292,0.000,-0.297,2.000,-0.494,-1.396,0.159
378.299,0.000,-0.297,2.000,0.303,-0.572,-0.964
378.305,0.000,-0.297,2.000,0.222,-0.945,-1.033
378.311,0.000,-0.297,2.000,0.426,-1.560,-0.716
378.317,0.000,-0.297,2.000,-0.407,-1.464,-1.832
378.323,0.000,-0.297,2.000,-0.299,-1.096,-1.158
378.329,0.000,-0.297,2.000,0.228,-0.745,-1.111
378.336,0.000,-0.297,2.000,-0.068,-1.194,-1.144
378.342,0.000,-0.297,2.000,0.133,0.061,-1.040
378.348,0.000,-0.297,2.000,-0.616,0.022,0.035
378.354,0.000,-0.297,2.000,-0.988,-0.047,0.340
378.360,0.000,-0.297,2.000,-0.412,0.378,1.265
378.367,0.000,-0.297,2.000,0.705,0.037,0.378
378.373,0.000,-0.297,2.000,0.628,-0.089,0.180
378.379,0.000,-0.297,2.000,0.418,-0.250,1.083
378.385,0.000,-0.297,2.000,0.459,-1.090,1.348
378.391,0.000,-0.297,2.000,0.384,0.015,1.761
378.397,0.000,-0.297,2.000,0.485,0.223,1.894
378.404,0.000,-0.297,2.000,1.171,-0.027,0.108
378.410,0.000,-0.297,2.000,-0.011,-0.031,-0.116
378.416,0.000,-0.297,2.000,0.294,0.264,0.060
378.422,0.000,-0.297,2.000,0.163,-0.014,-0.082
378.428,0.000,-0.297,2.000,0.745,0.461,-0.656
378.435,0.000,-0.297,2.000,0.012,0.674,-0.609
378.441,0.000,-0.297,2.000,0.377,0.238,-0.348
378.447,0.000,-0.297,2.000,-0.938,0.642,0.303
378.453,0.000,-0.297,2.000,-0.614,0.599,-0.344
378.459,0.000,-0.297,2.000,-0.833,0.958,-0.775
378.465,0.000,-0.297,2.000,-0.710,0.664,-0.508
378.472,0.000,-0.297,2.000,-0.574,1.053,-0.585
378.478,0.000,-0.297,2.000,0.738,0.936,-0.181
378.484,0.000,-0.297,2.000,-0.513,0.842,0.196
378.490,0.000,-0.297,2.000,-0.310,0.379,1.014
378.496,0.000,-0.297,2.000,-0.947,1.113,-0.688
378.503,0.000,-0.297,2.000,-2.359,1.078,-0.937
378.509,0.000,-0.297,2.000,-1.715,1.184,0.108
378.515,0.000,-0.297,2.000,-0.773,0.804,-0.234
378.521,0.000,-0.297,2.000,-0.130,-0.163,0.339
378.527,0.000,-0.297,2.000,-1.148,-0.430,-1.158
378.533,0.000,-0.297,2.000,-2.049,-0.022,0.290
378.540,0.000,-0.297,2.000,-0.918,-0.483,0.068
378.546,0.000,-0.297,2.000,-0.809,-0.496,-0.420
378.552,0.000,-0.297,2.000,0.141,-0.124,-0.415
378.558,0.000,-0.297,2.000,-0.076,0.244,0.841
378.565,0.000,-0.297,2.000,0.871,0.096,-0.045
378.571,0.000,-0.297,2.000,0.659,-0.398,1.264
378.577,0.000,-0.297,2.000,0.316,-0.571,0.913
378.583,0.000,-0.297,2.000,0.923,-0.761,0.559
378.589,0.000,-0.297,2.000,1.756,-0.417,0.255
378.595,0.000,-0.297,2.000,-0.116,0.079,-0.012
378.602,0.000,-0.297,2.000,-0.047,0.812,-0.713
378.608,0.000,-0.297,2.000,0.716,1.100,-1.346
378.614,0.000,-0.297,2.000,2.355,1.441,-1.939
378.620,0.000,-0.297,2.000,1.609,1.000,-0.779
378.626,0.000,-0.297,2.000,1.263,0.516,1.008
378.633,0.000,-0.297,2.000,1.032,0.050,2.218
378.639,0.000,-0.297,2.000,1.352,-0.164,1.516
378.645,0.000,-0.297,2.000,1.169,-0.951,0.134
378.651,0.000,-0.595,2.000,0.550,0.453,0.283
378.657,0.000,-0.595,2.000,1.425,1.063,0.006
378.664,0.000,-0.595,2.000,1.435,0.443,-1.101
378.670,0.000,-0.595,2.000,0.414,0.374,0.849
378.676,0.000,-0.595,2.000,1.614,-0.522,1.511
378.682,0.000,-0.595,2.000,2.114,0.166,1.666
378.689,0.000,-0.595,2.000,1.199,-0.123,1.902
378.695,0.000,-0.744,2.000,2.048,0.827,-0.543
378.702,0.000,-0.744,2.000,2.935,1.080,0.245
378.708,0.000,-0.744,2.000,2.371,0.931,0.899
378.715,0.000,-0.744,2.000,0.804,2.869,2.936
378.722,0.000,-0.744,2.000,-0.047,3.907,3.570
378.729,0.000,-0.744,2.000,-0.060,5.726,3.014
378.735,0.000,-0.744,2.000,0.579,5.819,3.984
378.742,0.000,-0.744,2.000,2.124,5.159,3.305
378.749,0.000,-0.744,2.000,0.810,6.981,5.361
378.755,0.000,-0.744,2.000,0.141,10.267,5.431
378.761,0.000,-0.744,2.000,3.318,6.989,6.681
378.767,0.000,-0.744,2.000,3.071,13.331,8.423
378.774,0.000,-0.744,2.000,6.927,11.891,7.750
378.781,0.000,-0.744,2.000,10.755,13.525,8.898
378.787,0.000,-0.893,2.000,10.502,17.917,10.076
378.794,0.000,-0.744,2.000,13.428,15.774,11.083
378.801,0.000,-0.744,2.000,13.264,14.875,10.154
378.807,0.000,-0.744,2.000,12.100,15.507,12.792
378.814,0.000,-0.744,2.000,12.152,14.769,12.623
378.821,0.000,-0.744,2.000,14.352,12.368,14.039
378.826,0.000,-0.893,2.000,13.999,13.535,14.588
378.832,0.000,-0.893,2.000,17.472,10.999,15.411
378.839,0.000,-1.042,2.000,16.667,11.939,15.918
378.844,0.000,-1.042,2.000,17.045,9.753,16.729
378.851,0.000,-1.042,2.000,14.628,9.272,17.269
378.857,0.000,-2.552,2.000,13.835,11.033,16.503
378.863,0.000,-2.552,2.000,14.317,6.286,17.135
378.869,0.000,-2.552,2.000,9.393,8.962,18.551
378.874,0.000,-2.859,2.000,10.955,5.447,17.781
378.881,0.000,-2.859,2.000,9.101,7.121,18.167
378.887,0.000,-2.399,2.000,10.299,9.192,17.733
378.894,0.000,-2.399,2.000,11.474,10.987,17.517
378.900,0.000,-2.399,2.000,13.179,12.886,18.765
378.907,0.000,-2.552,2.000,13.722,15.711,18.082
378.913,0.000,-2.552,2.000,14.478,18.243,17.558
378.918,0.000,-2.552,2.000,14.717,22.125,17.846
378.923,0.000,-2.859,2.000,15.692,21.567,18.119
378.928,0.000,-2.859,2.000,16.913,20.939,17.942
378.935,0.000,-2.859,2.000,17.449,21.684,15.858
378.940,0.000,-3.325,2.000,18.690,20.016,15.281
378.947,0.000,-3.638,2.000,19.913,20.251,15.294
378.954,0.000,-3.638,2.000,18.615,23.230,14.418
378.959,0.000,-3.638,2.000,17.334,24.057,12.649
378.965,0.000,-3.796,2.000,17.466,25.151,11.763
378.970,0.000,-3.796,2.000,16.156,27.601,10.253
378.975,0.000,-3.796,2.000,17.378,26.588,9.514
378.980,0.000,-4.274,2.000,16.671,27.976,10.174
378.985,0.000,-5.758,2.000,16.975,26.333,11.322
378.990,0.000,-5.758,2.000,18.950,22.893,12.028
378.995,0.000,-5.758,2.000,16.483,22.850,12.406
379.000,0.000,-5.758,2.000,16.228,20.281,10.902
379.005,0.000,-6.272,2.000,16.397,21.692,10.381
379.010,0.000,-6.272,2.000,16.392,25.745,8.544
379.015,0.000,-6.272,2.000,16.321,29.820,6.449
379.021,0.000,-6.796,2.000,16.658,30.050,5.272
379.026,0.000,-6.796,2.000,16.536,29.317,4.213
379.032,0.000,-6.796,2.000,19.257,23.830,4.488
379.037,0.000,-6.796,2.000,18.034,25.104,3.218
379.042,0.000,-7.153,2.000,19.646,24.509,3.555
379.047,0.000,-7.153,2.000,20.410,23.553,3.363
379.052,0.000,-7.153,2.000,21.020,20.249,2.462
379.057,0.000,-7.153,2.000,20.588,17.184,0.961
379.064,0.000,-8.068,2.000,22.423,15.240,0.298
379.069,0.000,-8.068,2.000,21.848,13.356,-1.481
379.074,0.000,-8.068,2.000,22.084,12.428,-3.638
379.081,0.000,-10.430,2.000,22.147,12.429,-3.502
379.088,0.000,-9.615,2.000,23.387,10.737,-2.273
379.093,0.000,-10.430,2.000,22.886,12.376,-3.451
379.098,0.000,-10.430,2.000,23.150,14.792,-4.475
379.103,0.000,-10.430,2.000,21.672,18.364,-7.507
379.108,0.000,-10.430,2.000,22.149,18.375,-7.743
379.113,0.000,-10.430,2.000,20.920,15.662,-8.397
379.119,0.000,-10.430,2.000,19.974,15.453,-7.463
379.124,0.000,-10.430,2.000,20.134,15.332,-7.310
379.130,0.000,-10.430,2.000,18.941,14.755,-7.358
379.135,0.000,-14.756,2.000,19.008,9.841,-7.179
379.140,0.000,-15.261,2.000,18.727,7.358,-8.072
379.145,0.000,-15.261,2.000,19.578,3.316,-8.641
379.150,0.000,-15.261,2.000,18.906,0.252,-8.374
379.155,0.000,-16.839,2.000,18.574,-0.296,-7.420
379.160,0.000,-16.839,2.000,18.019,0.778,-5.795
379.165,0.000,-17.946,2.000,17.152,3.261,-4.575
379.170,0.000,-17.946,2.000,16.510,2.515,-4.324
379.175,0.000,-17.946,2.000,14.958,2.885,-5.567
379.180,0.000,-18.518,2.000,15.584,-0.005,-7.232
379.185,0.000,-18.518,2.000,17.132,-1.888,-8.255
379.190,0.000,-18.518,2.000,18.452,-3.937,-8.039
379.195,0.000,-19.398,2.000,19.326,-7.540,-5.627
379.200,0.000,-19.398,2.000,17.938,-9.355,-1.675
379.207,0.000,-19.398,2.000,14.746,-9.235,-0.578
379.212,0.000,-20.305,2.000,13.772,-10.021,0.794
379.217,0.000,-20.614,2.000,11.311,-11.655,1.967
379.222,0.000,-20.614,2.000,9.393,-10.351,1.734
379.227,0.000,-20.614,2.000,7.595,-6.785,-0.476
379.232,0.000,-20.614,2.000,5.505,-0.598,-2.151
379.237,0.000,-20.614,2.000,4.464,4.003,-2.013
379.244,0.000,-23.889,2.000,3.801,4.712,-2.336
379.250,0.000,-24.236,2.000,2.308,4.588,-3.016
379.255,0.000,-26.768,2.000,2.360,7.898,-3.026
379.262,0.000,-27.526,2.000,1.852,9.357,-1.880
379.269,0.000,-27.526,2.000,3.201,6.248,-1.755
379.274,0.000,-29.090,2.000,4.055,4.791,-2.647
379.281,0.000,-37.950,2.000,5.167,2.196,-1.534
379.286,0.000,-40.977,2.000,5.347,1.044,-2.439
379.291,0.000,-40.977,2.000,6.693,0.419,-2.649
379.296,-0.148,-40.977,2.000,6.971,3.289,-2.281
379.301,-0.297,-36.504,2.000,5.936,6.208,-1.186
379.306,-0.297,-36.504,2.000,5.911,6.880,-0.325
379.312,-0.446,-35.563,2.000,6.497,5.828,0.432
379.317,-0.446,-35.563,2.000,6.491,5.206,0.841
379.323,-0.446,-35.563,2.000,5.718,4.598,1.590
379.329,-0.744,-41.500,2.000,6.086,3.185,3.178
379.334,-1.192,-39.948,2.000,5.821,2.151,3.754
379.339,-1.192,-39.948,2.000,6.503,0.162,3.770
379.345,-1.192,-39.948,2.000,6.413,-0.863,3.307
379.350,-1.192,-39.948,2.000,7.686,-1.676,2.848
379.356,-2.552,-39.441,2.000,9.318,-3.671,2.254
379.361,-2.552,-39.441,2.000,10.757,-5.989,1.764
379.367,-2.706,-39.948,2.000,12.685,-7.402,0.852
379.373,-2.706,-39.948,2.000,14.158,-9.693,2.189
379.379,-2.859,-42.560,2.000,14.401,-11.342,2.787
379.384,-2.859,-42.560,2.000,13.557,-12.094,2.821
379.390,-2.859,-42.560,2.000,12.349,-11.394,4.271
379.396,-2.859,-42.560,2.000,10.513,-10.098,3.572
379.401,-2.859,-42.560,2.000,9.906,-10.347,3.462
379.407,-2.859,-42.560,2.000,11.632,-11.028,3.259
379.413,-2.859,-42.560,2.000,12.371,-10.389,3.851
379.418,-2.859,-42.560,2.000,11.321,-9.139,2.524
379.424,-3.169,-45.869,2.000,10.671,-8.217,3.285
379.430,-3.169,-45.869,2.000,9.091,-5.970,4.133
379.436,-3.169,-45.869,2.000,7.712,-4.075,5.338
379.441,-3.169,-47.016,2.000,6.520,-1.782,5.068
379.447,-3.014,-47.016,2.000,5.029,0.438,4.938
379.453,-3.014,-47.016,2.000,3.625,2.457,4.579
379.458,-3.014,-47.016,2.000,3.486,4.045,5.456
379.464,-3.014,-47.016,2.000,2.102,6.405,5.983
379.470,-3.014,-47.016,2.000,1.211,7.373,6.141
379.476,-3.014,-47.016,2.000,-0.458,8.731,6.391
379.482,-3.014,-52.459,2.000,-0.711,9.690,6.641
379.487,-3.014,-52.459,2.000,-1.927,10.324,7.605
379.493,-3.014,-52.459,2.000,-2.726,10.868,8.976
379.499,-3.014,-61.906,2.000,-3.720,10.489,10.334
379.505,-3.014,-61.906,2.000,-2.957,9.215,10.834
379.510,-3.014,-61.906,2.000,-2.176,8.901,11.143
379.516,-3.014,-61.906,2.000,-2.487,9.622,9.764
379.522,-3.014,-83.006,2.000,-3.166,9.366,9.988
379.527,-3.014,-83.006,2.000,-3.885,8.697,10.063
379.533,-3.014,-83.006,2.000,-5.050,7.644,9.802
379.539,-3.014,-83.006,2.000,-5.564,5.376,9.321
379.545,-3.014,-92.498,2.000,-5.573,2.788,9.323
379.550,-3.014,-94.496,2.000,-6.896,1.814,8.533
379.556,-3.014,-94.496,2.000,-8.591,1.841,7.725
379.562,-3.014,-94.496,2.000,-10.009,0.227,7.486
379.567,-3.169,-100.697,2.000,-11.154,-0.894,6.809
379.573,-3.169,-101.762,2.000,-11.876,-2.275,5.920
379.579,-3.169,-101.762,2.000,-13.626,-1.334,5.357
379.585,-3.169,-101.762,2.000,-13.950,-0.140,5.621
379.590,-3.325,-103.917,2.000,-15.074,0.956,5.085
379.596,-3.481,-105.008,2.000,-13.509,0.134,4.864
379.602,-3.481,-105.008,2.000,-12.518,0.475,4.708
379.608,-3.481,-105.008,2.000,-13.069,-0.751,3.691
379.613,-4.435,-106.108,2.000,-13.715,-0.092,3.945
379.619,-4.760,-106.108,2.000,-11.946,-2.762,4.513
379.625,-5.088,-106.108,2.000,-10.481,-5.968,5.448
379.630,-5.088,-106.108,2.000,-9.574,-10.576,5.202
379.636,-5.088,-106.108,2.000,-8.885,-14.422,5.380
379.642,-5.758,-106.108,2.000,-8.551,-18.892,6.454
379.647,-5.928,-106.108,2.000,-7.327,-23.174,5.711
379.653,-5.928,-106.108,2.000,-6.542,-28.131,5.860
379.659,-5.928,-106.108,2.000,-7.068,-29.997,5.494
379.665,-6.099,-106.108,2.000,-6.706,-33.310,4.618
379.670,-6.099,-106.108,2.000,-7.545,-35.627,3.476
379.676,-6.099,-106.108,2.000,-6.804,-36.966,2.720
379.682,-6.099,-106.108,2.000,-9.126,-36.988,1.679
379.688,-6.445,-112.904,2.000,-9.329,-38.100,0.837
379.693,-6.445,-112.904,2.000,-8.750,-38.650,-1.370
379.699,-6.796,-112.904,2.000,-7.551,-40.025,-2.035
379.705,-6.796,-112.904,2.000,-6.952,-41.199,-2.346
379.710,-7.333,-123.743,2.000,-7.741,-42.623,-1.096
379.716,-7.333,-123.743,2.000,-7.085,-43.711,-0.032
379.722,-7.515,-128.818,2.000,-6.352,-46.394,0.697
379.728,-7.515,-131.417,2.000,-6.437,-46.884,1.060
379.733,-7.698,-142.232,2.000,-7.337,-44.706,1.466
379.739,-7.698,-142.232,2.000,-6.437,-45.019,3.106
379.744,-7.698,-149.343,2.000,-5.995,-45.260,4.890
379.750,-7.698,-149.343,2.000,-7.456,-45.913,6.917
379.755,-7.698,-159.771,2.000,-7.344,-48.292,7.996
379.761,-7.698,-159.771,2.000,-8.605,-50.753,7.656
379.767,-7.882,-162.854,2.000,-9.929,-51.791,7.708
379.772,-7.882,-162.854,2.000,-11.254,-53.823,7.356
379.778,-7.882,-162.854,2.000,-11.624,-56.127,7.678
379.784,-7.882,-162.854,2.000,-12.014,-58.675,7.173
379.790,-7.882,-164.414,2.000,-13.243,-59.474,6.090
379.795,-7.882,-164.414,2.000,-13.924,-61.053,6.652
379.801,-7.882,-164.414,2.000,-14.236,-63.643,6.896
379.807,-7.882,-164.414,2.000,-15.028,-65.282,6.191
379.813,-7.882,-164.414,2.000,-15.597,-67.306,5.686
379.818,-7.882,-164.414,2.000,-16.559,-68.193,5.460
379.824,-7.882,-164.414,2.000,-17.147,-70.490,5.285
379.830,-7.882,-164.414,2.000,-18.066,-72.208,4.537
379.836,-7.882,-164.414,2.000,-19.498,-75.137,5.617
379.841,-7.882,-164.414,2.000,-20.500,-78.352,5.287
379.847,-7.882,-164.414,2.000,-21.202,-80.484,4.794
379.853,-7.882,-164.414,2.000,-22.031,-81.724,2.601
379.859,-7.882,-162.854,2.000,-22.496,-83.558,1.592
379.864,-7.882,-162.854,2.000,-22.222,-85.436,1.522
379.870,-7.882,-162.854,2.000,-21.479,-87.881,0.840
379.876,-7.698,-158.247,2.000,-21.722,-87.669,-1.272
379.881,-7.515,-146.466,2.000,-21.318,-88.421,-2.430
379.887,-7.515,-146.466,2.000,-20.966,-88.746,-2.713
379.893,-7.515,-146.466,2.000,-21.530,-88.817,-3.896
379.898,-7.153,-122.499,2.000,-21.254,-90.641,-4.046
379.904,-6.796,-115.245,2.000,-20.282,-92.813,-3.353
379.910,-6.796,-115.245,2.000,-19.767,-95.461,-3.178
379.916,-6.796,-115.245,2.000,-20.289,-96.058,-2.550
379.921,-4.924,-95.508,2.000,-21.495,-96.226,-1.089
379.927,-3.638,-85.768,2.000,-20.469,-98.246,-0.046
379.932,-3.638,-85.768,2.000,-20.213,-99.559,-0.235
379.938,-3.638,-85.768,2.000,-21.153,-100.176,0.350
379.944,-1.042,-62.629,2.000,-23.270,-99.466,-0.100
379.949,-1.042,-62.629,2.000,-24.199,-99.824,-1.093
379.955,-1.042,-62.629,2.000,-24.192,-101.305,-1.801
379.961,-1.042,-62.629,2.000,-24.080,-100.067,-2.609
379.966,-0.595,-47.597,2.000,-24.426,-99.654,-3.233
379.972,-0.595,-47.597,2.000,-25.300,-98.614,-3.962
379.977,-0.595,-47.597,2.000,-26.330,-98.928,-2.892
379.983,-0.595,-47.597,2.000,-27.815,-96.681,-3.034
379.988,-0.744,-45.869,2.000,-28.577,-93.854,-3.291
379.994,-1.042,-44.190,2.000,-29.387,-90.831,-2.856
380.000,-1.042,-44.190,2.000,-30.967,-85.129,-2.488
380.006,-1.042,-44.190,2.000,-32.711,-79.895,-2.925
380.011,-3.325,-30.720,2.000,-33.099,-75.875,-3.221
380.017,-4.435,-26.395,2.000,-33.886,-71.204,-3.887
380.022,-4.435,-26.395,2.000,-32.629,-66.921,-5.395
380.028,-4.435,-26.395,2.000,-31.540,-60.952,-6.211
380.034,-6.796,-21.242,2.000,-30.045,-55.416,-6.241
380.040,-6.796,-21.242,2.000,-29.892,-51.743,-4.826
380.045,-7.882,-19.398,2.000,-29.570,-46.813,-3.034
380.051,-8.445,-17.665,2.000,-29.773,-43.725,-2.256
380.057,-9.615,-14.756,2.000,-31.057,-39.252,-2.173
380.063,-9.615,-14.756,2.000,-33.400,-35.405,-1.105
380.068,-10.223,-11.932,2.000,-35.395,-31.883,-0.532
380.074,-10.223,-11.932,2.000,-34.588,-32.645,-0.264
380.080,-11.492,-8.445,2.000,-34.880,-32.233,1.926
380.086,-11.492,-8.445,2.000,-34.800,-33.812,3.252
380.091,-11.492,-8.445,2.000,-35.036,-35.000,3.287
380.097,-11.492,-8.445,2.000,-35.754,-34.854,3.471
380.103,-11.492,-8.445,2.000,-36.190,-35.349,3.457
380.109,-11.492,-8.445,2.000,-37.016,-37.069,3.986
380.114,-13.777,-3.481,2.000,-36.861,-39.759,4.364
380.120,-13.777,-3.481,2.000,-37.167,-42.877,5.433
380.126,-13.777,-1.642,2.000,-36.939,-44.313,4.547
380.132,-13.777,-1.642,2.000,-36.721,-45.601,4.600
380.137,-13.538,-1.042,2.000,-36.565,-46.185,4.476
380.143,-13.538,-1.042,2.000,-36.413,-48.177,4.400
380.149,-13.538,-0.595,2.000,-37.833,-48.362,3.613
380.154,-13.538,-0.595,2.000,-37.811,-45.666,3.306
380.159,-13.302,-0.297,2.000,-36.647,-44.611,2.686
380.165,-13.302,-0.297,2.000,-36.793,-42.895,2.176
380.170,-13.302,-0.297,2.000,-37.944,-39.206,2.132
380.176,-11.492,-0.297,2.000,-38.412,-37.645,2.700
380.181,-10.019,-0.297,2.000,-39.204,-38.050,3.843
380.186,-10.019,-0.297,2.000,-39.878,-37.552,4.130
380.192,-10.019,-0.297,2.000,-40.040,-36.913,4.392
380.197,-9.022,-0.148,2.000,-41.474,-33.593,4.807
380.202,-9.218,0.000,2.000,-40.861,-32.213,5.739
380.207,-9.218,0.000,2.000,-42.509,-27.226,5.530
380.212,-9.218,0.000,2.000,-43.742,-24.447,4.826
380.217,-9.218,0.000,2.000,-45.524,-20.129,2.680
380.224,-9.218,0.000,2.000,-47.242,-15.703,2.939
380.229,-9.218,0.893,2.000,-47.671,-12.664,2.739
380.235,-9.218,0.893,2.000,-48.534,-10.196,1.249
380.240,-9.218,3.169,2.000,-49.674,-7.382,0.517
380.246,-9.218,3.169,2.000,-50.939,-4.466,0.782
380.252,-9.218,3.638,2.000,-51.433,-3.081,0.841
380.257,-9.218,3.638,2.000,-51.112,-2.908,1.621
380.263,-9.218,3.638,2.000,-51.828,-2.283,1.950
380.268,-9.615,5.254,2.000,-52.107,-2.077,2.712
380.274,-9.615,5.254,2.000,-52.786,-0.591,3.303
380.280,-9.615,5.254,2.000,-53.686,-1.349,3.746
380.286,-9.615,5.254,2.000,-54.434,-2.159,4.756
380.291,-9.816,8.636,2.000,-53.689,-1.699,4.277
380.297,-9.816,9.022,2.000,-54.266,-3.031,4.186
380.303,-10.019,10.019,2.000,-53.119,-4.104,3.792
380.308,-10.019,10.019,2.000,-52.330,-4.868,1.611
380.314,-10.019,10.019,2.000,-53.163,-3.526,-0.658
380.320,-10.019,17.946,2.000,-53.142,-0.494,-2.408
380.325,-10.019,19.101,2.000,-54.066,1.843,-3.539
380.331,-10.019,19.101,2.000,-53.298,4.375,-4.212
380.337,-10.019,19.101,2.000,-54.418,8.082,-4.535
380.343,-10.019,26.395,2.000,-54.620,12.635,-5.486
380.348,-10.019,27.145,2.000,-55.081,17.160,-6.463
380.354,-10.019,27.145,2.000,-55.638,20.679,-6.534
380.360,-10.019,33.294,2.000,-55.512,25.418,-7.997
380.366,-10.019,34.642,2.000,-53.559,27.697,-8.317
380.371,-10.019,35.100,2.000,-52.977,30.052,-7.277
380.377,-10.019,35.100,2.000,-51.177,31.963,-6.508
380.383,-10.019,36.031,2.000,-50.567,32.806,-4.979
380.388,-10.430,35.100,2.000,-51.187,36.944,-4.285
380.394,-10.430,35.100,2.000,-50.296,40.143,-3.507
380.400,-10.430,35.100,2.000,-51.350,44.600,-3.092
380.406,-11.492,30.306,2.000,-51.356,46.990,-2.579
380.411,-11.492,27.526,2.000,-50.783,49.008,-1.776
380.417,-11.492,27.526,2.000,-50.670,49.510,-1.676
380.423,-11.492,24.941,2.000,-49.273,48.500,-0.478
380.429,-11.492,24.941,2.000,-48.328,46.280,0.094
380.434,-10.849,20.000,2.000,-46.484,43.511,1.347
380.440,-10.849,20.000,2.000,-44.909,41.980,1.907
380.445,-10.849,20.000,2.000,-47.207,45.090,1.791
380.451,-10.849,20.000,2.000,-48.789,48.084,2.218
380.456,-10.849,20.000,2.000,-46.359,46.917,3.647
380.461,-10.849,20.000,2.000,-44.234,47.740,4.151
380.467,-10.849,20.000,2.000,-44.916,52.101,5.419
380.472,-4.114,5.589,2.000,-46.237,55.217,6.703
380.478,-4.114,5.589,2.000,-45.679,56.595,7.898
380.484,-4.114,5.589,2.000,-44.000,54.902,8.113
380.489,-4.114,5.589,2.000,-42.743,53.507,10.203
380.495,-0.595,0.148,2.000,-39.753,52.742,10.293
380.501,-0.595,0.148,2.000,-41.820,54.365,8.431
380.508,-0.595,0.148,2.000,-42.590,57.468,6.842
380.514,-0.595,0.148,2.000,-41.310,55.992,7.345
380.520,0.000,-0.297,2.000,-38.820,54.864,7.722
380.527,0.000,-0.297,2.000,-38.531,56.848,6.476
380.533,0.000,-0.297,2.000,-38.728,59.421,4.539
380.539,0.000,-0.297,2.000,-38.720,61.673,3.076
380.545,0.000,-0.297,2.000,-36.508,59.926,2.660
380.552,0.000,-0.297,2.000,-34.426,57.733,2.158
380.558,0.000,-0.297,2.000,-32.605,55.258,1.419
380.564,0.000,-0.297,2.000,-29.030,54.052,1.218
380.571,0.000,-0.297,2.000,-28.605,52.959,1.889
380.577,0.000,-0.297,2.000,-26.977,54.317,2.736
380.583,0.000,-0.297,2.000,-23.703,53.648,3.452
380.590,0.000,-0.297,2.000,-22.925,55.415,4.728
380.596,0.000,-0.297,2.000,-24.073,59.535,4.304
380.602,0.000,-0.297,2.000,-22.687,59.792,1.832
380.608,0.000,-0.297,2.000,-20.389,59.530,1.425
380.614,0.000,-0.297,2.000,-19.086,59.640,-0.099
380.621,0.000,-0.446,2.000,-18.097,57.960,1.965
380.627,0.000,-0.446,2.000,-16.125,58.960,2.170
380.634,0.000,-0.446,2.000,-14.837,61.131,4.093
380.641,0.000,-0.446,2.000,-12.781,63.669,4.061
380.646,0.000,-0.446,2.000,-11.814,69.676,4.921
380.652,0.000,-0.446,2.000,-11.731,70.701,3.504
380.659,0.000,-0.595,2.000,-10.465,69.960,4.713
380.665,0.000,-0.595,2.000,-9.462,69.790,3.619
380.671,0.000,-0.595,2.000,-7.667,67.999,3.223
380.678,0.148,-0.744,2.000,-6.690,68.943,1.961
380.683,0.148,-0.744,2.000,-5.389,71.430,0.237
380.688,0.446,-0.893,2.000,-4.146,71.293,-0.221
380.693,0.446,-0.893,2.000,-2.356,72.278,-0.837
380.699,0.595,-1.042,2.000,-1.255,73.261,-1.267
380.704,0.595,-1.042,2.000,-0.105,74.125,-0.462
380.710,0.595,-1.042,2.000,1.453,73.685,-2.110
380.715,0.595,-1.042,2.000,3.131,73.359,-2.036
380.720,0.595,-1.042,2.000,4.251,72.405,-0.649
380.726,0.595,-1.042,2.000,4.852,72.304,-1.430
380.731,0.595,-1.042,2.000,6.115,73.551,-1.578
380.737,2.095,-2.859,2.000,6.139,75.138,-1.556
380.742,2.095,-2.859,2.000,5.997,74.735,-0.819
380.748,2.095,-2.859,2.000,7.381,73.111,-0.809
380.753,2.095,-2.859,2.000,8.416,72.601,-1.018
380.759,2.095,-2.859,2.000,9.227,72.571,-0.306
380.765,3.325,-2.859,2.000,10.780,71.990,0.406
380.771,3.325,-2.859,2.000,11.152,72.796,1.095
380.776,3.481,-2.859,2.000,11.920,74.648,0.361
380.782,3.481,-2.859,2.000,14.479,74.860,0.672
380.788,3.481,-2.859,2.000,16.323,75.084,1.413
380.793,3.481,-2.859,2.000,16.499,77.289,1.930
380.799,4.760,-3.796,2.000,17.526,78.546,0.878
380.804,4.760,-3.796,2.000,18.515,79.638,0.699
380.810,4.760,-3.796,2.000,19.005,80.571,1.723
380.816,4.760,-3.796,2.000,18.645,81.291,3.906
380.822,6.445,-5.758,2.000,18.368,82.397,5.323
380.827,6.796,-6.099,2.000,18.820,84.589,6.284
380.833,6.796,-6.099,2.000,20.317,83.898,5.624
380.839,6.796,-6.099,2.000,22.534,84.884,6.105
380.845,9.615,-6.974,2.000,23.757,83.007,5.969
380.850,9.615,-6.974,2.000,23.328,82.424,3.735
380.856,9.615,-6.974,2.000,24.559,80.951,2.343
380.862,9.615,-6.974,2.000,25.143,79.648,3.674
380.867,13.777,-13.302,2.000,24.420,78.920,4.627
380.873,13.777,-13.302,2.000,23.762,78.387,4.723
380.879,13.777,-13.302,2.000,24.820,78.153,4.082
380.884,17.111,-18.808,2.000,24.879,77.031,4.253
380.890,17.111,-18.808,2.000,25.311,75.676,3.459
380.895,17.665,-20.614,2.000,27.003,73.138,3.286
380.901,17.665,-20.614,2.000,26.793,72.784,2.700
380.907,18.518,-20.927,2.000,26.936,71.555,2.369
380.913,19.398,-22.870,2.000,27.019,74.188,2.526
380.918,20.305,-24.236,2.000,28.083,74.906,4.243
380.924,20.305,-24.236,2.000,28.583,76.076,4.893
380.930,20.305,-24.236,2.000,29.500,76.528,5.924
380.936,22.538,-33.739,2.000,32.189,76.284,6.781
380.941,22.870,-36.031,2.000,34.950,78.536,6.666
380.947,22.870,-36.031,2.000,36.842,80.843,6.233
380.953,22.870,-36.031,2.000,39.936,80.389,6.667
380.958,22.870,-41.500,2.000,42.082,81.260,6.642
380.964,22.538,-43.098,2.000,43.278,76.784,7.046
380.970,22.538,-43.098,2.000,44.296,72.421,8.666
380.976,22.538,-43.098,2.000,44.724,70.384,8.200
380.981,22.538,-43.098,2.000,43.624,67.727,8.371
380.987,22.538,-43.098,2.000,43.701,65.327,9.156
380.993,22.538,-42.560,2.000,43.868,63.130,8.981
380.998,22.538,-42.560,2.000,43.753,62.448,7.912
381.004,21.883,-45.869,2.000,43.401,59.539,8.254
381.010,21.883,-45.869,2.000,42.663,56.087,7.114
381.016,20.927,-47.016,2.000,41.037,54.096,6.554
381.021,20.927,-47.016,2.000,41.075,50.994,6.015
381.027,18.518,-48.778,2.000,40.297,48.937,5.039
381.033,18.518,-48.778,2.000,38.525,47.935,5.356
381.039,17.111,-51.208,2.000,37.199,47.025,4.608
381.044,16.569,-50.592,2.000,36.319,48.004,2.466
381.050,16.569,-50.592,2.000,38.504,47.323,1.392
381.056,16.569,-50.592,2.000,40.583,46.949,0.408
381.061,15.517,-64.096,2.000,42.874,45.940,-0.642
381.067,15.261,-65.589,2.000,44.141,44.663,-1.937
381.073,13.538,-72.656,2.000,45.901,42.690,-3.316
381.079,13.538,-72.656,2.000,48.336,41.661,-5.009
381.085,11.492,-79.434,2.000,48.448,41.276,-6.867
381.090,10.849,-79.434,2.000,50.286,39.572,-7.869
381.096,10.849,-79.434,2.000,51.767,38.761,-8.243
381.101,10.849,-79.434,2.000,53.486,38.030,-9.210
381.106,7.698,-88.603,2.000,56.107,36.904,-9.524
381.112,7.333,-89.565,2.000,58.979,36.396,-9.247
381.118,7.333,-89.565,2.000,60.258,35.934,-9.726
381.124,7.333,-89.565,2.000,60.559,37.186,-10.043
381.129,5.589,-98.596,2.000,61.434,38.090,-8.605
381.135,4.597,-103.917,2.000,62.580,35.952,-7.454
381.141,4.597,-103.917,2.000,63.044,34.397,-7.150
381.147,4.597,-103.917,2.000,65.036,30.919,-5.593
381.152,4.597,-103.917,2.000,66.834,26.590,-4.275
381.158,3.481,-118.828,2.000,67.474,25.279,-3.659
381.164,3.481,-118.828,2.000,66.216,24.306,-3.222
381.169,3.481,-118.828,2.000,64.516,25.492,-2.111
381.175,3.481,-118.828,2.000,64.152,24.782,-0.636
381.181,2.859,-138.096,2.000,64.494,23.493,-0.994
381.186,2.859,-138.096,2.000,64.878,19.397,-0.714
381.192,2.859,-138.096,2.000,64.504,16.998,0.784
381.198,1.642,-146.466,2.000,61.184,16.231,-0.837
381.203,1.642,-146.466,2.000,59.211,13.776,0.090
381.209,1.642,-146.466,2.000,57.600,10.798,-0.069
381.215,1.642,-146.466,2.000,57.330,5.880,-0.129
381.220,0.595,-155.233,2.000,55.838,1.715,-0.618
381.226,0.595,-156.734,2.000,55.815,-3.625,0.851
381.231,0.595,-156.734,2.000,55.454,-6.961,0.349
381.237,0.744,-161.307,2.000,54.450,-10.607,0.894
381.243,0.744,-161.307,2.000,54.031,-13.385,-0.178
381.248,0.744,-161.307,2.000,52.592,-16.991,-0.806
381.254,0.744,-161.307,2.000,50.658,-20.722,-0.504
381.260,0.744,-162.854,2.000,49.488,-25.823,-1.700
381.265,0.744,-162.854,2.000,47.135,-29.515,-2.103
381.271,0.744,-162.854,2.000,47.606,-35.773,-1.643
381.277,0.744,-162.854,2.000,45.399,-37.849,-1.691
381.283,0.744,-162.854,2.000,43.011,-39.422,-1.097
381.288,0.744,-162.854,2.000,40.999,-39.874,-2.169
381.294,0.744,-162.854,2.000,38.936,-41.567,-2.288
381.300,0.744,-162.854,2.000,38.455,-41.754,-2.500
381.306,0.744,-164.414,2.000,38.754,-43.684,-1.985
381.311,0.744,-165.985,2.000,38.932,-43.621,-2.833
381.317,0.744,-165.985,2.000,39.829,-44.882,-1.896
381.323,0.744,-165.985,2.000,42.276,-47.892,-2.084
381.329,0.744,-165.985,2.000,42.976,-49.000,-2.398
381.334,0.744,-165.985,2.000,43.337,-50.474,-1.417
381.340,0.744,-165.985,2.000,42.035,-49.935,-2.785
381.346,0.744,-165.985,2.000,42.031,-51.820,-2.478
381.351,0.893,-162.854,2.000,42.410,-52.689,-2.767
381.357,0.893,-162.854,2.000,44.313,-54.980,-1.791
381.363,0.893,-162.854,2.000,46.318,-58.319,-1.000
381.368,0.744,-161.307,2.000,46.470,-61.087,-0.224
381.374,0.744,-161.307,2.000,46.930,-62.599,1.084
381.380,0.744,-161.307,2.000,46.478,-63.905,1.887
381.385,0.744,-161.307,2.000,44.499,-62.136,3.546
381.391,0.595,-147.899,2.000,45.117,-62.726,5.056
381.396,0.595,-147.899,2.000,46.538,-64.095,5.559
381.402,0.595,-147.899,2.000,46.771,-64.993,7.092
381.407,0.297,-136.739,2.000,46.563,-63.390,7.999
381.413,0.297,-136.739,2.000,45.177,-63.400,6.725
381.418,0.297,-115.245,2.000,44.400,-64.340,5.860
381.424,0.297,-115.245,2.000,44.917,-65.722,5.464
381.429,0.297,-115.245,2.000,43.788,-65.531,4.595
381.434,0.297,-115.245,2.000,43.870,-65.518,3.435
381.440,0.297,-115.245,2.000,45.150,-65.882,1.900
381.445,0.000,-102.835,2.000,45.124,-66.980,0.290
381.450,0.000,-99.642,2.000,43.001,-68.393,-0.703
381.455,0.000,-99.642,2.000,44.177,-72.401,-1.034
381.460,0.000,-99.642,2.000,42.181,-73.371,-1.520
381.465,0.000,-83.006,2.000,41.138,-72.060,-1.376
381.470,0.000,-83.006,2.000,39.787,-69.319,-1.316
381.475,0.000,-83.006,2.000,38.482,-65.567,-2.614
381.480,0.000,-67.881,2.000,39.297,-65.416,-2.304
381.485,0.000,-67.881,2.000,39.626,-64.556,-1.948
381.491,0.000,-65.589,2.000,39.229,-64.207,-3.491
381.496,0.000,-65.589,2.000,37.909,-65.453,-3.670
381.501,0.000,-65.589,2.000,38.630,-68.032,-1.642
381.506,0.000,-64.839,2.000,39.464,-66.746,-1.165
381.511,0.000,-64.839,2.000,36.942,-62.871,0.165
381.516,0.000,-64.839,2.000,35.928,-58.193,1.407
381.521,-0.595,-63.359,2.000,35.671,-53.751,1.452
381.526,-0.595,-63.359,2.000,34.022,-48.695,1.475
381.532,-0.595,-63.359,2.000,32.017,-46.250,1.771
381.537,-0.595,-63.359,2.000,30.944,-43.537,1.845
381.543,-2.095,-65.589,2.000,30.723,-43.475,1.150
381.548,-2.095,-65.589,2.000,30.796,-44.007,3.025
381.554,-2.095,-65.589,2.000,30.419,-45.506,1.799
381.560,-2.095,-65.589,2.000,30.063,-43.533,3.256
381.565,-0.595,-83.919,2.000,30.287,-43.623,4.522
381.571,-0.595,-83.919,2.000,30.470,-43.652,5.374
381.576,-0.595,-83.919,2.000,31.883,-44.020,5.630
381.582,0.000,-105.008,2.000,31.684,-43.997,5.508
381.587,0.000,-105.008,2.000,30.178,-45.340,5.620
381.592,0.000,-112.904,2.000,30.421,-46.117,5.635
381.597,0.000,-112.904,2.000,29.362,-44.468,6.573
381.602,0.000,-112.904,2.000,30.447,-42.613,8.404
381.607,0.000,-136.739,2.000,28.674,-38.703,9.011
381.612,0.000,-147.899,2.000,29.502,-39.792,9.584
381.617,0.000,-147.899,2.000,29.932,-42.506,9.816
381.622,0.000,-147.899,2.000,30.225,-46.706,9.809
381.627,0.000,-170.770,2.000,30.876,-47.780,9.948
381.632,0.000,-170.770,2.000,29.763,-47.596,10.324
381.637,0.000,-170.770,2.000,29.663,-47.698,12.839
381.644,0.000,-170.770,2.000,32.139,-53.351,13.131
381.649,0.000,-170.770,2.000,32.251,-56.571,12.629
381.655,0.000,-198.178,2.000,31.033,-59.220,10.889
381.662,0.000,-198.178,2.000,28.817,-62.833,12.861
381.669,0.000,-213.135,2.000,32.677,-70.510,15.029
381.674,0.000,-213.135,2.000,31.546,-72.630,16.602
381.679,0.000,-213.135,2.000,30.302,-73.203,15.754
381.684,0.000,-228.978,2.000,28.899,-74.768,15.042
381.689,0.000,-231.022,2.000,28.750,-79.675,14.755
381.694,0.000,-231.022,2.000,27.158,-84.480,14.088
381.699,0.000,-231.022,2.000,26.409,-88.160,11.353
381.704,0.000,-235.154,2.000,24.419,-91.898,8.274
381.709,0.000,-235.154,2.000,26.271,-99.772,9.372
381.714,0.000,-235.154,2.000,25.864,-104.152,11.223
381.719,0.000,-235.154,2.000,23.674,-107.591,13.339
381.724,0.000,-235.154,2.000,23.281,-112.368,15.204
381.730,0.000,-235.154,2.000,23.866,-115.184,16.764
381.735,0.000,-235.154,2.000,21.655,-113.918,16.150
381.740,0.000,-235.154,2.000,19.173,-111.169,15.397
381.745,-1.642,-201.837,2.000,17.891,-111.497,14.917
381.751,-3.481,-178.988,2.000,18.088,-114.283,14.596
381.757,-3.481,-178.988,2.000,19.301,-117.455,14.584
381.762,-6.445,-158.247,2.000,19.472,-120.825,13.831
381.768,-6.445,-158.247,2.000,19.429,-123.298,12.894
381.774,-6.445,-158.247,2.000,18.180,-125.288,12.739
381.780,-6.445,-158.247,2.000,16.921,-129.524,12.009
381.785,-12.607,-111.748,2.000,15.135,-131.280,10.878
381.791,-13.068,-109.464,2.000,15.520,-133.858,8.722
381.797,-14.756,-103.917,2.000,16.301,-133.545,8.069
381.803,-14.756,-103.917,2.000,15.362,-131.362,6.375
381.808,-19.101,-90.534,2.000,16.322,-129.088,5.072
381.814,-22.870,-78.560,2.000,18.889,-126.467,4.244
381.820,-23.546,-72.656,2.000,21.811,-123.028,3.676
381.826,-23.546,-72.656,2.000,22.620,-120.174,2.887
381.831,-23.546,-72.656,2.000,22.658,-112.981,1.765
381.837,-25.660,-55.691,2.000,22.786,-105.645,0.954
381.843,-25.660,-51.208,2.000,23.243,-100.823,1.341
381.849,-25.660,-51.208,2.000,25.227,-97.309,2.556
381.854,-25.660,-51.208,2.000,25.423,-93.948,2.513
381.860,-25.660,-45.869,2.000,24.234,-91.960,4.193
381.866,-25.298,-46.439,2.000,21.512,-88.923,5.682
381.872,-25.298,-46.439,2.000,19.292,-85.319,5.457
381.877,-25.298,-46.439,2.000,17.922,-83.367,6.640
381.883,-25.298,-46.439,2.000,15.866,-81.971,6.498
381.889,-25.298,-46.439,2.000,15.232,-81.398,6.185
381.894,-25.298,-46.439,2.000,12.572,-78.728,5.677
381.900,-24.586,-17.111,2.000,10.803,-76.375,4.591
381.906,-24.586,-17.111,2.000,6.626,-72.955,4.094
381.912,-24.586,-17.111,2.000,2.337,-69.396,1.928
381.917,-24.586,-17.111,2.000,-0.945,-64.762,1.285
381.923,-24.236,-6.974,2.000,-3.922,-62.369,0.932
381.929,-24.586,-6.620,2.000,-6.416,-62.593,1.184
381.935,-24.586,-6.620,2.000,-7.506,-61.012,1.515
381.940,-24.586,-6.620,2.000,-12.325,-54.305,2.006
381.946,-24.586,-1.793,2.000,-13.293,-50.494,1.380
381.951,-24.586,-1.793,2.000,-14.124,-48.375,2.184
381.957,-24.586,-1.793,2.000,-13.953,-44.655,2.298
381.963,-24.586,-1.793,2.000,-16.904,-37.241,3.316
381.968,-24.236,-0.297,2.000,-16.936,-32.813,4.042
381.974,-24.236,-0.297,2.000,-15.308,-30.733,3.745
381.979,-24.236,-0.297,2.000,-18.857,-26.404,3.622
381.984,-16.302,-0.148,2.000,-18.139,-25.153,2.360
381.989,-13.777,0.148,2.000,-20.281,-20.293,1.697
381.994,-13.777,0.148,2.000,-19.924,-17.905,2.516
381.999,-13.777,0.148,2.000,-21.464,-14.094,2.956
382.006,-10.849,3.169,2.000,-23.204,-15.624,4.644
382.012,-10.849,3.169,2.000,-24.562,-13.031,5.435
382.017,-10.849,3.169,2.000,-23.636,-13.228,6.162
382.023,-9.615,5.421,2.000,-25.053,-13.049,6.787
382.029,-9.022,9.022,2.000,-26.843,-12.391,7.037
382.034,-8.636,11.492,2.000,-28.915,-13.321,6.309
382.040,-8.636,11.492,2.000,-28.800,-13.689,6.804
382.046,-8.636,11.492,2.000,-28.741,-12.986,6.175
382.051,-8.828,14.508,2.000,-29.602,-11.630,5.788
382.057,-8.828,14.508,2.000,-29.214,-9.610,6.774
382.063,-9.022,17.946,2.000,-27.124,-8.636,6.506
382.068,-9.022,17.946,2.000,-27.001,-4.435,7.041
382.074,-9.416,20.000,2.000,-27.970,1.729,6.211
382.080,-9.416,20.000,2.000,-28.433,5.377,6.512
382.086,-9.816,23.546,2.000,-25.408,5.806,6.237
382.091,-9.816,23.546,2.000,-26.498,10.430,5.038
382.097,-11.932,32.854,2.000,-28.440,15.966,3.672
382.103,-11.932,32.854,2.000,-28.289,20.838,3.013
382.108,-11.932,32.854,2.000,-25.280,21.977,2.496
382.114,-13.777,37.950,2.000,-24.417,23.829,0.919
382.120,-14.018,37.950,2.000,-26.549,29.106,-0.553
382.125,-14.018,37.950,2.000,-24.484,31.248,-1.205
382.131,-14.018,37.950,2.000,-22.393,31.440,-0.438
382.137,-15.517,36.981,2.000,-22.938,34.701,1.195
382.143,-16.302,36.504,2.000,-25.997,39.505,1.362
382.148,-16.302,36.504,2.000,-23.938,41.248,0.365
382.154,-16.302,35.563,2.000,-22.105,41.150,0.221
382.160,-17.665,30.306,2.000,-23.169,45.349,0.623
382.165,-18.231,27.526,2.000,-25.127,48.748,-0.476
382.171,-18.231,27.526,2.000,-24.710,51.054,-1.746
382.177,-18.518,25.298,2.000,-23.989,52.872,-3.087
382.182,-18.518,25.298,2.000,-23.372,54.691,-4.223
382.188,-18.808,19.697,2.000,-23.725,56.483,-4.688
382.194,-18.808,19.697,2.000,-24.636,58.083,-4.907
382.200,-18.808,18.808,2.000,-26.041,60.990,-5.670
382.205,-18.808,18.808,2.000,-25.687,61.301,-5.787
382.211,-18.808,18.808,2.000,-27.396,62.814,-6.185
382.216,-20.614,15.776,2.000,-29.928,64.198,-5.138
382.222,-20.614,15.776,2.000,-31.992,63.760,-4.472
382.228,-24.236,13.777,2.000,-32.506,62.808,-4.405
382.234,-24.236,13.777,2.000,-34.128,61.484,-3.038
382.239,-26.395,13.538,2.000,-35.827,61.992,-2.208
382.245,-27.911,13.538,2.000,-35.400,60.020,-2.705
382.251,-27.911,13.538,2.000,-33.895,58.233,-2.549
382.257,-27.911,13.538,2.000,-34.684,59.058,-2.366
382.262,-30.306,13.068,2.000,-35.951,60.336,-2.274
382.268,-30.720,12.836,2.000,-36.980,62.207,-2.897
382.274,-30.720,12.836,2.000,-37.583,63.786,-4.089
382.279,-30.720,12.836,2.000,-37.574,65.390,-4.202
382.285,-30.306,9.218,2.000,-38.568,66.842,-5.781
382.291,-30.306,9.218,2.000,-38.085,67.972,-5.991
382.296,-30.306,9.218,2.000,-37.327,68.339,-6.755
382.302,-30.306,9.218,2.000,-38.540,71.324,-7.340
382.308,-24.586,3.325,2.000,-40.569,72.704,-6.651
382.314,-23.546,3.014,2.000,-40.881,71.658,-6.054
382.319,-23.546,3.014,2.000,-42.009,70.767,-5.466
382.325,-23.546,3.014,2.000,-42.171,69.631,-6.032
382.331,-19.697,1.944,2.000,-41.727,66.583,-4.174
382.337,-20.000,1.642,2.000,-42.363,65.628,-3.325
382.342,-20.000,1.642,2.000,-44.041,65.049,-3.029
382.348,-20.000,1.642,2.000,-44.333,63.543,-2.968
382.354,-20.927,0.446,2.000,-43.930,62.590,-3.377
382.359,-21.561,0.446,2.000,-45.369,61.633,-4.764
382.365,-21.561,0.446,2.000,-47.052,61.584,-4.575
382.371,-21.561,0.446,2.000,-48.595,63.380,-3.342
382.376,-21.561,0.446,2.000,-49.580,62.549,-1.969
382.382,-27.145,0.148,2.000,-49.856,60.227,-1.080
382.387,-27.145,0.148,2.000,-52.256,59.091,-1.423
382.392,-39.948,0.148,2.000,-54.341,57.164,-1.855
382.397,-47.016,0.148,2.000,-55.639,57.451,-3.063
382.402,-47.016,0.148,2.000,-56.878,60.247,-3.395
382.407,-47.016,0.148,2.000,-58.650,62.762,-3.104
382.412,-55.691,0.148,2.000,-61.626,63.971,-2.080
382.417,-55.691,0.148,2.000,-64.028,63.102,-1.438
382.422,-57.028,0.000,2.000,-67.114,60.025,-1.059
382.427,-57.028,0.000,2.000,-68.251,54.494,-1.445
382.432,-57.028,0.000,2.000,-68.744,52.547,-1.315
382.437,-56.356,-0.148,2.000,-70.210,52.814,0.413
382.442,-55.691,-0.148,2.000,-73.679,55.399,3.007
382.448,-55.691,-0.148,2.000,-75.684,55.614,5.018
382.453,-55.691,-0.148,2.000,-78.142,57.535,5.888
382.458,-53.734,-0.297,2.000,-79.734,57.426,5.689
382.463,-53.734,-0.297,2.000,-80.570,58.955,5.098
382.468,-53.734,-0.297,2.000,-81.969,61.755,5.083
382.474,-53.734,-0.297,2.000,-82.784,64.408,4.292
382.479,-53.734,-0.297,2.000,-82.588,65.156,4.511
382.485,-51.831,-0.297,2.000,-83.429,66.279,5.234
382.490,-51.831,-0.297,2.000,-84.388,67.906,5.176
382.496,-51.831,-0.297,2.000,-86.228,69.651,6.503
382.501,-51.208,-0.297,2.000,-87.454,70.010,6.615
382.506,-51.208,-0.297,2.000,-86.037,67.086,8.745
382.512,-49.981,-0.297,2.000,-85.443,66.216,9.599
382.517,-49.981,-0.297,2.000,-85.687,62.914,10.271
382.523,-49.981,-0.297,2.000,-86.825,60.277,10.029
382.528,-49.981,-0.297,2.000,-86.305,56.508,9.534
382.534,-49.981,-0.297,2.000,-86.596,53.130,9.209
382.539,-47.016,-0.297,2.000,-88.580,53.417,7.924
382.544,-44.744,-0.297,2.000,-89.596,53.396,7.927
382.550,-44.744,-0.297,2.000,-89.029,54.276,7.853
382.555,-44.744,-0.297,2.000,-90.620,57.628,7.689
382.561,-34.188,-0.297,2.000,-91.327,59.990,8.440
382.566,-34.188,-0.297,2.000,-91.611,60.512,8.035
382.571,-34.188,-0.297,2.000,-91.782,60.854,7.945
382.577,-34.188,-0.297,2.000,-93.209,62.298,7.311
382.582,-20.927,-0.297,2.000,-94.477,62.029,7.158
382.588,-20.927,-0.297,2.000,-94.722,62.831,5.802
382.593,-20.927,-0.297,2.000,-94.776,64.387,4.898
382.599,-9.615,-0.744,2.000,-92.253,65.079,4.946
382.604,-9.615,-0.744,2.000,-89.934,67.084,3.763
382.610,-9.615,-0.744,2.000,-89.880,71.823,2.188
382.616,-9.615,-0.744,2.000,-88.020,75.271,1.391
382.622,-3.325,-1.042,2.000,-86.108,80.095,0.385
382.627,-1.042,-1.642,2.000,-82.048,83.829,-0.566
382.633,-1.042,-1.642,2.000,-78.515,84.043,-1.495
382.639,-1.042,-1.642,2.000,-74.127,85.167,-0.972
382.644,0.000,-2.247,2.000,-73.892,88.436,-1.179
382.649,0.000,-2.247,2.000,-72.736,89.058,-0.307
382.656,0.000,-2.552,2.000,-69.099,89.081,-1.376
382.663,0.000,-2.552,2.000,-64.301,86.040,-2.752
382.668,0.000,-2.552,2.000,-63.143,86.450,-3.382
382.673,0.000,-2.552,2.000,-62.609,85.213,-4.280
382.679,0.000,-2.399,2.000,-61.488,86.105,-5.912
382.686,0.000,-2.552,2.000,-60.126,84.188,-5.203
382.691,0.000,-2.552,2.000,-59.309,82.057,-4.856
382.696,0.000,-2.552,2.000,-56.991,81.855,-7.610
382.701,0.000,-3.638,2.000,-57.939,85.455,-10.752
382.707,0.000,-3.638,2.000,-57.436,84.178,-10.337
382.714,0.000,-3.638,2.000,-57.388,84.285,-10.971
382.720,0.000,-6.445,2.000,-56.514,83.468,-11.645
382.725,0.000,-6.445,2.000,-56.356,81.809,-12.699
382.730,0.000,-6.796,2.000,-57.729,80.101,-14.208
382.735,0.000,-10.223,2.000,-58.630,79.980,-16.327
382.741,0.000,-10.223,2.000,-59.675,81.980,-16.972
382.747,0.000,-11.061,2.000,-59.790,82.115,-17.563
382.752,0.000,-11.061,2.000,-61.152,85.925,-18.964
382.757,0.000,-11.061,2.000,-61.327,88.129,-18.842
382.764,0.000,-11.061,2.000,-61.627,88.413,-17.308
382.769,0.148,-16.569,2.000,-61.646,90.648,-18.409
382.774,0.148,-16.569,2.000,-61.914,91.939,-18.257
382.779,0.148,-16.569,2.000,-62.406,92.391,-18.871
382.784,0.148,-16.569,2.000,-62.813,93.650,-18.937
382.789,0.595,-22.209,2.000,-62.958,91.349,-16.479
382.795,0.595,-22.209,2.000,-61.403,88.623,-14.560
382.800,0.595,-22.209,2.000,-59.222,87.452,-14.304
382.805,3.014,-43.641,2.000,-58.319,85.942,-15.140
382.811,3.014,-43.641,2.000,-56.496,82.835,-15.167
382.817,3.014,-43.641,2.000,-54.554,81.415,-14.270
382.823,3.014,-43.641,2.000,-55.491,81.899,-13.675
382.828,6.974,-53.093,2.000,-54.247,80.752,-12.088
382.834,6.974,-53.093,2.000,-50.418,77.196,-10.664
382.840,7.333,-56.356,2.000,-47.500,73.490,-9.556
382.845,7.333,-56.356,2.000,-45.760,70.175,-9.838
382.851,8.828,-75.985,2.000,-43.622,69.281,-8.370
382.857,8.828,-75.985,2.000,-40.608,67.982,-6.494
382.863,9.816,-87.650,2.000,-38.117,67.990,-5.689
382.868,9.816,-87.650,2.000,-35.267,66.355,-4.534
382.874,9.816,-87.650,2.000,-34.223,65.632,-3.106
382.880,9.816,-87.650,2.000,-31.988,64.831,-3.389
382.886,11.711,-105.008,2.000,-31.695,64.498,-2.491
382.891,11.711,-105.008,2.000,-28.596,62.525,-1.655
382.897,11.932,-111.748,2.000,-26.119,60.080,-1.427
382.903,11.932,-111.748,2.000,-23.461,58.430,-0.292
382.908,11.932,-111.748,2.000,-21.505,56.608,0.649
382.914,11.711,-115.245,2.000,-19.527,54.609,1.017
382.920,10.849,-118.828,2.000,-18.324,53.553,1.968
382.925,10.849,-118.828,2.000,-17.930,51.778,3.402
382.931,10.430,-122.499,2.000,-17.080,46.911,3.846
382.937,10.430,-122.499,2.000,-15.540,42.958,4.855
382.942,10.430,-122.499,2.000,-14.329,39.760,6.776
382.948,10.430,-122.499,2.000,-12.524,36.918,7.549
382.954,9.615,-124.996,2.000,-9.486,32.563,8.685
382.960,9.615,-124.996,2.000,-8.425,28.324,9.239
382.965,9.615,-124.996,2.000,-8.992,23.548,10.153
382.971,7.882,-124.996,2.000,-8.209,18.447,11.483
382.977,8.068,-124.996,2.000,-7.789,13.568,12.154
382.983,8.068,-124.996,2.000,-7.623,8.306,13.014
382.988,8.068,-124.996,2.000,-7.953,1.758,12.211
382.994,8.068,-124.996,2.000,-7.544,-2.408,11.712
383.000,7.515,-126.260,2.000,-6.084,-7.527,11.045
383.006,7.515,-126.260,2.000,-4.415,-10.645,10.205
383.011,7.515,-126.260,2.000,-3.843,-12.586,8.883
383.017,7.515,-126.260,2.000,-3.504,-15.307,7.737
383.023,6.099,-126.260,2.000,-2.057,-17.036,4.634
383.028,6.099,-126.260,2.000,-2.428,-17.188,4.201
383.034,6.099,-126.260,2.000,-2.564,-16.788,1.951
383.040,6.099,-126.260,2.000,-1.572,-16.107,2.579
383.046,6.099,-126.260,2.000,-0.775,-16.276,2.445
383.051,2.095,-131.417,2.000,-0.014,-15.176,1.217
383.057,2.095,-131.417,2.000,0.653,-12.635,0.880
383.062,2.095,-131.417,2.000,2.676,-9.904,0.256
383.067,2.247,-162.854,2.000,4.988,-9.676,0.980
383.073,2.247,-162.854,2.000,7.551,-8.850,0.753
383.079,2.247,-162.854,2.000,8.859,-7.785,0.682
383.084,2.859,-187.518,2.000,9.036,-5.483,-0.405
383.090,2.859,-200.001,2.000,10.449,-5.334,-0.361
383.096,2.859,-200.001,2.000,12.421,-5.439,-0.353
383.101,2.859,-200.001,2.000,12.318,-5.815,-1.261
383.107,3.014,-226.948,2.000,14.000,-7.165,-2.776
383.113,2.859,-235.154,2.000,14.895,-8.729,-4.835
383.119,2.859,-235.154,2.000,16.957,-10.775,-6.301
383.124,2.859,-235.154,2.000,18.600,-15.027,-5.735
383.130,2.399,-268.061,2.000,20.683,-17.571,-6.736
383.135,1.492,-296.944,2.000,21.674,-19.644,-7.054
383.141,1.492,-296.944,2.000,22.810,-23.113,-7.827
383.147,1.492,-296.944,2.000,23.326,-26.483,-7.112
383.152,0.446,-312.287,2.000,24.451,-33.412,-5.802
383.158,0.297,-317.540,2.000,26.686,-39.517,-5.677
383.163,0.297,-317.540,2.000,30.311,-46.428,-5.084
383.169,0.297,-322.863,2.000,30.606,-51.612,-4.135
383.174,0.297,-322.863,2.000,32.024,-58.420,-2.896
383.180,0.297,-322.863,2.000,33.054,-64.424,-4.008
383.185,0.297,-322.863,2.000,32.795,-70.358,-3.612
383.190,0.297,-325.551,2.000,31.233,-74.734,-2.763
383.196,0.297,-325.551,2.000,31.748,-81.549,-2.503
383.201,0.297,-325.551,2.000,31.239,-87.817,-2.594
383.207,0.297,-325.551,2.000,30.974,-96.165,-2.232
383.212,0.297,-325.551,2.000,32.303,-105.255,-0.704
383.218,0.297,-325.551,2.000,33.674,-114.002,-0.672
383.223,0.297,-325.551,2.000,33.054,-121.133,-1.548
383.228,0.297,-325.551,2.000,32.607,-129.642,-2.154
383.234,0.297,-325.551,2.000,32.418,-136.552,-3.312
383.239,0.297,-320.193,2.000,29.741,-141.724,-3.393
383.245,0.297,-320.193,2.000,27.306,-147.356,-3.087
383.250,0.297,-320.193,2.000,27.143,-153.600,-2.038
383.256,0.297,-320.193,2.000,27.753,-158.817,-2.341
383.261,0.297,-312.287,2.000,29.696,-165.394,-2.340
383.266,0.297,-312.287,2.000,32.136,-172.004,-1.203
383.272,0.297,-312.287,2.000,33.960,-178.691,0.369
383.277,0.297,-312.287,2.000,36.558,-184.012,1.107
383.283,0.297,-261.203,2.000,35.976,-187.015,0.592
383.288,0.297,-261.203,2.000,36.745,-191.061,1.283
383.294,0.297,-261.203,2.000,37.688,-194.276,2.186
383.299,0.000,-222.931,2.000,39.466,-196.523,2.651
383.304,0.000,-222.931,2.000,38.637,-194.199,3.955
383.309,0.000,-222.931,2.000,39.476,-191.295,3.822
383.314,0.000,-222.931,2.000,41.497,-189.762,3.202
383.319,0.000,-222.931,2.000,43.479,-191.056,2.682
383.324,0.000,-153.744,2.000,46.324,-192.502,3.297
383.329,0.000,-153.744,2.000,47.836,-191.637,4.050
383.334,0.000,-153.744,2.000,48.787,-189.837,6.390
383.339,0.000,-153.744,2.000,50.050,-186.687,6.053
383.344,0.000,-100.697,2.000,48.931,-180.174,6.047
383.349,0.000,-100.697,2.000,50.438,-174.545,8.247
383.354,0.148,-94.496,2.000,51.356,-170.809,9.183
383.359,0.148,-70.236,2.000,53.945,-167.534,11.513
383.364,0.148,-70.236,2.000,55.940,-164.636,12.434
383.369,0.148,-62.629,2.000,57.813,-161.713,12.939
383.375,0.148,-62.629,2.000,57.839,-158.025,12.513
383.380,0.148,-62.629,2.000,58.406,-154.864,12.171
383.385,0.297,-48.778,2.000,58.380,-151.272,11.484
383.390,0.446,-47.016,2.000,59.205,-148.385,11.244
383.396,0.446,-47.016,2.000,61.341,-146.107,11.348
383.402,0.446,-47.016,2.000,62.083,-142.687,11.636
383.407,3.169,-45.869,2.000,62.491,-140.490,11.942
383.413,3.796,-45.869,2.000,63.548,-138.215,11.523
383.419,3.796,-45.869,2.000,64.542,-136.196,10.502
383.425,3.796,-45.869,2.000,64.324,-134.119,9.681
383.430,6.796,-44.744,2.000,65.090,-130.539,9.107
383.436,6.796,-44.744,2.000,65.999,-127.049,9.359
383.442,6.796,-44.744,2.000,65.816,-123.497,9.091
383.447,9.615,-43.641,2.000,66.524,-118.962,9.266
383.453,10.430,-45.304,2.000,66.452,-115.252,9.165
383.459,10.430,-45.304,2.000,66.391,-110.174,7.771
383.465,10.430,-45.304,2.000,65.439,-105.210,7.590
383.470,19.697,-48.185,2.000,66.964,-102.194,6.876
383.476,23.206,-48.185,2.000,67.806,-97.917,6.556
383.482,23.206,-48.185,2.000,68.141,-94.232,6.169
383.488,23.206,-48.185,2.000,69.899,-90.898,6.013
383.493,32.418,-51.831,2.000,71.607,-88.406,6.841
383.499,32.418,-51.831,2.000,72.368,-85.794,5.948
383.505,32.418,-51.831,2.000,73.264,-84.766,4.397
383.511,32.418,-51.831,2.000,74.320,-84.622,1.946
383.516,45.304,-53.734,2.000,74.346,-83.991,2.319
383.522,45.304,-53.734,2.000,75.118,-83.659,1.890
383.528,45.304,-53.734,2.000,76.192,-84.430,1.886
383.534,45.304,-53.734,2.000,76.251,-83.941,2.237
383.539,71.036,-54.380,2.000,77.935,-83.871,2.695
383.545,76.836,-54.380,2.000,80.766,-84.128,2.788
383.551,76.836,-54.380,2.000,84.394,-82.234,3.727
383.557,76.836,-54.380,2.000,87.128,-80.188,4.151
383.562,76.836,-54.380,2.000,89.903,-77.756,5.610
383.568,130.112,-55.033,2.000,92.564,-74.608,6.306
383.574,150.799,-55.033,2.000,96.458,-71.498,6.052
383.580,150.799,-55.033,2.000,100.115,-69.102,6.656
383.585,177.320,-55.033,2.000,102.919,-66.081,5.377
383.591,177.320,-55.033,2.000,106.151,-63.714,5.548
383.597,209.315,-55.033,2.000,108.962,-61.980,6.671
383.603,209.315,-55.033,2.000,113.438,-59.714,6.245
383.608,217.011,-54.380,2.000,117.702,-56.946,5.571
383.614,217.011,-54.380,2.000,121.729,-55.210,5.739
383.620,217.011,-54.380,2.000,126.759,-54.229,6.342
383.626,217.011,-54.380,2.000,132.879,-54.320,6.901
383.631,213.135,-52.459,2.000,137.923,-53.664,7.076
383.637,213.135,-52.459,2.000,143.710,-52.590,8.559
383.643,211.218,-49.377,2.000,149.143,-52.882,9.272
383.648,211.218,-49.377,2.000,155.460,-53.820,10.755
383.654,211.218,-49.377,2.000,161.327,-53.074,12.111
383.660,211.218,-49.377,2.000,166.592,-51.646,13.011
383.666,205.549,-46.439,2.000,172.441,-52.094,14.287
383.672,205.549,-46.439,2.000,178.973,-51.490,15.145
383.677,203.686,-46.439,2.000,185.862,-51.917,17.002
383.683,203.686,-46.439,2.000,191.190,-52.374,18.196
383.689,203.686,-46.439,2.000,196.179,-52.502,19.040
383.695,201.837,-43.641,2.000,201.088,-52.281,19.353
383.700,201.837,-43.641,2.000,205.080,-50.074,17.578
383.706,180.669,-26.768,2.000,208.332,-48.554,17.167
383.712,180.669,-26.768,2.000,210.824,-44.393,15.598
383.718,177.320,-27.526,2.000,212.973,-42.326,15.520
383.723,172.389,-25.660,2.000,215.968,-40.014,13.111
383.729,153.744,-21.561,2.000,216.416,-36.788,11.541
383.735,153.744,-21.561,2.000,215.752,-33.726,10.000
383.741,142.232,-20.927,2.000,215.270,-29.087,8.562
383.746,134.057,-20.305,2.000,213.677,-25.951,8.274
383.752,134.057,-20.305,2.000,212.594,-23.751,7.886
383.758,134.057,-20.305,2.000,210.428,-18.487,7.645
383.763,102.835,-15.261,2.000,208.536,-14.973,9.452
383.769,102.835,-15.261,2.000,207.724,-10.581,8.947
383.775,71.842,-11.061,2.000,208.427,-7.739,8.492
383.781,71.842,-11.061,2.000,208.404,-6.347,7.799
383.786,63.359,-9.022,2.000,206.062,-2.898,5.507
383.792,63.359,-9.022,2.000,201.889,-1.505,5.972
383.798,63.359,-9.022,2.000,196.564,-0.770,5.839
383.804,63.359,-9.022,2.000,192.427,-0.754,6.315
383.809,31.560,-5.421,2.000,189.994,-3.135,7.765
383.815,31.560,-5.421,2.000,186.515,-4.495,8.936
383.821,16.569,-1.793,2.000,181.762,-4.161,9.285
383.826,16.569,-1.793,2.000,177.814,-4.509,10.091
383.832,13.538,-1.642,2.000,173.588,-5.940,9.508
383.838,13.538,-1.642,2.000,169.054,-7.177,9.407
383.843,3.014,-0.595,2.000,164.537,-9.361,10.078
383.849,3.014,-0.595,2.000,159.983,-8.509,10.524
383.854,0.297,-0.297,2.000,155.155,-7.122,9.782
383.859,0.297,-0.297,2.000,148.389,-3.397,10.201
383.864,0.297,-0.297,2.000,142.193,-1.083,9.767
383.869,0.297,-0.297,2.000,136.729,1.417,8.972
383.874,0.297,-0.297,2.000,133.767,2.774,8.900
383.879,0.297,-0.297,2.000,128.433,7.472,5.160
383.885,-0.148,-0.148,2.000,124.563,10.291,3.792
383.891,-0.446,0.000,2.000,120.692,13.747,2.419
383.898,-0.446,0.000,2.000,118.462,14.017,2.096
383.904,-0.446,0.000,2.000,113.480,19.219,0.772
383.911,-0.446,0.000,2.000,109.506,21.790,-0.517
383.916,-10.430,3.325,2.000,108.699,23.328,-0.605
383.922,-10.430,3.325,2.000,105.565,24.721,-1.219
383.928,-20.927,9.022,2.000,104.169,26.407,-2.285
383.934,-20.927,9.022,2.000,99.738,27.937,-2.923
383.939,-24.236,12.154,2.000,95.726,28.137,-3.252
383.945,-24.236,12.154,2.000,93.392,28.589,-4.291
383.951,-45.304,20.927,2.000,91.111,29.917,-5.025
383.957,-45.304,20.927,2.000,89.488,30.134,-4.764
383.962,-45.304,20.927,2.000,86.781,33.765,-6.767
383.968,-45.304,20.927,2.000,83.083,36.228,-7.577
383.974,-45.304,20.927,2.000,79.660,40.398,-8.862
383.979,-45.304,20.927,2.000,74.708,43.679,-10.550
383.985,-45.304,20.927,2.000,69.554,44.392,-9.434
383.991,-116.430,57.705,2.000,66.075,44.611,-9.048
383.997,-116.430,57.705,2.000,62.842,42.571,-7.462
384.002,-123.743,59.776,2.000,59.367,40.434,-6.448
384.008,-123.743,59.776,2.000,55.671,39.863,-7.487
384.014,-130.112,64.096,2.000,51.272,40.946,-7.897
384.020,-130.112,64.096,2.000,44.116,44.235,-9.070
384.025,-134.057,67.881,2.000,35.733,47.583,-9.501
384.031,-134.057,67.881,2.000,28.150,51.124,-10.241
384.037,-146.466,79.434,2.000,23.106,52.863,-9.360
384.043,-146.466,79.434,2.000,16.790,56.615,-7.359
384.048,-147.899,85.768,2.000,10.829,59.531,-6.355
384.054,-147.899,85.768,2.000,4.528,62.273,-6.427
384.060,-149.343,97.558,2.000,-0.564,67.058,-5.821
384.066,-149.343,97.558,2.000,-5.832,69.622,-4.980
384.071,-149.343,97.558,2.000,-11.569,70.636,-4.035
384.077,-149.343,97.558,2.000,-18.946,72.178,-3.812
384.083,-147.899,89.565,2.000,-26.572,74.113,-3.403
384.088,-147.899,89.565,2.000,-34.777,77.507,-2.888
384.094,-146.466,82.101,2.000,-42.512,79.315,-2.614
384.100,-146.466,82.101,2.000,-49.426,81.177,-2.519
384.106,-135.393,72.656,2.000,-54.989,81.822,-1.949
384.111,-135.393,72.656,2.000,-59.549,83.244,-1.841
384.117,-135.393,72.656,2.000,-65.741,85.859,-1.903
384.123,-135.393,72.656,2.000,-71.368,87.800,-2.172
384.129,-118.828,71.036,2.000,-76.204,92.901,-2.516
384.134,-118.828,71.036,2.000,-81.680,98.881,-2.398
384.140,-118.828,71.842,2.000,-85.031,101.071,-1.514
384.146,-118.828,71.842,2.000,-89.251,105.462,-0.461
384.152,-118.828,71.842,2.000,-95.043,110.517,1.895
384.157,-118.828,71.842,2.000,-98.422,113.954,3.963
384.163,-115.245,74.306,2.000,-100.901,118.077,5.219
384.169,-115.245,74.306,2.000,-102.556,119.557,6.779
384.175,-115.245,74.306,2.000,-103.493,120.398,9.298
384.181,-115.245,74.306,2.000,-105.835,121.591,9.862
384.186,-115.245,75.985,2.000,-106.860,121.031,9.756
384.192,-115.245,75.985,2.000,-109.449,121.425,9.238
384.198,-115.245,78.560,2.000,-112.030,122.334,8.726
384.204,-115.245,78.560,2.000,-112.681,120.499,7.871
384.209,-115.245,78.560,2.000,-112.840,119.315,7.279
384.215,-115.245,78.560,2.000,-114.859,119.831,7.449
384.221,-128.818,86.705,2.000,-116.371,119.671,7.957
384.227,-128.818,86.705,2.000,-117.083,118.846,8.479
384.232,-128.818,86.705,2.000,-117.672,118.897,8.679
384.238,-128.818,86.705,2.000,-118.456,118.928,9.845
384.244,-184.068,115.245,2.000,-120.159,120.847,10.725
384.250,-184.068,115.245,2.000,-123.430,122.780,10.834
384.255,-184.068,115.245,2.000,-126.071,125.136,10.218
384.261,-184.068,115.245,2.000,-129.519,128.515,10.109
384.267,-239.346,123.743,2.000,-132.644,130.796,9.492
384.273,-239.346,123.743,2.000,-135.167,132.449,8.991
384.278,-239.346,111.748,2.000,-138.648,133.452,8.228
384.284,-239.346,111.748,2.000,-142.213,134.682,7.876
384.290,-211.218,77.694,2.000,-148.405,136.743,7.669
384.296,-211.218,77.694,2.000,-155.404,138.858,8.419
384.302,-172.389,63.359,2.000,-161.634,139.925,9.608
384.307,-172.389,63.359,2.000,-168.689,139.242,9.718
384.313,-139.464,47.016,2.000,-174.950,137.795,10.692
384.319,-139.464,47.016,2.000,-179.872,137.104,11.239
384.325,-121.266,42.560,2.000,-185.472,138.677,11.281
384.330,-121.266,42.560,2.000,-192.106,139.132,11.664
384.336,-80.315,29.896,2.000,-197.595,142.422,12.184
384.342,-80.315,29.896,2.000,-202.461,145.208,12.541
384.347,-58.389,25.298,2.000,-206.667,145.320,12.550
384.353,-58.389,25.298,2.000,-211.124,144.797,13.548
384.359,-58.389,25.298,2.000,-215.008,142.736,13.720
384.364,-58.389,25.298,2.000,-218.843,140.781,14.536
384.370,-18.231,13.777,2.000,-220.948,139.498,14.902
384.376,-18.231,13.777,2.000,-222.883,138.327,14.386
384.382,-18.231,13.777,2.000,-223.293,136.396,14.288
384.387,-6.620,5.088,2.000,-222.025,135.934,12.939
384.393,-6.620,5.088,2.000,-220.023,135.504,11.731
384.399,-0.893,1.192,2.000,-210.799,126.021,10.130
384.404,-0.893,1.192,2.000,-206.374,121.802,8.188
384.410,0.000,-0.148,2.000,-194.642,112.648,5.009
384.417,0.000,-0.297,2.000,-183.540,106.256,2.202
384.423,0.000,-0.297,2.000,-173.650,100.142,1.263
384.429,0.000,-0.297,2.000,-163.499,94.124,-0.958
384.435,0.000,-0.297,2.000,-153.342,87.269,-3.186
384.442,0.000,-0.297,2.000,-137.494,76.619,-5.497
384.448,0.000,-0.297,2.000,-97.441,39.632,-12.235
384.454,0.000,-0.297,2.000,13.948,-72.224,-27.883
384.460,0.000,-0.297,2.000,184.157,-241.931,-55.112
384.467,0.000,-0.297,2.000,335.017,-391.815,-93.449
384.473,0.000,-0.297,2.000,403.097,-448.378,-142.094
384.479,0.000,-0.297,2.000,258.125,-347.455,-148.620
384.486,0.000,-0.297,2.000,96.099,-291.101,-145.160
384.492,0.000,-0.297,2.000,49.876,-275.678,-149.377
384.497,0.000,-0.297,2.000,49.876,-275.678,-149.377
384.502,0.000,-0.297,2.000,49.876,-275.678,-149.377
384.508,0.000,-0.297,2.000,49.876,-275.678,-149.377
384.513,0.000,-0.297,2.000,49.876,-275.678,-149.377
384.518,0.000,-0.297,2.000,49.876,-275.678,-149.377
384.524,0.000,-0.297,2.000,49.876,-275.678,-149.377
384.529,0.000,-0.297,2.000,49.876,-275.678,-149.377
384.534,0.000,-0.297,2.000,49.876,-275.678,-149.377
384.540,0.000,-0.297,2.000,49.876,-275.678,-149.377
384.545,0.000,-0.297,2.000,49.876,-275.678,-149.377
384.550,0.000,-0.297,2.000,49.876,-275.678,-149.377
384.555,0.000,-0.297,2.000,49.876,-275.678,-149.377
384.561,0.000,-0.297,2.000,49.876,-275.678,-149.377
384.566,0.000,-0.297,2.000,49.876,-275.678,-149.377
384.572,0.000,-0.297,2.000,49.876,-275.678,-149.377
384.577,0.000,-0.297,2.000,49.876,-275.678,-149.377
384.582,0.000,-0.297,2.000,49.876,-275.678,-149.377
384.588,0.000,-0.297,2.000,49.876,-275.678,-149.377
384.593,0.000,-0.297,2.000,49.876,-275.678,-149.377
384.598,0.000,-0.297,2.000,49.876,-275.678,-149.377
384.604,0.000,-0.297,2.000,49.876,-275.678,-149.377
384.609,0.000,-0.297,2.000,49.876,-275.678,-149.377
384.614,0.000,-0.297,2.000,49.876,-275.678,-149.377
384.620,0.000,-0.297,2.000,49.876,-275.678,-149.377
384.625,0.000,-0.297,2.000,49.876,-275.678,-149.377
384.630,0.000,-0.297,2.000,49.876,-275.678,-149.377
384.636,0.000,-0.297,2.000,49.876,-275.678,-149.377
384.641,0.000,-0.297,2.000,49.876,-275.678,-149.377
384.646,0.000,-0.297,2.000,49.876,-275.678,-149.377
384.651,0.000,-0.297,2.000,49.876,-275.678,-149.377
384.657,0.000,-0.297,2.000,49.876,-275.678,-149.377
384.662,0.000,-0.297,2.000,49.876,-275.678,-149.377
384.668,0.000,-0.297,2.000,49.876,-275.678,-149.377
384.673,0.000,-0.297,2.000,49.876,-275.678,-149.377
384.678,0.000,-0.297,2.000,49.876,-275.678,-149.377
384.684,0.000,-0.297,2.000,49.876,-275.678,-149.377
384.689,0.000,-0.297,2.000,49.876,-275.678,-149.377
384.694,0.000,-0.297,2.000,49.876,-275.678,-149.377
384.700,0.000,-0.297,2.000,49.876,-275.678,-149.377
384.705,0.000,-0.297,2.000,49.876,-275.678,-149.377
384.710,0.000,-0.297,2.000,49.876,-275.678,-149.377
384.716,0.000,-0.297,2.000,49.876,-275.678,-149.377
384.721,0.000,-0.297,2.000,49.876,-275.678,-149.377
384.727,0.000,-0.297,2.000,49.876,-275.678,-149.377
384.732,0.000,-0.297,2.000,49.876,-275.678,-149.377
384.737,0.000,-0.297,2.000,49.876,-275.678,-149.377
384.742,0.000,-0.297,2.000,49.876,-275.678,-149.377
384.748,0.000,-0.297,2.000,49.876,-275.678,-149.377
384.753,0.000,-0.297,2.000,49.876,-275.678,-149.377
384.758,0.000,-0.297,2.000,49.876,-275.678,-149.377
384.763,0.000,-0.297,2.000,49.876,-275.678,-149.377
384.768,0.000,-0.297,2.000,49.876,-275.678,-149.377
384.773,0.000,-0.297,2.000,49.876,-275.678,-149.377
384.779,0.000,-0.297,2.000,49.876,-275.678,-149.377
384.784,0.000,-0.297,2.000,49.876,-275.678,-149.377
384.789,0.000,-0.297,2.000,49.876,-275.678,-149.377
384.794,0.000,-0.297,2.000,49.876,-275.678,-149.377
384.800,0.000,-0.297,2.000,49.876,-275.678,-149.377
384.805,0.000,-0.297,2.000,49.876,-275.678,-149.377
384.810,0.000,-0.297,2.000,49.876,-275.678,-149.377
384.815,0.000,-0.297,2.000,49.876,-275.678,-149.377
384.820,0.000,-0.297,2.000,49.876,-275.678,-149.377
384.825,0.000,-0.297,2.000,49.876,-275.678,-149.377
384.830,0.000,-0.297,2.000,49.876,-275.678,-149.377
384.836,0.000,-0.297,2.000,49.876,-275.678,-149.377
384.841,0.000,-0.297,2.000,49.876,-275.678,-149.377
384.846,0.000,-0.297,2.000,49.876,-275.678,-149.377
384.851,0.000,-0.297,2.000,49.876,-275.678,-149.377
384.856,0.000,-0.297,2.000,49.876,-275.678,-149.377
384.861,0.000,-0.297,2.000,49.876,-275.678,-149.377
384.866,0.000,-0.297,2.000,49.876,-275.678,-149.377
384.872,0.000,-0.297,2.000,49.876,-275.678,-149.377
384.877,0.000,-0.297,2.000,49.876,-275.678,-149.377
384.882,0.000,-0.297,2.000,49.876,-275.678,-149.377
384.887,0.000,-0.297,2.000,49.876,-275.678,-149.377
384.892,0.000,-0.297,2.000,49.876,-275.678,-149.377
384.897,0.000,-0.297,2.000,49.876,-275.678,-149.377
384.902,0.000,-0.297,2.000,49.876,-275.678,-149.377
384.907,0.000,-0.297,2.000,49.876,-275.678,-149.377
384.913,0.000,-0.297,2.000,49.876,-275.678,-149.377
384.918,0.000,-0.297,2.000,49.876,-275.678,-149.377
384.923,0.000,-0.297,2.000,49.876,-275.678,-149.377
384.928,0.000,-0.297,2.000,49.876,-275.678,-149.377
384.933,0.000,-0.297,2.000,49.876,-275.678,-149.377
384.938,0.000,-0.297,2.000,49.876,-275.678,-149.377
384.944,0.000,-0.297,2.000,49.876,-275.678,-149.377
384.949,0.000,-0.297,2.000,49.876,-275.678,-149.377
384.954,0.000,-0.297,2.000,49.876,-275.678,-149.377
384.959,0.000,-0.297,2.000,49.876,-275.678,-149.377
384.965,0.000,-0.297,2.000,-0.092,2.436,-1.385
384.971,0.000,-0.297,2.000,0.360,1.216,0.619
384.977,0.000,-0.297,2.000,0.035,1.388,0.462
384.983,0.000,-0.297,2.000,-0.747,1.008,-0.293
384.990,0.000,-0.297,2.000,-0.076,0.701,-0.059
384.996,0.000,-0.297,2.000,0.263,0.599,0.263
385.002,0.000,-0.297,2.000,1.071,0.881,-0.024
385.008,0.000,-0.297,2.000,1.694,-0.473,0.392
385.014,0.000,-0.297,2.000,0.836,-0.906,1.183
385.021,0.000,-0.297,2.000,0.031,-0.086,0.135
385.027,0.000,-0.297,2.000,-0.114,-0.295,0.211
385.033,0.000,-0.297,2.000,0.182,0.025,-1.164
385.039,0.000,-0.297,2.000,-0.252,-0.491,-0.416
385.045,0.000,-0.297,2.000,-0.718,0.411,-1.191
385.051,0.000,-0.297,2.000,-0.981,0.325,-0.856
385.058,0.000,-0.297,2.000,0.323,-0.207,-1.218
385.064,0.000,-0.297,2.000,0.189,0.342,-1.615
385.070,0.000,-0.297,2.000,0.170,0.508,-0.433
385.076,0.000,-0.297,2.000,-0.522,1.008,-0.298
385.083,0.000,-0.297,2.000,-1.418,1.803,0.318
385.089,0.000,-0.297,2.000,-1.116,1.712,0.113
385.095,0.000,-0.297,2.000,-1.089,0.711,-0.509
385.101,0.000,-0.297,2.000,-1.094,1.397,0.621
385.107,0.000,-0.297,2.000,-1.008,1.497,0.014
385.114,0.000,-0.297,2.000,-1.154,1.062,1.800
385.120,0.000,-0.297,2.000,0.112,0.058,-1.318
385.126,0.000,-0.297,2.000,-0.763,0.683,-0.796
385.132,0.000,-0.297,2.000,-1.103,0.059,1.840
385.138,0.000,-0.297,2.000,-0.032,-0.320,0.705
385.145,0.000,-0.297,2.000,0.453,-0.274,0.585
385.151,0.000,-0.297,2.000,0.396,-1.095,0.968
385.157,0.000,-0.297,2.000,0.444,-0.994,3.043
385.163,0.000,-0.297,2.000,1.537,-1.213,3.264
385.169,0.000,-0.297,2.000,1.307,-1.599,1.776
385.176,0.000,-0.297,2.000,1.445,-2.132,1.027
385.182,0.000,-0.297,2.000,0.817,-1.064,2.458
385.188,0.000,-0.297,2.000,-0.109,-0.038,2.529
385.194,0.000,-0.297,2.000,0.820,0.108,2.913
385.200,0.000,-0.297,2.000,1.060,0.171,2.139
385.207,0.000,-0.297,2.000,-0.293,0.744,0.954
385.213,0.000,-0.297,2.000,-1.257,0.015,-0.420
385.219,0.000,-0.297,2.000,0.173,-0.022,-0.657
385.225,0.000,-0.297,2.000,0.139,0.011,-0.317
385.231,0.000,-0.297,2.000,0.394,-0.437,1.438
385.238,0.000,-0.297,2.000,2.849,-1.018,1.088
385.244,0.000,-0.297,2.000,3.995,-1.158,2.018
385.250,0.000,-0.297,2.000,5.733,-1.154,2.747
385.256,0.000,-0.297,2.000,5.482,-1.552,2.786
385.263,0.000,-0.297,2.000,3.937,-1.410,2.119
385.269,0.000,-0.297,2.000,3.149,-1.219,2.098
385.275,0.000,-0.297,2.000,1.086,0.256,1.185
385.281,0.000,-0.297,2.000,0.533,-0.111,1.775
385.287,0.000,-0.297,2.000,-1.471,-0.789,0.375
385.294,0.000,-0.297,2.000,-2.821,-1.738,-1.012
385.300,0.000,-0.297,2.000,-3.301,-0.978,-1.685
385.306,0.000,-0.297,2.000,-2.645,-2.132,-1.936
385.312,0.000,-0.297,2.000,-2.227,-2.980,0.078
385.318,0.000,-0.297,2.000,-1.432,-3.065,1.540
385.325,0.000,-0.297,2.000,-0.175,-2.490,2.100
385.331,0.000,-0.297,2.000,0.384,-0.915,-0.250
385.337,0.000,-0.297,2.000,1.861,-1.940,-0.044
385.343,0.000,-0.297,2.000,1.737,-1.134,-1.138
385.350,0.000,-0.297,2.000,2.173,-0.839,-1.936
385.356,0.000,-0.297,2.000,3.249,-1.523,-0.868
385.362,0.000,-0.297,2.000,4.078,-1.373,-0.413
385.368,0.000,-0.297,2.000,3.624,-1.136,-0.372
385.374,0.000,-0.297,2.000,3.442,-1.134,-1.504
385.381,0.000,-0.297,2.000,2.925,-0.997,-0.597
385.387,0.000,-0.297,2.000,2.554,-1.807,-0.616
385.393,0.000,-0.297,2.000,2.044,-1.522,-1.522
385.399,0.000,-0.595,2.000,1.481,-0.825,-1.498
385.406,0.000,-0.595,2.000,1.440,-1.385,-0.669
385.412,0.000,-0.595,2.000,0.622,-2.677,0.748
385.418,0.000,-0.595,2.000,1.716,-3.625,2.242
385.425,0.000,-1.341,2.000,2.935,-3.785,1.884
385.431,0.000,-1.341,2.000,3.060,-4.162,2.963
385.436,0.000,-1.341,2.000,3.874,-2.906,1.446
385.443,0.000,-1.341,2.000,4.142,-1.798,1.406
385.450,0.000,-2.247,2.000,4.327,-2.910,1.585
385.456,0.000,-2.399,2.000,3.846,-3.506,1.977
385.462,0.000,-2.399,2.000,3.401,-3.270,2.471
385.469,0.000,-4.924,2.000,4.486,-2.308,1.984
385.475,0.000,-4.924,2.000,4.743,-3.337,2.627
385.481,0.000,-4.924,2.000,4.573,-5.086,3.506
385.488,0.000,-6.272,2.000,2.525,-3.531,2.779
385.495,0.000,-6.272,2.000,0.298,-2.843,1.648
385.501,0.000,-6.272,2.000,0.843,-2.693,1.869
385.506,0.000,-6.272,2.000,2.110,-3.439,1.521
385.513,0.000,-6.272,2.000,2.119,-3.644,4.355
385.520,0.000,-6.272,2.000,1.335,-3.021,4.959
385.526,0.000,-6.272,2.000,2.001,-4.141,6.090
385.533,0.000,-6.272,2.000,2.018,-3.271,5.532
385.538,0.000,-6.272,2.000,3.594,-2.770,5.931
385.545,0.000,-6.272,2.000,3.142,-4.120,8.012
385.552,0.000,-5.928,2.000,1.539,-2.480,8.946
385.559,0.000,-5.928,2.000,5.103,-6.431,10.434
385.564,0.000,-5.928,2.000,2.152,-2.553,9.174
385.570,0.000,-5.928,2.000,6.578,-9.315,10.728
385.575,0.000,-5.928,2.000,3.935,-5.548,11.516
385.582,0.000,-5.928,2.000,5.305,-6.366,10.802
385.589,0.000,-5.928,2.000,5.615,-8.209,13.450
385.596,0.000,-5.421,2.000,5.101,-8.075,12.912
385.600,0.000,-5.254,2.000,4.016,-8.626,14.030
385.606,0.000,-5.254,2.000,4.484,-10.842,13.468
385.611,0.000,-5.254,2.000,4.486,-12.400,12.284
385.617,0.000,-5.254,2.000,5.365,-13.887,13.438
385.622,0.000,-5.254,2.000,4.783,-16.252,13.137
385.629,0.000,-5.254,2.000,4.009,-19.330,14.019
385.636,0.000,-5.254,2.000,1.827,-20.187,13.812
385.641,0.000,-5.254,2.000,0.894,-22.494,13.857
385.646,0.000,-5.088,2.000,0.402,-22.852,13.907
385.653,0.000,-5.088,2.000,2.430,-26.226,14.133
385.658,0.000,-5.088,2.000,1.638,-26.061,11.978
385.663,0.000,-5.088,2.000,2.380,-27.876,12.752
385.668,0.000,-5.758,2.000,3.773,-27.848,14.091
385.673,0.000,-5.758,2.000,3.601,-24.125,13.618
385.678,0.000,-5.758,2.000,4.988,-20.850,14.039
385.683,0.000,-5.758,2.000,4.215,-16.239,14.010
385.688,0.000,-5.758,2.000,4.587,-12.327,13.622
385.693,0.000,-6.272,2.000,3.978,-11.939,12.857
385.698,0.000,-6.272,2.000,5.483,-12.177,13.145
385.703,0.000,-6.272,2.000,6.771,-13.247,12.876
385.708,0.000,-6.272,2.000,7.924,-11.428,13.042
385.713,0.000,-6.272,2.000,8.307,-8.294,13.258
385.718,0.000,-6.272,2.000,8.468,-8.527,13.081
385.723,0.000,-6.272,2.000,7.418,-8.208,11.783
385.728,0.000,-6.272,2.000,6.678,-7.515,9.643
385.733,0.000,-6.272,2.000,4.481,-6.575,8.067
385.738,0.000,-6.272,2.000,5.783,-5.982,7.723
385.743,0.000,-6.272,2.000,3.709,-2.262,9.535
385.750,0.000,-6.272,2.000,1.092,-0.594,8.702
385.757,0.000,-6.272,2.000,-0.168,-0.030,8.622
385.762,0.000,-6.272,2.000,-2.657,-0.150,8.194
385.767,0.000,-6.272,2.000,-3.217,-1.771,7.921
385.773,0.000,-6.272,2.000,-7.546,2.483,8.395
385.778,0.000,-6.272,2.000,-8.679,1.465,8.008
385.784,0.000,-6.099,2.000,-12.917,1.265,7.184
385.790,0.000,-6.099,2.000,-16.367,4.970,6.093
385.797,0.000,-6.099,2.000,-15.691,7.365,5.880
385.802,0.000,-6.099,2.000,-19.481,11.387,5.559
385.807,0.000,-6.099,2.000,-20.305,10.863,4.777
385.814,0.000,-6.099,2.000,-22.306,14.679,3.415
385.821,0.000,-6.099,2.000,-26.668,21.573,3.891
385.826,0.000,-6.099,2.000,-28.380,25.705,3.182
385.831,0.000,-6.272,2.000,-30.227,29.241,4.810
385.836,0.000,-6.272,2.000,-30.970,31.793,5.375
385.841,0.000,-6.272,2.000,-31.853,33.594,4.184
385.846,0.000,-6.272,2.000,-32.603,35.151,2.903
385.853,0.000,-6.445,2.000,-33.999,36.887,2.637
385.858,0.000,-6.445,2.000,-35.275,36.802,3.041
385.864,0.000,-6.445,2.000,-35.127,35.813,3.494
385.869,0.000,-6.445,2.000,-35.636,33.985,4.017
385.876,0.000,-6.445,2.000,-35.747,33.046,3.498
385.881,0.000,-6.445,2.000,-36.359,31.525,3.550
385.886,0.000,-6.445,2.000,-36.089,30.889,2.623
385.891,0.000,-6.445,2.000,-36.117,28.512,1.676
385.896,0.000,-6.445,2.000,-37.154,29.256,-0.718
385.901,0.000,-6.796,2.000,-37.474,28.694,-1.108
385.906,0.000,-6.796,2.000,-38.067,30.110,-1.006
385.911,0.000,-6.796,2.000,-38.872,31.297,0.063
385.916,0.000,-6.796,2.000,-37.538,29.523,1.506
385.921,0.000,-6.796,2.000,-37.422,29.582,0.938
385.928,0.000,-6.796,2.000,-37.569,28.908,-1.905
385.933,0.000,-6.796,2.000,-37.430,26.484,-1.160
385.938,0.000,-6.796,2.000,-36.586,24.598,-0.980
385.943,0.000,-6.796,2.000,-35.758,22.629,-1.047
385.948,0.000,-6.974,2.000,-35.464,22.852,-1.375
385.953,0.000,-6.974,2.000,-34.126,24.375,-2.117
385.958,0.000,-6.974,2.000,-33.552,26.807,-3.077
385.965,0.000,-6.974,2.000,-30.736,28.562,-4.929
385.970,0.000,-10.019,2.000,-31.292,30.737,-4.552
385.977,0.000,-10.430,2.000,-30.791,34.462,-5.138
385.982,0.000,-10.430,2.000,-28.820,33.227,-5.186
385.989,0.000,-10.430,2.000,-27.714,36.798,-5.279
385.994,0.000,-11.492,2.000,-28.550,39.102,-6.035
386.000,-0.148,-13.068,2.000,-25.628,41.790,-5.576
386.005,-0.148,-13.068,2.000,-24.035,41.819,-5.747
386.010,-0.148,-13.068,2.000,-23.849,44.976,-6.978
386.016,-0.297,-12.379,2.000,-23.018,48.785,-7.170
386.021,-0.297,-12.379,2.000,-19.878,49.639,-6.854
386.027,-0.446,-12.154,2.000,-19.967,54.088,-7.578
386.032,-0.446,-11.932,2.000,-20.559,58.246,-7.254
386.038,-0.595,-12.836,2.000,-19.631,61.217,-6.267
386.043,-0.595,-12.836,2.000,-19.367,62.307,-3.471
386.049,-1.642,-13.068,2.000,-18.184,62.307,-3.582
386.054,-2.247,-13.302,2.000,-18.175,64.545,-2.732
386.060,-2.247,-13.302,2.000,-17.427,67.798,-0.680
386.066,-2.247,-13.302,2.000,-16.291,67.761,0.225
386.072,-5.758,-12.836,2.000,-14.866,66.668,-0.647
386.077,-5.758,-12.836,2.000,-15.422,66.983,0.268
386.083,-5.758,-12.836,2.000,-16.275,65.529,0.371
386.089,-5.758,-12.836,2.000,-15.154,63.521,0.382
386.094,-9.022,-14.508,2.000,-14.726,60.305,0.877
386.100,-9.022,-14.508,2.000,-14.877,59.073,-0.271
386.106,-9.022,-14.508,2.000,-14.105,55.712,0.370
386.112,-9.022,-14.508,2.000,-13.551,53.971,-0.545
386.117,-9.816,-19.697,2.000,-12.259,52.084,-1.133
386.123,-9.816,-19.697,2.000,-12.192,52.810,-1.357
386.129,-9.816,-19.697,2.000,-9.278,51.922,-2.388
386.135,-9.816,-19.697,2.000,-6.715,51.261,-1.656
386.140,-9.816,-21.242,2.000,-6.204,51.779,-2.505
386.146,-9.816,-22.209,2.000,-8.391,53.506,-2.436
386.152,-9.816,-22.209,2.000,-9.906,53.926,-3.519
386.157,-9.816,-22.209,2.000,-10.669,53.650,-3.388
386.163,-9.816,-24.236,2.000,-12.008,52.521,-2.581
386.169,-9.816,-25.660,2.000,-13.054,51.903,-2.803
386.175,-9.816,-25.660,2.000,-12.601,50.785,-2.500
386.180,-9.816,-25.660,2.000,-12.869,51.956,-2.979
386.186,-9.615,-25.298,2.000,-13.259,52.736,-3.388
386.192,-9.615,-27.526,2.000,-13.214,55.838,-3.705
386.198,-9.615,-27.526,2.000,-12.530,57.233,-3.782
386.203,-9.615,-27.526,2.000,-11.326,58.996,-3.449
386.209,-9.615,-27.526,2.000,-11.813,60.780,-3.120
386.215,-9.218,-28.300,2.000,-10.275,60.557,-1.417
386.220,-9.218,-28.300,2.000,-8.024,60.379,-0.841
386.226,-9.022,-27.911,2.000,-8.890,62.116,0.516
386.232,-9.022,-27.911,2.000,-9.440,61.058,1.768
386.237,-6.796,-31.560,2.000,-7.559,60.617,3.381
386.243,-6.796,-31.560,2.000,-6.722,59.198,4.171
386.249,-6.445,-30.720,2.000,-6.420,60.074,4.950
386.255,-5.421,-37.950,2.000,-6.269,61.244,4.728
386.260,-3.638,-39.948,2.000,-4.682,60.311,6.098
386.266,-3.638,-39.948,2.000,-4.934,59.946,6.486
386.272,-3.481,-42.027,2.000,-5.019,60.502,7.175
386.277,-3.481,-42.027,2.000,-5.338,62.777,7.574
386.283,-3.481,-42.027,2.000,-7.921,65.486,8.047
386.289,-0.744,-42.027,2.000,-9.131,65.608,10.676
386.294,-0.595,-44.744,2.000,-9.293,66.259,11.563
386.300,-0.595,-44.744,2.000,-12.074,70.009,12.183
386.305,-0.595,-44.744,2.000,-12.913,70.855,13.828
386.311,-0.446,-45.869,2.000,-12.294,70.970,14.605
386.316,-0.297,-47.597,2.000,-12.651,70.336,12.600
386.322,-0.297,-47.597,2.000,-13.385,68.216,12.078
386.327,-0.297,-47.597,2.000,-14.371,68.016,10.266
386.333,-0.297,-47.597,2.000,-14.908,70.335,8.921
386.338,-0.148,-50.592,2.000,-15.440,72.922,6.911
386.343,-0.148,-50.592,2.000,-16.285,74.364,6.615
386.348,-0.148,-54.380,2.000,-16.292,71.135,8.745
386.353,-0.148,-54.380,2.000,-16.384,69.095,7.757
386.358,-0.148,-54.380,2.000,-14.117,62.437,6.859
386.363,-0.148,-65.589,2.000,-15.748,59.962,6.439
386.368,-0.148,-67.881,2.000,-14.892,55.277,5.972
386.373,-0.148,-67.881,2.000,-15.020,54.247,7.000
386.378,-0.148,-67.881,2.000,-11.784,51.826,8.608
386.383,-0.148,-101.762,2.000,-11.468,49.959,11.265
386.388,-0.148,-101.762,2.000,-10.102,48.457,9.943
386.393,-0.148,-108.336,2.000,-11.367,48.825,9.433
386.398,-0.148,-108.336,2.000,-10.316,47.387,8.067
386.404,-0.148,-108.336,2.000,-9.442,43.869,7.946
386.409,-0.148,-130.112,2.000,-7.692,39.173,6.327
386.415,-0.148,-140.843,2.000,-6.694,36.212,6.744
386.420,-0.148,-140.843,2.000,-7.248,34.829,5.871
386.425,-0.148,-140.843,2.000,-4.628,30.407,4.512
386.430,-0.297,-164.414,2.000,-5.758,28.112,3.455
386.436,-0.297,-164.414,2.000,-5.373,25.787,3.272
386.441,-0.297,-167.568,2.000,-5.169,23.327,3.815
386.447,-0.297,-167.568,2.000,-5.013,20.819,3.145
386.452,-0.297,-167.568,2.000,-2.090,14.131,5.226
386.457,-0.297,-167.568,2.000,-0.933,9.307,6.105
386.463,-0.297,-222.931,2.000,-2.020,5.117,7.009
386.468,-0.297,-222.931,2.000,-0.883,-1.372,6.669
386.474,-0.297,-222.931,2.000,-1.888,-3.878,6.305
386.479,-0.297,-222.931,2.000,-3.685,-6.207,7.553
386.484,-0.297,-222.931,2.000,-2.737,-11.879,7.178
386.490,-0.297,-222.931,2.000,-3.167,-12.322,7.290
386.495,-0.297,-256.709,2.000,-1.259,-16.877,9.185
386.501,-0.297,-263.473,2.000,2.567,-23.956,11.065
386.506,-0.297,-263.473,2.000,3.346,-28.535,10.647
386.511,-0.297,-263.473,2.000,4.270,-32.775,9.828
386.517,-0.297,-263.473,2.000,5.616,-39.791,9.445
386.522,-0.297,-256.709,2.000,6.667,-45.825,9.617
386.528,-0.297,-256.709,2.000,7.315,-50.353,8.837
386.533,-0.297,-256.709,2.000,7.597,-53.817,7.995
386.538,-0.297,-256.709,2.000,6.609,-55.838,6.035
386.544,-0.297,-256.709,2.000,7.637,-60.747,5.831
386.549,-0.297,-263.473,2.000,7.258,-65.696,6.793
386.555,-0.297,-258.948,2.000,8.565,-72.207,5.949
386.560,-0.297,-258.948,2.000,8.946,-77.677,5.146
386.565,-0.297,-258.948,2.000,8.562,-84.708,4.208
386.571,-0.297,-263.473,2.000,8.196,-92.160,2.140
386.576,-0.297,-265.759,2.000,6.977,-96.514,0.675
386.582,-0.297,-265.759,2.000,6.894,-101.653,-1.568
386.587,-0.297,-265.759,2.000,4.561,-103.534,-2.431
386.593,-0.297,-263.473,2.000,3.973,-106.646,-3.039
386.598,-0.297,-263.473,2.000,1.232,-109.496,-4.601
386.603,-0.297,-250.084,2.000,-0.634,-111.367,-5.088
386.609,-0.297,-250.084,2.000,0.259,-114.634,-6.608
386.614,-0.297,-250.084,2.000,-0.481,-118.217,-5.437
386.620,-0.297,-250.084,2.000,-1.290,-121.101,-6.435
386.625,-0.297,-237.243,2.000,-2.400,-123.503,-7.725
386.631,-0.297,-237.243,2.000,-1.995,-127.979,-7.457
386.636,-0.297,-237.243,2.000,-1.428,-133.378,-7.686
386.641,-0.297,-237.243,2.000,-1.660,-138.895,-7.892
386.647,-0.297,-207.425,2.000,-0.400,-143.336,-9.832
386.652,-0.297,-207.425,2.000,-0.580,-147.005,-11.322
386.658,-0.297,-196.369,2.000,-1.352,-149.996,-12.562
386.663,-0.297,-196.369,2.000,-2.583,-153.012,-12.189
386.668,-0.148,-170.770,2.000,-3.505,-155.863,-12.537
386.673,-0.148,-170.770,2.000,-4.737,-158.496,-13.174
386.679,-0.148,-170.770,2.000,-5.409,-159.086,-13.565
386.684,0.000,-147.899,2.000,-4.594,-161.798,-12.931
386.689,0.000,-147.899,2.000,-6.161,-165.990,-11.148
386.695,0.000,-130.112,2.000,-6.161,-166.822,-10.978
386.700,0.000,-130.112,2.000,-6.991,-170.697,-8.674
386.705,0.000,-130.112,2.000,-5.486,-172.580,-8.213
386.710,0.000,-106.108,2.000,-6.530,-171.667,-7.588
386.716,0.000,-95.508,2.000,-6.736,-171.869,-7.375
386.721,0.000,-95.508,2.000,-8.419,-171.183,-7.180
386.726,0.000,-95.508,2.000,-10.003,-169.325,-6.401
386.731,0.000,-95.508,2.000,-8.684,-168.783,-5.684
386.736,0.000,-95.508,2.000,-7.567,-166.108,-3.199
386.741,0.000,-56.356,2.000,-7.372,-164.071,-1.634
386.746,0.000,-52.459,2.000,-5.821,-163.726,-1.728
386.751,0.000,-52.459,2.000,-4.364,-166.855,-2.616
386.756,0.000,-52.459,2.000,-3.814,-161.729,-3.577
386.761,0.000,-45.304,2.000,-3.251,-157.493,-2.799
386.768,0.000,-45.304,2.000,0.268,-154.163,-0.469
386.773,0.000,-45.304,2.000,1.022,-148.851,0.796
386.778,0.000,-45.304,2.000,0.030,-142.939,2.467
386.783,0.000,-45.304,2.000,3.149,-140.169,3.524
386.788,0.000,-42.560,2.000,2.873,-136.907,2.557
386.793,0.000,-42.560,2.000,7.137,-136.765,3.624
386.800,0.000,-42.560,2.000,10.598,-132.619,3.696
386.805,0.000,-42.560,2.000,11.994,-130.549,5.497
386.810,0.000,-42.560,2.000,14.012,-128.006,5.766
386.815,0.000,-42.560,2.000,15.078,-124.765,5.314
386.820,0.000,-42.560,2.000,14.803,-117.195,4.218
386.825,0.000,-21.883,2.000,15.869,-114.840,4.325
386.830,0.000,-21.883,2.000,16.278,-111.238,6.145
386.835,0.000,-21.883,2.000,17.227,-109.417,6.161
386.840,0.000,-21.883,2.000,17.954,-105.483,5.940
386.847,0.000,-20.614,2.000,20.975,-101.657,5.760
386.852,0.000,-20.614,2.000,22.415,-98.869,5.308
386.857,0.000,-20.000,2.000,23.759,-95.615,4.920
386.862,0.000,-20.000,2.000,24.835,-94.700,3.209
386.869,0.000,-19.398,2.000,23.946,-90.679,2.118
386.874,0.000,-19.398,2.000,24.773,-91.186,1.585
386.880,0.000,-18.808,2.000,25.235,-88.364,2.324
386.887,0.000,-18.808,2.000,24.873,-83.609,1.624
386.894,0.000,-17.387,2.000,23.928,-83.430,1.578
386.899,0.000,-17.387,2.000,23.243,-79.248,1.321
386.904,0.000,-17.387,2.000,22.593,-77.548,0.701
386.909,0.000,-17.387,2.000,24.312,-77.123,0.571
386.914,0.000,-17.387,2.000,25.328,-79.313,2.211
386.919,0.000,-14.508,2.000,24.423,-81.096,3.112
386.924,0.000,-14.508,2.000,22.721,-80.731,2.284
386.929,0.000,-14.508,2.000,22.115,-80.493,2.664
386.934,0.000,-13.777,2.000,21.241,-75.706,0.999
386.939,0.000,-14.018,2.000,20.273,-71.443,0.286
386.946,0.148,-13.302,2.000,18.288,-69.711,0.083
386.951,0.148,-13.302,2.000,18.499,-65.845,-1.388
386.956,0.297,-13.068,2.000,18.334,-64.373,-1.244
386.962,0.297,-13.068,2.000,17.366,-62.327,-0.896
386.967,0.297,-13.068,2.000,15.509,-62.363,-1.604
386.972,0.297,-13.068,2.000,15.036,-64.529,-2.105
386.978,0.297,-13.068,2.000,12.792,-67.352,-1.979
386.983,0.297,-13.068,2.000,10.745,-69.213,-2.384
386.988,0.297,-13.068,2.000,10.361,-71.141,-4.208
386.994,0.446,-10.430,2.000,10.725,-72.798,-5.792
387.000,0.446,-9.416,2.000,10.223,-74.582,-7.272
387.005,0.446,-9.416,2.000,10.223,-76.688,-8.766
387.011,0.446,-9.218,2.000,10.758,-78.434,-9.188
387.016,0.446,-8.828,2.000,11.376,-80.037,-10.608
387.022,0.446,-8.828,2.000,10.822,-79.892,-11.270
387.028,0.446,-8.636,2.000,12.279,-80.443,-12.215
387.033,0.446,-8.636,2.000,14.800,-80.427,-13.020
387.039,0.595,-8.636,2.000,15.153,-76.283,-13.784
387.044,0.595,-8.636,2.000,15.901,-70.411,-15.591
387.050,0.595,-8.445,2.000,14.445,-64.284,-16.457
387.055,0.595,-8.445,2.000,13.276,-59.602,-16.827
387.061,0.595,-8.445,2.000,12.613,-53.993,-18.276
387.066,0.595,-8.828,2.000,12.100,-48.067,-19.719
387.072,0.595,-8.828,2.000,10.819,-42.095,-21.231
387.077,0.595,-8.828,2.000,10.200,-36.688,-23.104
387.082,0.595,-8.828,2.000,9.994,-32.117,-23.750
387.088,0.595,-9.022,2.000,7.450,-26.627,-24.450
387.093,0.595,-9.022,2.000,7.109,-21.217,-24.227
387.099,0.595,-9.022,2.000,6.997,-16.748,-24.143
387.104,0.744,-9.022,2.000,6.074,-12.172,-23.381
387.110,0.744,-9.022,2.000,4.349,-6.558,-22.808
387.115,0.744,-9.022,2.000,5.792,-1.974,-22.683
387.121,0.744,-9.022,2.000,6.674,2.565,-22.403
387.127,0.893,-9.218,2.000,5.417,7.562,-20.034
387.132,0.893,-9.218,2.000,6.678,10.029,-18.502
387.138,0.893,-9.218,2.000,7.785,14.010,-16.756
387.144,0.893,-9.218,2.000,10.809,17.805,-15.609
387.149,1.192,-9.218,2.000,13.138,20.043,-12.664
387.154,1.341,-9.218,2.000,15.261,22.359,-9.627
387.160,1.341,-9.218,2.000,16.378,27.159,-5.319
387.166,1.341,-9.218,2.000,22.458,29.491,-1.052
387.171,1.341,-8.068,2.000,20.908,33.427,3.910
387.177,1.341,-8.068,2.000,22.112,33.517,10.060
387.183,1.341,-8.068,2.000,17.078,30.152,18.618
387.189,1.341,-8.068,2.000,9.758,18.776,33.315
387.194,1.341,-8.068,2.000,-1.319,13.795,45.920
387.200,1.341,-7.153,2.000,-3.663,9.957,55.111
387.206,1.341,-7.153,2.000,2.920,5.721,56.990
387.212,1.341,-7.153,2.000,10.160,-3.671,50.806
387.217,1.341,-6.796,2.000,9.182,-23.244,46.726
387.223,1.341,-6.620,2.000,2.359,-45.691,48.696
387.229,1.341,-6.620,2.000,-4.171,-64.047,47.965
387.234,1.341,-6.445,2.000,-13.690,-77.322,45.473
387.240,1.341,-6.099,2.000,-20.374,-88.704,43.518
387.246,1.341,-5.928,2.000,-24.580,-97.976,40.818
387.252,1.341,-5.928,2.000,-24.500,-107.470,38.450
387.257,1.341,-5.254,2.000,-24.667,-113.384,35.513
387.263,1.341,-5.254,2.000,-26.623,-115.063,31.922
387.269,1.341,-3.796,2.000,-25.743,-118.970,29.509
387.275,1.341,-3.796,2.000,-24.932,-119.214,27.303
387.280,1.341,-3.796,2.000,-26.373,-114.787,24.689
387.286,1.341,-3.796,2.000,-24.916,-114.688,21.269
387.292,1.341,-3.796,2.000,-25.874,-110.674,17.348
387.297,1.341,-3.325,2.000,-28.516,-105.729,13.468
387.303,1.341,-3.325,2.000,-28.785,-101.878,10.255
387.309,1.341,-3.325,2.000,-31.415,-98.817,7.929
387.315,1.341,-3.325,2.000,-37.663,-92.810,5.755
387.320,1.341,-3.169,2.000,-39.818,-91.819,3.404
387.326,1.341,-3.325,2.000,-47.244,-86.288,2.365
387.332,1.341,-3.325,2.000,-53.461,-85.180,-0.023
387.337,1.341,-3.325,2.000,-60.075,-85.575,-0.087
387.343,1.341,-3.325,2.000,-66.059,-87.601,-1.116
387.349,1.341,-3.325,2.000,-73.095,-88.276,-2.159
387.355,1.341,-3.325,2.000,-78.425,-90.156,-5.408
387.360,1.341,-3.325,2.000,-82.860,-91.247,-9.052
387.366,1.341,-3.325,2.000,-88.928,-91.731,-14.046
387.372,1.341,-3.325,2.000,-93.225,-92.226,-17.996
387.377,1.341,-3.325,2.000,-98.380,-97.276,-21.522
387.383,1.341,-3.325,2.000,-101.798,-102.438,-24.218
387.389,1.642,-3.325,2.000,-106.817,-102.164,-24.597
387.395,1.642,-3.325,2.000,-105.297,-109.386,-27.668
387.400,1.642,-3.325,2.000,-111.151,-104.951,-27.383
387.406,1.642,-3.325,2.000,-108.032,-112.883,-25.711
387.412,1.642,-3.325,2.000,-112.048,-110.543,-20.713
387.418,1.944,-3.325,2.000,-111.025,-118.674,-14.791
387.423,1.944,-3.169,2.000,-109.702,-120.305,-5.309
387.429,1.944,-3.169,2.000,-112.223,-117.709,9.490
387.435,1.944,-3.169,2.000,-117.849,-123.272,26.136
387.441,1.944,-3.169,2.000,-124.289,-136.383,44.482
387.447,1.944,-3.169,2.000,-131.022,-151.984,66.360
387.452,1.944,-3.169,2.000,-134.456,-166.977,72.316
387.458,1.944,-3.325,2.000,-140.497,-180.811,67.291
387.464,1.793,-3.325,2.000,-148.063,-200.920,53.276
387.469,1.793,-3.325,2.000,-161.429,-222.727,32.193
387.475,1.793,-3.325,2.000,-179.248,-244.888,6.784
387.481,1.793,-3.325,2.000,-193.426,-265.463,-20.615
387.486,1.793,-3.169,2.000,-204.317,-283.632,-47.485
387.492,1.793,-3.169,2.000,-210.776,-297.260,-71.381
387.498,1.793,-3.169,2.000,-214.090,-307.968,-95.014
387.503,1.944,-3.169,2.000,-214.159,-318.043,-116.332
387.509,1.944,-2.859,2.000,-216.368,-327.024,-134.641
387.515,1.944,-2.859,2.000,-220.178,-334.542,-150.932
387.521,1.944,-2.095,2.000,-225.437,-341.989,-166.979
387.526,1.793,-1.944,2.000,-237.018,-352.179,-179.706
387.532,1.793,-1.492,2.000,-249.798,-367.701,-191.330
387.538,1.793,-1.492,2.000,-267.811,-383.311,-199.352
387.543,1.944,-1.192,2.000,-284.644,-398.677,-209.093
387.549,1.944,-1.192,2.000,-303.995,-416.512,-218.844
387.554,1.944,-1.192,2.000,-321.519,-434.234,-227.365
387.560,1.944,-1.192,2.000,-344.788,-445.968,-232.864
387.565,1.793,-1.042,2.000,-363.942,-460.210,-234.353
387.571,1.642,-0.893,2.000,-382.275,-474.852,-231.027
387.576,1.642,-0.893,2.000,-398.238,-491.924,-227.938
387.582,1.492,-0.893,2.000,-410.208,-513.860,-224.448
387.588,0.893,-0.744,2.000,-416.534,-542.356,-223.316
387.593,0.893,-0.744,2.000,-416.085,-575.226,-227.809
387.599,0.893,-0.744,2.000,-403.567,-613.957,-234.380
387.605,0.893,-0.744,2.000,-403.567,-613.957,-234.380
387.611,0.893,-0.744,2.000,-403.567,-613.957,-234.380
387.616,0.893,-0.744,2.000,-403.567,-613.957,-234.380
387.621,0.893,-0.744,2.000,-403.567,-613.957,-234.380
387.626,0.893,-0.744,2.000,-403.567,-613.957,-234.380
387.632,0.893,-0.744,2.000,-403.567,-613.957,-234.380
387.637,0.893,-0.744,2.000,-403.567,-613.957,-234.380
387.643,0.893,-0.744,2.000,-403.567,-613.957,-234.380
387.648,0.893,-0.744,2.000,-403.567,-613.957,-234.380
387.653,0.893,-0.744,2.000,-403.567,-613.957,-234.380
387.659,0.893,-0.744,2.000,-403.567,-613.957,-234.380
387.664,0.893,-0.744,2.000,-403.567,-613.957,-234.380
387.669,0.893,-0.744,2.000,-403.567,-613.957,-234.380
387.675,0.893,-0.744,2.000,-403.567,-613.957,-234.380
387.680,0.893,-0.744,2.000,-403.567,-613.957,-234.380
387.686,0.893,-0.744,2.000,-403.567,-613.957,-234.380
387.691,0.893,-0.744,2.000,-403.567,-613.957,-234.380
387.696,0.893,-0.744,2.000,-403.567,-613.957,-234.380
387.702,0.893,-0.744,2.000,-403.567,-613.957,-234.380
387.707,0.893,-0.744,2.000,-403.567,-613.957,-234.380
387.712,0.893,-0.744,2.000,-403.567,-613.957,-234.380
387.718,0.893,-0.744,2.000,-403.567,-613.957,-234.380
387.723,0.893,-0.744,2.000,-403.567,-613.957,-234.380
387.728,0.893,-0.744,2.000,-403.567,-613.957,-234.380
387.734,0.893,-0.744,2.000,-403.567,-613.957,-234.380
387.739,0.893,-0.744,2.000,-403.567,-613.957,-234.380
387.744,0.893,-0.744,2.000,-403.567,-613.957,-234.380
387.750,0.893,-0.744,2.000,-403.567,-613.957,-234.380
387.755,0.893,-0.744,2.000,-403.567,-613.957,-234.380
387.761,0.893,-0.744,2.000,-403.567,-613.957,-234.380
387.766,0.893,-0.744,2.000,-403.567,-613.957,-234.380
387.772,0.893,-0.744,2.000,-403.567,-613.957,-234.380
387.777,0.893,-0.744,2.000,-403.567,-613.957,-234.380
387.782,0.893,-0.744,2.000,-403.567,-613.957,-234.380
387.788,0.893,-0.744,2.000,-403.567,-613.957,-234.380
387.793,0.893,-0.744,2.000,-403.567,-613.957,-234.380
387.799,0.893,-0.744,2.000,-403.567,-613.957,-234.380
387.804,0.893,-0.744,2.000,-403.567,-613.957,-234.380
387.809,0.893,-0.744,2.000,-403.567,-613.957,-234.380
387.815,0.893,-0.744,2.000,-403.567,-613.957,-234.380
387.820,0.893,-0.744,2.000,-403.567,-613.957,-234.380
387.826,0.893,-0.744,2.000,-403.567,-613.957,-234.380
387.831,0.893,-0.744,2.000,-403.567,-613.957,-234.380
387.836,0.893,-0.744,2.000,-403.567,-613.957,-234.380
387.842,0.893,-0.744,2.000,-403.567,-613.957,-234.380
387.847,0.893,-0.744,2.000,-403.567,-613.957,-234.380
387.853,0.893,-0.744,2.000,-403.567,-613.957,-234.380
387.858,0.893,-0.744,2.000,-403.567,-613.957,-234.380
387.863,0.893,-0.744,2.000,-403.567,-613.957,-234.380
387.869,0.893,-0.744,2.000,-403.567,-613.957,-234.380
387.874,0.893,-0.744,2.000,-403.567,-613.957,-234.380
387.879,0.893,-0.744,2.000,-403.567,-613.957,-234.380
387.885,0.893,-0.744,2.000,-403.567,-613.957,-234.380
387.890,0.893,-0.744,2.000,-403.567,-613.957,-234.380
387.896,0.893,-0.744,2.000,-403.567,-613.957,-234.380
387.901,0.893,-0.744,2.000,-403.567,-613.957,-234.380
387.906,0.893,-0.744,2.000,-403.567,-613.957,-234.380
387.911,0.893,-0.744,2.000,-403.567,-613.957,-234.380
387.917,0.893,-0.744,2.000,-403.567,-613.957,-234.380
387.922,0.893,-0.744,2.000,-403.567,-613.957,-234.380
387.927,0.893,-0.744,2.000,-403.567,-613.957,-234.380
387.933,0.893,-0.744,2.000,-403.567,-613.957,-234.380
387.938,0.893,-0.744,2.000,-403.567,-613.957,-234.380
387.943,0.893,-0.744,2.000,-403.567,-613.957,-234.380
387.949,0.893,-0.744,2.000,-403.567,-613.957,-234.380
387.954,0.893,-0.744,2.000,-403.567,-613.957,-234.380
387.959,0.893,-0.744,2.000,-403.567,-613.957,-234.380
387.964,0.893,-0.744,2.000,-403.567,-613.957,-234.380
387.970,0.893,-0.744,2.000,-403.567,-613.957,-234.380
387.975,0.893,-0.744,2.000,-403.567,-613.957,-234.380
387.980,0.893,-0.744,2.000,-403.567,-613.957,-234.380
387.986,0.893,-0.744,2.000,-403.567,-613.957,-234.380
387.991,0.893,-0.744,2.000,-403.567,-613.957,-234.380
387.996,0.893,-0.744,2.000,-403.567,-613.957,-234.380
388.002,0.893,-0.744,2.000,-403.567,-613.957,-234.380
388.007,0.893,-0.744,2.000,-403.567,-613.957,-234.380
388.012,0.893,-0.744,2.000,-403.567,-613.957,-234.380
388.017,0.893,-0.744,2.000,-403.567,-613.957,-234.380
388.023,0.893,-0.744,2.000,-403.567,-613.957,-234.380
388.028,0.893,-0.744,2.000,-403.567,-613.957,-234.380
388.033,0.893,-0.744,2.000,-403.567,-613.957,-234.380
388.039,0.893,-0.744,2.000,-403.567,-613.957,-234.380
388.044,0.893,-0.744,2.000,-403.567,-613.957,-234.380
388.049,0.893,-0.744,2.000,-403.567,-613.957,-234.380
388.054,0.893,-0.744,2.000,-403.567,-613.957,-234.380
388.060,0.893,-0.744,2.000,-403.567,-613.957,-234.380
388.065,0.893,-0.744,2.000,-403.567,-613.957,-234.380
388.070,0.893,-0.744,2.000,-403.567,-613.957,-234.380
388.075,0.893,-0.744,2.000,-403.567,-613.957,-234.380
388.081,0.893,-0.744,2.000,-403.567,-613.957,-234.380
388.086,0.893,-0.744,2.000,-403.567,-613.957,-234.380
388.091,0.893,-0.744,2.000,-403.567,-613.957,-234.380
388.097,0.893,-0.744,2.000,-403.567,-613.957,-234.380
388.102,0.893,-0.744,2.000,-403.567,-613.957,-234.380
388.107,0.893,-0.744,2.000,-403.567,-613.957,-234.380
388.112,0.893,-0.744,2.000,-403.567,-613.957,-234.380
388.117,0.893,-0.744,2.000,-403.567,-613.957,-234.380
388.123,0.893,-0.744,2.000,-403.567,-613.957,-234.380
388.128,0.893,-0.744,2.000,-403.567,-613.957,-234.380
388.133,0.893,-0.744,2.000,-403.567,-613.957,-234.380
388.138,0.893,-0.744,2.000,-403.567,-613.957,-234.380
388.143,0.893,-0.744,2.000,-403.567,-613.957,-234.380
388.149,0.893,-0.744,2.000,-403.567,-613.957,-234.380
388.154,0.893,-0.744,2.000,-403.567,-613.957,-234.380
388.159,0.893,-0.744,2.000,-403.567,-613.957,-234.380
388.164,0.893,-0.744,2.000,-403.567,-613.957,-234.380
388.169,0.893,-0.744,2.000,-403.567,-613.957,-234.380
388.174,0.893,-0.744,2.000,-403.567,-613.957,-234.380
388.179,0.893,-0.744,2.000,-403.567,-613.957,-234.380
388.185,0.893,-0.744,2.000,-403.567,-613.957,-234.380
388.190,0.893,-0.744,2.000,-403.567,-613.957,-234.380
388.195,0.893,-0.744,2.000,-403.567,-613.957,-234.380
388.200,0.893,-0.744,2.000,-403.567,-613.957,-234.380
388.205,0.893,-0.744,2.000,-403.567,-613.957,-234.380
388.211,0.893,-0.744,2.000,-403.567,-613.957,-234.380
388.216,0.893,-0.744,2.000,-403.567,-613.957,-234.380
388.221,0.893,-0.744,2.000,-403.567,-613.957,-234.380
388.226,0.893,-0.744,2.000,-403.567,-613.957,-234.380
388.231,0.893,-0.744,2.000,-403.567,-613.957,-234.380
388.237,0.893,-0.744,2.000,-403.567,-613.957,-234.380
388.242,0.893,-0.744,2.000,-403.567,-613.957,-234.380
388.247,0.893,-0.744,2.000,-403.567,-613.957,-234.380
388.252,0.893,-0.744,2.000,-403.567,-613.957,-234.380
388.258,0.893,-0.744,2.000,-403.567,-613.957,-234.380
388.263,0.893,-0.744,2.000,-403.567,-613.957,-234.380
388.268,0.893,-0.744,2.000,-403.567,-613.957,-234.380
388.273,0.893,-0.744,2.000,-403.567,-613.957,-234.380