R
Px,Ix,Dx,Py,Iy,Dy,Pz,Iz,FFrx,FFry,FFdrx,FFdry,satI,satPID,DTermC,GparamC,AparamC,KFQAng,KFQbias,KFRmeas,CPx,CIx,CPy,CIy,CsatI,CsatPID,CFFdrx,CFFdry,CFalpha,FFDTermC,IRelaxR,IRelaxE,DmaxR,DmaxE,DMx,DMy
175,0,1900,200,0,2100,500,150,0,0,0,0,7,75,10,10.0,64.0,0.000100,0.003000,50,30,0,30,0,75,300,0,0,0.995,10.000,300,100,300,100,1900,2100
sysTime,PIDRefX,PIDRefY,PIDRefZ,PIDSensX,PIDSensY,PIDSensZ
140.648,0.000,-0.297,1.000,-0.194,0.418,0.600
140.653,0.000,-0.297,1.000,-0.194,0.418,0.600
140.659,0.000,-0.297,1.000,-0.194,0.418,0.600
140.664,0.000,-0.297,1.000,-0.194,0.418,0.600
140.669,0.000,-0.297,1.000,-0.194,0.418,0.600
140.674,0.000,-0.297,1.000,-0.194,0.418,0.600
140.679,0.000,-0.297,1.000,-0.194,0.418,0.600
140.684,0.000,-0.297,1.000,-0.194,0.418,0.600
140.689,0.000,-0.297,1.000,-0.194,0.418,0.600
140.694,0.000,-0.297,1.000,-0.194,0.418,0.600
140.699,0.000,-0.297,1.000,-0.194,0.418,0.600
140.704,0.000,-0.297,1.000,-0.194,0.418,0.600
140.709,0.000,-0.297,1.000,-0.194,0.418,0.600
140.714,0.000,-0.297,1.000,-0.194,0.418,0.600
140.719,0.000,-0.297,1.000,-0.194,0.418,0.600
140.725,0.000,-0.297,1.000,-0.194,0.418,0.600
140.730,0.000,-0.297,1.000,-0.194,0.418,0.600
140.735,0.000,-0.297,1.000,-0.194,0.418,0.600
140.740,0.000,-0.297,1.000,-0.194,0.418,0.600
140.745,0.000,-0.297,1.000,-0.194,0.418,0.600
140.750,0.000,-0.297,1.000,-0.194,0.418,0.600
140.755,0.000,-0.297,1.000,-0.194,0.418,0.600
140.760,0.000,-0.297,1.000,-0.194,0.418,0.600
140.765,0.000,-0.297,1.000,-0.194,0.418,0.600
140.770,0.000,-0.297,1.000,-0.194,0.418,0.600
140.775,0.000,-0.297,1.000,-0.194,0.418,0.600
140.780,0.000,-0.297,1.000,-0.194,0.418,0.600
140.785,0.000,-0.297,1.000,-0.194,0.418,0.600
140.790,0.000,-0.297,1.000,-0.194,0.418,0.600
140.795,0.000,-0.297,1.000,-0.194,0.418,0.600
140.800,0.000,-0.297,1.000,-0.194,0.418,0.600
140.805,0.000,-0.297,1.000,-0.194,0.418,0.600
140.810,0.000,-0.297,1.000,-0.194,0.418,0.600
140.816,0.000,-0.297,1.000,-0.194,0.418,0.600
140.821,0.000,-0.297,1.000,-0.194,0.418,0.600
140.826,0.000,-0.297,1.000,-0.194,0.418,0.600
140.831,0.000,-0.297,1.000,-0.194,0.418,0.600
140.836,0.000,-0.297,1.000,-0.194,0.418,0.600
140.841,0.000,-0.297,1.000,-0.194,0.418,0.600
140.846,0.000,-0.297,1.000,-0.194,0.418,0.600
140.851,0.000,-0.297,1.000,-0.194,0.418,0.600
140.856,0.000,-0.297,1.000,-0.194,0.418,0.600
140.861,0.000,-0.297,1.000,-0.194,0.418,0.600
140.866,0.000,-0.297,1.000,-0.194,0.418,0.600
140.871,0.000,-0.297,1.000,-0.194,0.418,0.600
140.876,0.000,-0.297,1.000,-0.194,0.418,0.600
140.881,0.000,-0.297,1.000,-0.194,0.418,0.600
140.887,0.000,-0.297,1.000,-0.194,0.418,0.600
140.892,0.000,-0.297,1.000,-0.194,0.418,0.600
140.897,0.000,-0.297,1.000,-0.194,0.418,0.600
140.902,0.000,-0.297,1.000,-0.194,0.418,0.600
140.907,0.000,-0.297,1.000,-0.194,0.418,0.600
140.912,0.000,-0.297,1.000,-0.194,0.418,0.600
140.917,0.000,-0.297,1.000,-0.194,0.418,0.600
140.922,0.000,-0.297,1.000,-0.194,0.418,0.600
140.927,0.000,-0.297,1.000,-0.194,0.418,0.600
140.932,0.000,-0.297,1.000,-0.194,0.418,0.600
140.937,0.000,-0.297,1.000,-0.194,0.418,0.600
140.942,0.000,-0.297,1.000,-0.194,0.418,0.600
140.947,0.000,-0.297,1.000,-0.194,0.418,0.600
140.952,0.000,-0.297,1.000,-0.194,0.418,0.600
140.957,0.000,-0.297,1.000,-0.194,0.418,0.600
140.963,0.000,-0.297,1.000,-0.194,0.418,0.600
140.968,0.000,-0.297,1.000,-0.194,0.418,0.600
140.973,0.000,-0.297,1.000,-0.194,0.418,0.600
140.978,0.000,-0.297,1.000,-0.194,0.418,0.600
140.983,0.000,-0.297,1.000,-0.194,0.418,0.600
140.988,0.000,-0.297,1.000,-0.194,0.418,0.600
140.993,0.000,-0.297,1.000,-0.194,0.418,0.600
140.998,0.000,-0.297,1.000,-0.194,0.418,0.600
141.003,0.000,-0.297,1.000,-0.194,0.418,0.600
141.008,0.000,-0.297,1.000,-0.194,0.418,0.600
141.013,0.000,-0.297,1.000,-0.194,0.418,0.600
141.018,0.000,-0.297,1.000,-0.194,0.418,0.600
141.023,0.000,-0.297,1.000,-0.194,0.418,0.600
141.028,0.000,-0.297,1.000,-0.194,0.418,0.600
141.033,0.000,-0.297,1.000,-0.194,0.418,0.600
141.038,0.000,-0.297,1.000,-0.194,0.418,0.600
141.043,0.000,-0.297,1.000,-0.194,0.418,0.600
141.049,0.000,-0.297,1.000,-0.194,0.418,0.600
141.054,0.000,-0.297,1.000,-0.194,0.418,0.600
141.059,0.000,-0.297,1.000,-0.194,0.418,0.600
141.064,0.000,-0.297,1.000,0.442,-0.095,-0.688
141.070,0.000,-0.297,1.000,0.622,-0.042,-1.089
141.076,0.000,-0.297,1.000,-0.307,0.277,-1.031
141.082,0.000,-0.297,1.000,-0.771,0.243,-2.433
141.089,0.000,-0.297,1.000,-0.350,-0.267,-0.805
141.095,0.000,-0.297,1.000,0.495,-0.321,-0.959
141.101,0.000,-0.297,1.000,0.043,0.252,-0.548
141.107,0.000,-0.297,1.000,-0.980,0.538,-2.080
141.113,0.000,-0.297,1.000,-1.664,1.092,-1.912
141.120,0.000,-0.297,1.000,-1.536,1.366,-0.323
141.126,0.000,-0.297,1.000,-1.216,1.388,-0.120
141.132,0.000,-0.297,1.000,-0.462,1.509,-0.397
141.138,0.000,-0.297,1.000,-0.282,1.924,-0.621
141.145,0.000,-0.297,1.000,-1.204,1.026,-0.326
141.151,0.000,-0.297,1.000,-1.075,0.875,-1.354
141.157,0.000,-0.297,1.000,-1.146,1.138,-0.878
141.163,0.000,-0.297,1.000,-0.910,1.726,-1.098
141.169,0.000,-0.297,1.000,-0.514,1.263,-0.594
141.175,0.000,-0.297,1.000,-0.397,1.153,-0.233
141.182,0.000,-0.297,1.000,-0.048,0.573,0.567
141.188,0.000,-0.297,1.000,-0.002,-0.166,0.219
141.194,0.000,-0.297,1.000,0.413,-0.079,1.958
141.200,0.000,-0.297,1.000,0.657,0.175,-0.421
141.207,0.000,-0.297,1.000,1.115,0.873,-4.685
141.213,0.000,-0.297,1.000,0.838,0.837,-1.611
141.219,0.000,-0.297,1.000,-0.172,0.158,1.429
141.225,0.000,-0.297,1.000,0.633,0.589,0.641
141.231,0.000,-0.297,1.000,0.662,1.093,-0.078
141.237,0.000,-0.297,1.000,-0.728,1.483,-2.665
141.244,0.000,-0.297,1.000,-0.191,2.701,-4.572
141.250,0.000,-0.297,1.000,-0.086,2.024,-1.801
141.256,0.000,-0.297,1.000,-0.769,1.492,-1.049
141.262,0.000,-0.297,1.000,-0.511,1.900,-2.154
141.269,0.000,-0.297,1.000,0.609,1.549,-0.193
141.275,0.000,-0.297,1.000,0.559,0.748,-2.003
141.281,0.000,-0.297,1.000,1.381,0.815,-2.810
141.287,0.000,-0.297,1.000,0.872,0.917,-0.253
141.293,0.000,-0.297,1.000,-0.926,0.829,1.678
141.300,0.000,-0.297,1.000,0.106,2.150,-1.728
141.306,0.000,-0.297,1.000,1.155,2.668,-3.248
141.312,0.000,-0.297,1.000,0.385,1.736,-3.052
141.318,0.000,-0.297,1.000,-0.519,1.743,-2.257
141.324,0.000,-0.297,1.000,-0.335,3.309,-2.009
141.331,0.000,-0.297,1.000,-1.458,3.330,-1.233
141.337,0.000,-0.297,1.000,-1.822,2.182,-1.567
141.343,0.000,-0.297,1.000,-0.774,1.332,-0.246
141.349,0.000,-0.297,1.000,-0.990,1.421,-0.303
141.356,0.000,-0.297,1.000,-0.458,1.256,-0.035
141.362,0.000,-0.297,1.000,0.444,0.840,0.568
141.368,0.000,-0.297,1.000,1.105,0.123,0.805
141.374,0.000,-0.297,1.000,1.463,-1.924,0.887
141.380,0.000,-0.297,1.000,2.107,-2.272,0.466
141.386,0.000,-0.297,1.000,1.425,-2.200,0.631
141.393,0.000,-0.297,1.000,1.868,-1.494,0.087
141.399,0.000,-0.297,1.000,0.629,-0.970,-0.796
141.405,0.000,-0.297,1.000,0.565,-1.801,-0.752
141.411,0.000,-0.446,1.000,0.355,-1.399,-0.771
141.418,0.000,-0.446,1.000,1.090,-1.682,-0.120
141.424,0.000,-0.446,1.000,0.629,-0.569,-0.695
141.431,0.000,-0.893,1.000,0.273,0.886,-1.511
141.437,0.000,-0.893,1.000,-0.425,0.505,-0.626
141.444,0.000,-2.247,1.000,-0.233,-0.069,-1.430
141.451,0.000,-2.859,1.000,0.956,-0.503,-0.207
141.457,0.000,-2.859,1.000,1.014,-0.322,0.359
141.464,0.000,-5.254,1.000,0.582,0.635,-0.209
141.469,0.000,-5.254,1.000,0.106,0.504,-0.324
141.476,0.000,-5.254,1.000,1.460,0.231,-0.044
141.482,0.000,-9.615,1.000,0.968,-0.269,-0.791
141.489,0.000,-9.615,1.000,-0.485,-0.232,-0.800
141.496,0.000,-9.615,1.000,0.845,0.085,0.140
141.502,0.000,-22.538,1.000,0.087,0.373,-0.363
141.509,0.000,-22.538,1.000,-0.585,-0.129,0.056
141.516,0.000,-23.889,1.000,-0.142,-0.480,1.347
141.523,0.000,-28.300,1.000,0.854,-0.338,1.761
141.529,0.000,-28.693,1.000,0.226,-0.778,0.933
141.536,0.000,-37.463,1.000,0.682,-0.798,1.255
141.541,0.000,-37.463,1.000,-0.138,-0.455,1.620
141.548,0.000,-37.463,1.000,2.321,-0.133,0.794
141.554,0.000,-37.463,1.000,1.869,0.084,1.090
141.561,0.000,-38.939,1.000,2.305,-0.163,0.406
141.568,0.000,-38.939,1.000,1.152,0.916,0.024
141.574,0.000,-38.939,1.000,0.854,1.637,0.113
141.581,0.000,-40.977,1.000,1.472,1.038,-0.075
141.588,0.000,-41.500,1.000,1.994,0.194,-0.490
141.595,0.000,-42.027,1.000,2.670,-2.415,0.497
141.601,0.000,-42.027,1.000,2.122,-2.354,-0.337
141.608,0.000,-40.977,1.000,1.975,-1.245,-0.748
141.613,0.000,-40.977,1.000,0.791,-0.592,-0.139
141.620,0.000,-42.560,1.000,-0.344,0.761,0.693
141.627,0.000,-42.027,1.000,0.373,1.340,0.253
141.633,0.000,-42.027,1.000,1.503,-0.412,0.121
141.640,0.000,-42.027,1.000,0.834,-2.018,0.692
141.647,0.000,-41.500,1.000,2.597,-6.073,0.817
141.653,0.000,-41.500,1.000,1.435,-8.679,1.628
141.660,0.000,-41.500,1.000,-0.577,-10.106,2.815
141.667,0.000,-41.500,1.000,-1.216,-13.487,4.317
141.674,0.000,-40.977,1.000,-3.935,-14.279,5.434
141.679,0.000,-40.977,1.000,-3.199,-18.009,6.657
141.684,0.000,-39.948,1.000,-4.038,-17.697,5.897
141.690,0.000,-39.948,1.000,-6.969,-18.228,7.566
141.695,0.000,-37.950,1.000,-8.807,-17.821,7.754
141.702,0.000,-37.950,1.000,-11.038,-18.056,9.511
141.709,0.000,-37.950,1.000,-11.228,-20.230,9.571
141.716,0.000,-37.950,1.000,-12.985,-18.220,8.539
141.721,0.000,-31.987,1.000,-14.666,-17.428,9.408
141.726,0.000,-28.693,1.000,-16.124,-17.410,9.555
141.731,0.000,-28.693,1.000,-16.648,-20.762,7.917
141.737,0.000,-29.896,1.000,-17.322,-24.713,7.132
141.744,0.000,-29.896,1.000,-19.011,-25.667,7.029
141.750,0.000,-29.896,1.000,-18.767,-25.833,8.371
141.756,0.000,-25.298,1.000,-20.669,-23.659,7.441
141.761,0.000,-25.298,1.000,-21.543,-23.379,6.165
141.766,0.000,-25.298,1.000,-22.461,-25.132,5.217
141.773,0.000,-24.586,1.000,-22.997,-23.247,5.624
141.778,0.000,-24.586,1.000,-24.184,-22.333,5.252
141.785,0.000,-24.236,1.000,-24.968,-20.901,6.194
141.790,0.000,-24.236,1.000,-23.893,-19.207,5.138
141.796,0.000,-23.546,1.000,-25.672,-17.167,6.230
141.802,0.000,-23.546,1.000,-27.604,-15.012,6.139
141.808,0.000,-24.586,1.000,-28.418,-13.419,5.994
141.813,0.000,-24.586,1.000,-30.390,-9.503,6.045
141.820,0.000,-24.586,1.000,-31.099,-5.785,6.587
141.827,0.000,-30.720,1.000,-32.983,-0.525,7.355
141.834,0.000,-30.720,1.000,-34.829,2.756,7.974
141.840,0.000,-30.720,1.000,-36.353,3.415,9.439
141.847,0.000,-30.720,1.000,-38.108,5.362,10.110
141.854,0.000,-40.460,1.000,-36.776,7.085,11.235
141.859,0.000,-40.460,1.000,-37.072,7.340,10.288
141.864,0.000,-40.977,1.000,-36.184,6.679,11.375
141.869,0.000,-40.977,1.000,-36.525,7.165,11.809
141.874,0.000,-43.098,1.000,-35.684,11.848,11.739
141.879,0.000,-43.098,1.000,-35.675,14.750,13.668
141.884,0.000,-43.098,1.000,-35.501,19.926,15.122
141.889,0.000,-41.500,1.000,-35.021,19.176,14.080
141.894,0.000,-41.500,1.000,-33.683,17.318,12.616
141.901,0.000,-41.500,1.000,-33.739,18.021,10.365
141.906,0.000,-42.027,1.000,-30.607,15.147,7.481
141.912,0.000,-42.560,1.000,-29.657,17.387,7.023
141.919,0.000,-42.560,1.000,-24.344,15.830,6.215
141.924,0.000,-42.560,1.000,-20.322,14.693,8.106
141.929,0.000,-43.098,1.000,-18.259,13.845,8.224
141.934,0.000,-43.098,1.000,-13.787,14.341,6.716
141.939,0.000,-43.098,1.000,-11.829,18.388,6.235
141.944,0.000,-43.641,1.000,-8.493,19.821,6.151
141.949,0.000,-44.744,1.000,-6.376,18.929,6.091
141.954,0.000,-44.744,1.000,-4.043,14.074,5.392
141.959,0.000,-44.744,1.000,-1.410,9.991,5.071
141.964,0.000,-44.744,1.000,0.182,7.025,4.497
141.971,0.000,-44.744,1.000,0.327,5.991,4.683
141.976,0.000,-44.744,1.000,1.251,4.673,3.404
141.981,0.000,-44.744,1.000,-0.737,4.085,2.756
141.986,0.000,-44.744,1.000,-1.268,2.123,2.676
141.991,0.000,-44.744,1.000,-0.539,2.139,3.475
141.996,0.000,-44.744,1.000,-1.237,5.398,4.619
142.003,0.000,-44.190,1.000,-1.021,4.802,5.408
142.010,0.000,-44.190,1.000,-1.497,6.638,4.485
142.015,0.000,-44.190,1.000,-2.116,10.078,2.179
142.020,0.000,-43.641,1.000,-4.314,11.772,1.509
142.027,0.000,-43.641,1.000,-6.418,10.924,3.082
142.032,0.000,-43.641,1.000,-7.715,12.132,3.235
142.037,0.000,-43.641,1.000,-10.097,12.477,3.404
142.042,0.000,-43.641,1.000,-10.252,11.229,4.592
142.049,0.000,-43.098,1.000,-10.021,11.631,4.723
142.055,0.000,-43.098,1.000,-11.073,10.390,4.278
142.062,0.000,-43.098,1.000,-11.326,7.438,4.380
142.069,0.000,-43.098,1.000,-11.253,7.691,3.251
142.074,0.000,-45.869,1.000,-13.297,5.539,2.863
142.079,0.000,-45.869,1.000,-15.130,2.424,2.060
142.086,0.000,-45.869,1.000,-14.735,3.072,3.263
142.092,0.148,-45.304,1.000,-13.457,4.035,3.798
142.099,0.148,-45.304,1.000,-13.123,7.180,4.847
142.104,0.148,-45.304,1.000,-12.213,9.823,4.827
142.109,0.148,-45.304,1.000,-12.050,12.265,5.839
142.114,0.148,-45.304,1.000,-11.201,12.491,5.583
142.119,0.297,-49.377,1.000,-9.816,12.849,5.183
142.125,0.297,-49.377,1.000,-8.775,12.426,4.156
142.130,0.297,-49.377,1.000,-8.279,11.448,2.844
142.136,0.446,-50.592,1.000,-5.864,10.846,2.769
142.141,0.446,-52.459,1.000,-3.115,8.431,1.717
142.147,0.446,-52.459,1.000,-0.591,5.761,1.237
142.152,0.446,-52.459,1.000,0.804,2.918,1.667
142.158,0.595,-65.589,1.000,1.601,0.735,1.126
142.163,0.595,-65.589,1.000,1.985,-1.039,1.955
142.169,0.595,-65.589,1.000,2.021,-1.821,3.136
142.174,0.893,-75.141,1.000,3.205,-2.136,2.682
142.180,1.042,-81.204,1.000,3.312,-2.855,3.860
142.185,1.042,-81.204,1.000,3.223,-3.585,4.849
142.191,1.042,-81.204,1.000,4.009,-3.876,3.404
142.197,1.192,-84.840,1.000,5.793,-3.363,4.481
142.202,1.192,-84.840,1.000,6.699,-2.755,5.837
142.208,1.341,-86.705,1.000,6.772,-1.815,5.650
142.213,1.341,-86.705,1.000,5.128,-0.998,5.499
142.219,1.642,-90.534,1.000,2.021,0.890,4.380
142.225,1.642,-90.534,1.000,-1.006,0.468,4.820
142.231,2.859,-102.835,1.000,-2.335,-0.743,4.608
142.236,2.859,-102.835,1.000,-4.446,-1.591,4.771
142.242,8.636,-158.247,1.000,-6.055,-2.662,4.181
142.248,8.636,-158.247,1.000,-5.761,-4.537,3.012
142.253,8.636,-158.247,1.000,-6.131,-6.812,1.470
142.259,8.636,-158.247,1.000,-6.611,-9.725,0.618
142.265,8.636,-158.247,1.000,-7.787,-12.433,-1.344
142.270,8.636,-158.247,1.000,-8.145,-15.142,-2.269
142.276,22.870,-304.539,1.000,-8.572,-19.890,-3.040
142.282,22.870,-304.539,1.000,-7.051,-24.366,-3.754
142.288,22.870,-304.539,1.000,-7.256,-29.802,-3.986
142.293,22.870,-304.539,1.000,-6.214,-34.187,-3.302
142.299,22.209,-328.257,1.000,-6.117,-40.483,-3.052
142.305,22.209,-328.257,1.000,-5.007,-45.255,-3.553
142.311,19.697,-342.058,1.000,-1.877,-51.036,-2.637
142.316,19.697,-342.058,1.000,2.643,-56.785,-2.066
142.322,19.697,-342.058,1.000,5.455,-63.229,-2.967
142.328,15.517,-347.706,1.000,7.083,-69.386,-2.965
142.333,15.517,-347.706,1.000,8.443,-75.674,-2.914
142.339,15.517,-347.706,1.000,10.003,-84.167,-3.299
142.345,15.517,-347.706,1.000,11.836,-93.059,-4.977
142.351,11.492,-353.428,1.000,12.788,-100.876,-5.464
142.357,11.061,-339.261,1.000,13.242,-109.646,-6.874
142.362,11.061,-339.261,1.000,14.069,-117.230,-8.258
142.368,11.061,-339.261,1.000,13.088,-127.035,-9.858
142.374,11.061,-339.261,1.000,12.304,-134.046,-10.121
142.380,11.061,-339.261,1.000,12.349,-142.713,-9.747
142.385,11.061,-339.261,1.000,11.574,-149.792,-9.198
142.391,11.061,-339.261,1.000,10.448,-156.719,-10.279
142.397,11.061,-339.261,1.000,9.728,-162.141,-10.305
142.403,5.088,-211.218,1.000,9.957,-167.631,-11.528
142.408,5.088,-211.218,1.000,10.242,-172.850,-10.115
142.414,5.088,-211.218,1.000,11.065,-177.667,-9.894
142.420,2.859,-161.307,1.000,9.861,-181.264,-8.374
142.426,2.859,-161.307,1.000,8.894,-182.809,-9.374
142.431,2.859,-161.307,1.000,9.651,-183.875,-10.884
142.437,2.859,-161.307,1.000,9.893,-183.866,-11.379
142.443,2.859,-161.307,1.000,9.491,-182.807,-9.807
142.449,2.859,-161.307,1.000,9.162,-182.815,-9.695
142.454,0.148,-101.762,1.000,8.026,-181.386,-8.827
142.459,0.000,-87.650,1.000,8.110,-178.956,-7.702
142.464,0.000,-87.650,1.000,8.170,-175.355,-6.940
142.471,0.000,-87.650,1.000,8.949,-169.342,-6.746
142.476,0.000,-68.659,1.000,9.373,-164.959,-5.738
142.481,0.000,-68.659,1.000,10.194,-162.325,-5.198
142.486,0.000,-68.659,1.000,9.837,-159.119,-3.041
142.491,0.000,-68.659,1.000,9.575,-152.204,-4.123
142.496,0.000,-53.093,1.000,7.969,-144.339,-3.491
142.501,0.000,-53.093,1.000,7.743,-138.128,-3.241
142.506,0.000,-53.093,1.000,8.531,-133.167,-1.790
142.511,0.000,-53.093,1.000,8.963,-128.852,-2.190
142.516,0.000,-53.093,1.000,9.261,-126.487,-0.965
142.521,0.000,-53.093,1.000,8.791,-118.416,-1.275
142.528,0.000,-53.093,1.000,8.040,-110.266,-2.731
142.533,0.000,-53.093,1.000,7.893,-104.981,-1.977
142.538,0.000,-47.597,1.000,8.225,-101.170,0.284
142.543,0.000,-47.597,1.000,9.055,-97.054,1.294
142.550,0.000,-46.439,1.000,9.293,-91.908,3.053
142.557,0.000,-47.016,1.000,9.966,-89.540,2.957
142.562,0.000,-47.016,1.000,11.471,-88.573,3.208
142.569,0.000,-47.016,1.000,11.477,-86.007,3.573
142.575,-0.148,-29.090,1.000,12.637,-81.811,5.504
142.580,-0.148,-29.896,1.000,13.223,-80.059,6.132
142.587,-0.148,-29.896,1.000,14.621,-77.932,5.325
142.593,-0.148,-29.896,1.000,15.833,-76.502,6.190
142.598,-0.595,-20.000,1.000,15.909,-76.534,5.601
142.604,-0.595,-20.000,1.000,16.420,-74.989,4.762
142.609,-0.595,-20.000,1.000,16.002,-73.504,5.803
142.614,-0.595,-20.000,1.000,13.542,-72.325,6.396
142.620,-2.706,-11.492,1.000,11.680,-70.612,6.091
142.626,-2.706,-11.492,1.000,13.100,-69.461,6.720
142.631,-3.014,-10.430,1.000,13.730,-67.392,7.467
142.637,-3.014,-10.430,1.000,15.177,-63.308,8.760
142.643,-3.014,-10.430,1.000,16.472,-59.632,8.561
142.649,-3.014,-10.430,1.000,16.083,-54.535,8.259
142.654,-3.014,-10.430,1.000,16.735,-50.084,8.925
142.660,-3.955,-1.793,2.000,17.020,-44.906,8.713
142.666,-4.114,-1.492,2.000,17.291,-39.195,8.356
142.671,-4.114,-1.492,2.000,16.934,-34.857,6.913
142.677,-4.114,-1.492,2.000,17.311,-30.737,7.340
142.683,-4.114,-1.492,2.000,17.603,-26.210,7.027
142.689,-4.114,-0.297,2.000,18.702,-22.697,7.002
142.694,-4.114,-0.297,2.000,19.790,-19.898,6.318
142.699,-4.114,-0.297,2.000,20.444,-17.009,5.848
142.705,-1.944,0.000,2.000,20.524,-12.138,6.912
142.711,-1.793,0.148,2.000,17.245,-8.636,5.735
142.718,-1.793,0.148,2.000,13.997,-6.012,4.598
142.724,-1.793,0.148,2.000,13.089,-5.798,4.333
142.729,-1.341,2.399,1.000,12.445,-4.959,5.138
142.735,-1.341,2.399,1.000,12.578,-3.782,4.678
142.740,-1.341,2.399,1.000,11.987,-0.273,4.761
142.746,-1.341,2.399,1.000,11.288,2.452,4.414
142.751,-0.744,5.254,1.000,10.739,5.777,5.126
142.757,-0.595,5.254,1.000,11.201,8.461,3.899
142.762,-0.595,5.254,1.000,11.823,11.769,3.563
142.767,-0.595,6.620,1.000,12.467,14.677,3.857
142.773,-0.595,6.620,1.000,14.020,17.707,4.519
142.778,-0.595,6.620,1.000,14.967,19.893,4.554
142.784,-0.595,6.620,1.000,14.227,22.641,3.329
142.789,-0.446,12.379,1.000,13.598,24.794,1.945
142.794,-0.446,12.379,1.000,12.526,25.592,1.189
142.800,-0.297,14.508,1.000,11.301,26.345,1.016
142.805,-0.297,14.508,1.000,9.063,26.430,0.559
142.811,-0.297,17.111,1.000,8.302,26.011,-0.027
142.816,-0.297,17.111,1.000,5.947,26.033,-0.857
142.822,-0.297,18.808,1.000,3.242,27.032,-0.693
142.827,-0.148,21.242,1.000,1.953,26.578,-1.567
142.832,-0.148,21.242,1.000,1.266,24.862,-3.003
142.838,-0.148,21.242,1.000,-0.920,28.626,-3.639
142.845,-0.148,25.660,1.000,-1.368,31.440,-3.329
142.852,-0.148,27.145,1.000,-0.338,33.715,-3.739
142.857,-0.148,27.526,1.000,0.961,35.279,-4.407
142.862,-0.148,27.526,1.000,1.811,37.536,-5.071
142.867,-0.148,31.138,1.000,3.282,40.297,-6.614
142.872,-0.148,31.138,1.000,5.660,41.813,-6.699
142.877,-0.148,31.138,1.000,8.012,45.339,-5.208
142.882,-0.148,31.138,1.000,7.730,49.194,-3.841
142.887,-0.148,31.138,1.000,8.272,52.446,-2.780
142.892,-0.148,29.090,1.000,9.231,55.150,-0.947
142.897,-0.148,29.090,1.000,9.813,57.004,-0.741
142.902,-0.148,29.090,1.000,9.046,59.570,-1.268
142.907,-0.595,24.236,1.000,7.249,60.037,-2.028
142.913,-0.893,23.889,1.000,6.198,60.915,-2.034
142.919,-0.893,23.889,1.000,4.462,61.405,-1.742
142.924,-0.893,23.889,1.000,4.589,61.852,-2.388
142.930,-3.638,23.889,1.000,5.504,63.129,-2.340
142.935,-3.638,23.889,1.000,5.712,62.132,-1.998
142.941,-3.638,23.889,1.000,7.242,60.994,-0.876
142.946,-5.088,25.660,1.000,7.676,61.325,-0.227
142.952,-5.088,25.660,1.000,7.293,61.303,-0.371
142.958,-5.088,25.660,1.000,6.568,63.027,-1.098
142.963,-5.088,25.660,1.000,5.931,64.908,-3.449
142.969,-7.882,31.987,1.000,5.194,68.657,-4.342
142.975,-7.882,31.987,1.000,6.732,69.262,-4.073
142.981,-9.615,34.642,1.000,6.871,71.446,-4.760
142.986,-9.615,34.642,1.000,5.657,75.850,-6.119
142.992,-11.492,34.188,1.000,5.397,79.728,-6.550
142.998,-11.932,35.100,1.000,5.943,80.386,-7.520
143.003,-11.932,35.100,1.000,5.917,83.252,-7.698
143.009,-11.932,35.100,1.000,7.202,82.677,-6.608
143.015,-12.379,37.463,1.000,8.232,82.591,-6.201
143.021,-12.379,37.463,1.000,8.594,82.610,-6.035
143.026,-12.154,51.208,1.000,9.225,81.576,-5.587
143.032,-12.154,51.208,1.000,8.549,81.030,-6.187
143.038,-12.154,57.028,1.000,7.692,79.067,-4.505
143.043,-12.154,57.028,1.000,5.797,79.796,-4.386
143.049,-12.154,57.028,1.000,6.420,79.223,-3.539
143.055,-11.932,62.629,1.000,5.389,79.263,-2.690
143.061,-11.492,64.096,1.000,5.170,79.138,-2.383
143.066,-9.022,63.359,1.000,3.354,82.061,-2.291
143.072,-9.022,63.359,1.000,1.709,83.141,-2.488
143.078,-7.882,62.629,1.000,2.197,84.418,-2.305
143.083,-7.882,62.629,1.000,1.817,87.148,-3.280
143.089,-5.254,53.734,1.000,2.668,87.659,-2.937
143.095,-5.254,53.734,1.000,4.204,87.282,-2.886
143.100,-4.597,46.439,1.000,5.176,88.195,-3.979
143.106,-4.597,46.439,1.000,5.577,89.661,-2.657
143.112,-3.955,37.463,1.000,4.588,92.363,-3.174
143.117,-3.955,37.463,1.000,3.791,94.380,-4.059
143.123,-3.638,33.739,1.000,4.302,95.993,-4.668
143.129,-3.638,33.739,1.000,5.401,97.991,-3.353
143.134,-3.638,33.739,1.000,5.056,98.360,-3.701
143.140,-3.638,33.739,1.000,5.967,99.484,-3.471
143.145,-2.859,24.941,1.000,6.330,102.160,-3.876
143.151,-2.859,24.941,1.000,5.418,105.831,-4.832
143.157,-2.859,24.941,1.000,5.783,110.068,-3.844
143.163,-3.014,25.298,1.000,5.954,112.991,-2.884
143.168,-3.014,25.298,1.000,8.286,113.964,-2.379
143.174,-3.014,25.660,1.000,9.684,115.845,-2.119
143.180,-3.014,25.660,1.000,11.838,115.810,-0.219
143.185,-3.169,26.395,1.000,13.040,115.280,1.116
143.191,-3.169,26.395,1.000,13.258,113.912,0.709
143.197,-3.481,26.395,1.000,12.402,115.126,0.749
143.203,-3.481,26.395,1.000,13.496,114.159,-0.174
143.208,-3.638,26.025,1.000,14.696,111.132,-1.232
143.214,-3.638,26.025,1.000,14.458,109.517,-1.866
143.220,-3.481,23.546,1.000,16.372,107.617,-1.696
143.225,-3.481,23.546,1.000,17.688,103.945,-1.099
143.231,-3.481,20.927,1.000,19.661,100.107,0.184
143.237,-3.481,20.927,1.000,18.565,100.340,-0.898
143.242,-2.859,14.756,1.000,18.633,100.705,-2.054
143.248,-2.859,14.756,1.000,18.658,101.573,-4.184
143.254,-2.859,14.756,1.000,19.150,102.414,-5.521
143.260,-2.859,14.756,1.000,20.069,103.977,-6.607
143.265,-2.247,8.068,1.000,21.960,103.320,-6.731
143.271,-2.247,8.068,1.000,22.589,104.339,-7.411
143.277,-2.247,8.068,1.000,23.211,106.323,-8.391
143.283,-2.095,8.068,1.000,23.858,106.950,-8.685
143.288,-1.944,8.068,1.000,24.749,108.755,-7.685
143.294,-1.944,8.068,1.000,25.218,109.598,-7.049
143.300,-1.944,8.068,1.000,24.012,112.440,-5.929
143.305,-1.793,8.636,1.000,23.349,114.493,-5.123
143.311,-1.793,8.636,1.000,22.853,116.135,-4.517
143.317,-1.793,8.636,1.000,23.853,117.328,-4.278
143.322,-1.642,10.019,1.000,24.782,116.994,-2.734
143.328,-1.642,10.430,1.000,26.314,119.052,-1.013
143.334,-1.642,10.430,1.000,28.573,119.714,-0.313
143.340,-1.642,10.430,1.000,29.860,119.498,0.092
143.345,-1.793,10.638,1.000,32.197,117.666,0.664
143.351,-1.793,10.638,1.000,33.801,114.061,2.238
143.356,-1.793,10.638,1.000,35.886,110.679,3.386
143.362,-1.793,11.061,1.000,37.591,106.625,4.180
143.368,-1.793,11.276,1.000,39.527,101.185,4.914
143.373,-1.793,11.276,1.000,40.036,98.546,5.797
143.379,-1.793,11.276,1.000,40.950,96.850,6.348
143.384,-1.793,12.154,1.000,42.597,93.918,7.282
143.390,-1.793,12.154,1.000,43.286,91.909,7.456
143.396,-1.793,12.154,1.000,43.845,92.423,7.573
143.401,-1.192,15.261,1.000,45.342,93.970,8.747
143.407,-1.192,15.776,1.000,45.194,96.387,7.656
143.412,-1.192,15.776,1.000,43.548,98.445,6.603
143.418,-1.192,15.776,1.000,41.467,101.268,6.043
143.423,-1.192,17.946,1.000,39.371,104.194,3.705
143.428,-1.192,20.000,1.000,40.559,105.259,1.947
143.434,-1.192,20.000,1.000,41.806,105.509,2.046
143.439,-1.192,20.000,1.000,42.944,106.777,2.485
143.445,-1.192,20.000,1.000,42.670,107.521,2.260
143.450,-1.192,20.000,1.000,43.740,108.228,1.886
143.456,-1.192,20.000,1.000,45.163,108.769,2.112
143.461,-1.192,19.697,1.000,47.536,106.879,1.830
143.466,-1.192,19.697,1.000,49.842,103.701,1.715
143.472,-1.192,19.697,1.000,53.327,102.481,1.725
143.477,-1.042,19.101,1.000,54.649,102.749,3.633
143.483,-0.744,18.518,1.000,55.992,100.693,4.183
143.489,-0.744,18.518,1.000,56.747,99.048,3.375
143.495,-0.744,18.518,1.000,56.036,100.660,2.091
143.500,-0.744,18.518,1.000,55.690,98.392,1.244
143.506,-0.297,15.261,1.000,54.623,97.618,-0.419
143.511,-0.297,15.261,1.000,55.036,98.025,-0.468
143.517,-0.297,15.261,1.000,54.341,100.670,-0.257
143.522,-0.148,10.849,1.000,52.637,104.212,-0.325
143.528,-0.148,10.430,1.000,53.729,106.961,0.959
143.533,-0.148,10.430,1.000,52.986,108.821,1.638
143.538,-0.148,10.430,1.000,52.736,111.606,2.643
143.545,0.000,7.515,1.000,52.064,114.641,2.107
143.550,0.000,7.515,1.000,51.714,116.975,4.473
143.555,0.000,7.515,1.000,51.719,122.353,5.359
143.562,-0.148,4.274,1.000,48.833,126.512,2.765
143.567,-0.148,4.274,1.000,48.369,127.100,2.383
143.572,-0.148,4.274,1.000,47.777,129.584,1.799
143.577,-0.148,1.642,1.000,47.283,133.670,0.645
143.582,-0.148,0.744,1.000,46.243,133.786,-0.519
143.587,-0.148,0.744,1.000,46.772,130.361,-0.788
143.592,-0.148,0.744,1.000,48.453,128.380,-1.801
143.598,0.000,-0.148,1.000,49.897,124.466,-3.277
143.604,0.000,-0.297,1.000,53.245,120.592,-3.678
143.610,0.000,-0.297,1.000,53.264,117.096,-3.406
143.617,0.000,-0.297,1.000,55.252,114.162,-1.625
143.623,0.000,-0.297,1.000,57.313,108.881,-2.042
143.629,0.000,-0.595,1.000,55.185,107.940,-3.002
143.636,0.000,-0.595,1.000,56.349,108.916,-5.967
143.642,0.000,-0.595,1.000,58.405,104.425,-5.012
143.648,0.000,-0.595,1.000,56.732,101.578,-5.439
143.655,0.000,-2.247,1.000,56.257,101.671,-4.915
143.661,0.000,-3.638,1.000,55.004,99.803,-3.577
143.668,0.000,-6.974,1.000,53.210,99.055,-3.782
143.675,0.000,-15.007,1.000,50.427,98.396,-4.463
143.680,0.000,-15.007,1.000,49.512,95.497,-4.507
143.685,0.000,-15.007,1.000,48.324,93.331,-3.423
143.690,0.000,-15.007,1.000,46.424,89.833,-2.289
143.697,0.000,-15.007,1.000,45.980,87.787,-1.640
143.702,0.000,-15.007,1.000,45.537,87.865,-0.677
143.708,-0.148,-40.977,1.000,42.917,87.978,-0.237
143.715,-0.148,-42.560,1.000,40.442,89.924,-0.263
143.722,-0.148,-42.560,1.000,36.384,92.075,1.069
143.728,-0.744,-49.981,1.000,34.453,91.866,3.429
143.734,-0.744,-49.981,1.000,34.399,90.056,4.023
143.740,-0.744,-49.981,1.000,33.622,89.029,5.033
143.745,-2.095,-53.093,1.000,32.620,87.329,5.827
143.751,-2.859,-57.705,1.000,30.880,83.922,7.002
143.757,-2.859,-57.705,1.000,29.739,80.849,8.256
143.763,-3.014,-60.480,1.000,27.491,79.893,9.906
143.768,-3.796,-64.839,1.000,26.354,78.575,10.969
143.774,-4.435,-65.589,1.000,23.604,77.170,12.099
143.780,-4.435,-65.589,1.000,22.659,75.690,13.511
143.786,-4.435,-68.659,1.000,21.307,73.727,14.757
143.791,-4.435,-85.768,1.000,20.567,72.016,15.142
143.797,-4.274,-97.558,1.000,17.837,71.267,14.486
143.803,-4.274,-97.558,1.000,16.239,69.701,14.837
143.808,-4.435,-101.762,1.000,15.197,67.869,15.417
143.814,-4.435,-101.762,1.000,14.378,66.206,15.629
143.820,-4.597,-124.996,1.000,13.665,63.278,15.740
143.826,-4.597,-124.996,1.000,13.320,59.931,16.796
143.831,-4.597,-124.996,1.000,12.171,56.151,18.667
143.837,-4.597,-124.996,1.000,11.108,52.838,19.338
143.843,-5.088,-147.899,1.000,9.132,48.314,20.060
143.848,-5.088,-147.899,1.000,8.378,44.915,20.718
143.854,-5.088,-147.899,1.000,6.544,40.098,21.022
143.860,-6.272,-149.343,1.000,5.601,34.694,21.557
143.866,-6.272,-149.343,1.000,3.866,29.051,22.278
143.871,-6.272,-149.343,1.000,1.871,21.950,22.632
143.877,-7.698,-149.343,1.000,-0.508,14.580,23.499
143.883,-7.882,-150.799,1.000,-2.311,5.975,22.063
143.888,-7.882,-150.799,1.000,-3.967,-0.505,20.500
143.894,-7.882,-150.799,1.000,-6.862,-7.110,20.489
143.900,-10.019,-146.466,1.000,-8.243,-13.929,19.867
143.905,-10.223,-143.632,1.000,-9.561,-21.366,18.989
143.911,-10.223,-143.632,1.000,-11.666,-27.924,17.311
143.917,-10.223,-143.632,1.000,-12.810,-34.122,16.167
143.923,-10.223,-143.632,1.000,-13.633,-39.297,15.199
143.928,-10.223,-143.632,1.000,-15.524,-42.813,13.605
143.934,-10.223,-143.632,1.000,-17.264,-44.730,12.319
143.940,-13.302,-159.771,1.000,-19.777,-47.714,10.314
143.946,-13.302,-159.771,1.000,-22.867,-49.748,9.605
143.951,-13.302,-182.363,1.000,-24.933,-49.850,8.144
143.957,-13.302,-182.363,1.000,-26.613,-49.153,7.612
143.963,-13.302,-182.363,1.000,-29.426,-49.218,6.104
143.968,-13.302,-182.363,1.000,-31.838,-48.890,4.443
143.974,-13.068,-211.218,1.000,-32.177,-49.818,1.416
143.980,-13.068,-211.218,1.000,-34.362,-50.050,0.171
143.986,-13.302,-215.066,1.000,-36.423,-50.215,-1.518
143.991,-13.068,-220.943,1.000,-37.812,-52.676,-1.969
143.997,-13.068,-220.943,1.000,-40.019,-52.654,-2.582
144.003,-13.068,-220.943,1.000,-40.793,-53.173,-1.904
144.008,-13.068,-220.943,1.000,-43.316,-51.108,-1.778
144.014,-13.068,-220.943,1.000,-44.133,-51.523,-2.489
144.020,-13.068,-258.948,1.000,-45.025,-50.852,-3.792
144.026,-13.068,-258.948,1.000,-43.815,-53.037,-3.864
144.031,-13.068,-258.948,1.000,-43.776,-53.705,-4.910
144.037,-13.068,-325.551,1.000,-44.183,-55.923,-5.883
144.043,-13.068,-344.873,1.000,-46.145,-57.420,-5.910
144.049,-13.068,-344.873,1.000,-47.055,-59.675,-5.089
144.054,-13.068,-428.168,1.000,-48.800,-65.370,-5.843
144.060,-13.302,-445.223,1.000,-49.195,-72.062,-6.895
144.066,-13.538,-448.698,1.000,-49.681,-80.680,-7.502
144.071,-13.538,-448.698,1.000,-51.280,-87.915,-7.520
144.077,-15.261,-480.965,1.000,-51.815,-96.482,-7.546
144.083,-16.839,-484.662,1.000,-51.835,-107.029,-8.388
144.089,-16.839,-484.662,1.000,-52.578,-116.013,-10.611
144.095,-16.839,-484.662,1.000,-53.952,-125.846,-12.699
144.100,-19.398,-480.965,1.000,-55.638,-137.735,-13.597
144.106,-19.398,-480.965,1.000,-58.494,-150.325,-13.913
144.112,-19.398,-480.965,1.000,-58.807,-164.048,-14.202
144.118,-19.398,-480.965,1.000,-59.561,-177.162,-16.164
144.123,-19.398,-477.290,1.000,-62.136,-189.834,-16.722
144.129,-19.398,-462.817,1.000,-63.738,-202.940,-16.896
144.135,-20.305,-411.641,1.000,-65.057,-216.104,-17.759
144.141,-20.305,-411.641,1.000,-65.250,-230.099,-18.045
144.146,-21.242,-350.558,1.000,-66.830,-240.826,-17.853
144.152,-21.242,-317.540,1.000,-69.324,-251.409,-19.553
144.158,-21.242,-317.540,1.000,-70.270,-260.018,-19.700
144.164,-21.242,-317.540,1.000,-74.219,-265.147,-21.636
144.169,-20.000,-231.022,1.000,-77.826,-268.804,-23.895
144.175,-20.000,-231.022,1.000,-80.406,-272.304,-25.375
144.181,-20.000,-231.022,1.000,-83.042,-274.697,-25.841
144.187,-15.776,-162.854,1.000,-84.713,-277.160,-25.842
144.193,-13.777,-143.632,1.000,-86.415,-277.024,-25.641
144.198,-13.777,-143.632,1.000,-89.247,-276.020,-24.645
144.204,-13.777,-143.632,1.000,-92.352,-273.570,-23.664
144.210,-9.615,-99.642,1.000,-95.206,-266.249,-25.353
144.216,-8.828,-87.650,1.000,-97.647,-258.653,-24.196
144.221,-8.828,-87.650,1.000,-99.658,-248.671,-25.592
144.227,-8.828,-87.650,1.000,-99.930,-239.535,-26.012
144.233,-6.974,-48.778,1.000,-100.629,-230.429,-25.278
144.238,-6.974,-48.778,1.000,-99.547,-222.491,-24.585
144.244,-6.974,-48.778,1.000,-98.217,-213.349,-24.229
144.250,-6.974,-48.778,1.000,-94.935,-204.874,-23.108
144.256,-6.974,-48.778,1.000,-91.971,-193.897,-23.206
144.261,-6.272,-19.101,1.000,-88.891,-182.516,-22.047
144.267,-6.796,-15.517,1.000,-85.686,-172.850,-20.641
144.273,-6.796,-15.517,1.000,-82.828,-162.940,-19.120
144.279,-7.153,-11.932,1.000,-83.684,-152.609,-18.613
144.284,-7.153,-11.932,1.000,-82.879,-141.439,-17.682
144.290,-7.153,-11.932,1.000,-81.454,-131.403,-17.034
144.296,-7.153,-11.932,1.000,-80.041,-123.312,-15.216
144.302,-7.333,-6.796,2.000,-78.579,-118.121,-13.070
144.307,-7.333,-6.796,2.000,-76.839,-113.626,-11.291
144.313,-7.333,-6.796,2.000,-75.581,-108.433,-10.111
144.319,-7.333,-6.796,2.000,-75.447,-106.045,-7.400
144.324,-7.333,-6.796,2.000,-75.480,-103.105,-3.836
144.330,-7.333,-6.796,2.000,-75.634,-101.217,0.781
144.336,-7.333,-6.796,2.000,-76.236,-99.853,2.667
144.342,-7.333,-6.796,2.000,-76.127,-100.686,2.749
144.347,-4.597,-2.399,4.000,-76.393,-100.780,4.475
144.353,-4.597,-2.399,4.000,-77.797,-100.247,7.367
144.358,-4.597,-2.399,4.000,-78.860,-99.254,12.218
144.363,-4.597,-2.399,4.000,-79.486,-100.501,16.101
144.369,-4.597,-2.399,4.000,-79.486,-100.501,16.101
144.375,-4.597,-2.399,4.000,-79.486,-100.501,16.101
144.380,-4.597,-2.399,4.000,-79.486,-100.501,16.101
144.385,-4.597,-2.399,4.000,-79.486,-100.501,16.101
144.390,-4.597,-2.399,4.000,-79.486,-100.501,16.101
144.395,-4.597,-2.399,4.000,-79.486,-100.501,16.101
144.402,-2.399,-0.446,4.000,-75.222,-94.278,-4.510
144.407,-2.399,-0.446,3.000,-75.240,-93.905,-7.921
144.413,-2.399,-0.446,3.000,-75.424,-92.762,-12.085
144.418,-2.399,-0.446,3.000,-33.189,-60.486,-20.371
144.423,-2.399,-0.446,3.000,104.024,34.412,-57.692
144.428,-2.399,-0.446,3.000,251.395,144.303,-101.309
144.434,-2.399,-0.446,3.000,272.614,339.285,-124.160
144.439,-2.399,-0.446,3.000,255.724,515.145,-148.880
144.444,-2.399,-0.446,3.000,217.195,561.857,-156.188
144.450,-2.399,-0.446,3.000,217.195,561.857,-156.188
144.455,-2.399,-0.446,3.000,217.195,561.857,-156.188
144.460,-2.399,-0.446,3.000,217.195,561.857,-156.188
144.466,-2.399,-0.446,3.000,217.195,561.857,-156.188
144.471,-2.399,-0.446,3.000,217.195,561.857,-156.188
144.476,-2.399,-0.446,3.000,217.195,561.857,-156.188
144.481,-2.399,-0.446,3.000,217.195,561.857,-156.188
144.487,-2.399,-0.446,3.000,217.195,561.857,-156.188
144.492,-2.399,-0.446,3.000,217.195,561.857,-156.188
144.497,-2.399,-0.446,3.000,217.195,561.857,-156.188
144.503,-2.399,-0.446,3.000,217.195,561.857,-156.188
144.508,-2.399,-0.446,3.000,217.195,561.857,-156.188
144.513,-2.399,-0.446,3.000,217.195,561.857,-156.188
144.519,-2.399,-0.446,3.000,217.195,561.857,-156.188
144.524,-2.399,-0.446,3.000,217.195,561.857,-156.188
144.529,-2.399,-0.446,3.000,217.195,561.857,-156.188
144.535,-2.399,-0.446,3.000,217.195,561.857,-156.188
144.540,-2.399,-0.446,3.000,217.195,561.857,-156.188
144.545,-2.399,-0.446,3.000,217.195,561.857,-156.188
144.551,-2.399,-0.446,3.000,217.195,561.857,-156.188
144.556,-2.399,-0.446,3.000,217.195,561.857,-156.188
144.561,-2.399,-0.446,3.000,217.195,561.857,-156.188
144.567,-2.399,-0.446,3.000,217.195,561.857,-156.188
144.572,-2.399,-0.446,3.000,217.195,561.857,-156.188
144.577,-2.399,-0.446,3.000,217.195,561.857,-156.188
144.583,-2.399,-0.446,3.000,217.195,561.857,-156.188
144.588,-2.399,-0.446,3.000,217.195,561.857,-156.188
144.593,-2.399,-0.446,3.000,217.195,561.857,-156.188
144.599,-2.399,-0.446,3.000,217.195,561.857,-156.188
144.604,-2.399,-0.446,3.000,217.195,561.857,-156.188
144.609,-2.399,-0.446,3.000,217.195,561.857,-156.188
144.615,-2.399,-0.446,3.000,217.195,561.857,-156.188
144.620,-2.399,-0.446,3.000,217.195,561.857,-156.188
144.625,-2.399,-0.446,3.000,217.195,561.857,-156.188
144.631,-2.399,-0.446,3.000,217.195,561.857,-156.188
144.636,-2.399,-0.446,3.000,217.195,561.857,-156.188
144.641,-2.399,-0.446,3.000,217.195,561.857,-156.188
144.647,-2.399,-0.446,3.000,217.195,561.857,-156.188
144.652,-2.399,-0.446,3.000,217.195,561.857,-156.188
144.657,-2.399,-0.446,3.000,217.195,561.857,-156.188
144.663,-2.399,-0.446,3.000,217.195,561.857,-156.188
144.668,-2.399,-0.446,3.000,217.195,561.857,-156.188
144.674,-2.399,-0.446,3.000,217.195,561.857,-156.188
144.679,-2.399,-0.446,3.000,217.195,561.857,-156.188
144.684,-2.399,-0.446,3.000,217.195,561.857,-156.188
144.689,-2.399,-0.446,3.000,217.195,561.857,-156.188
144.695,-2.399,-0.446,3.000,217.195,561.857,-156.188
144.700,-2.399,-0.446,3.000,217.195,561.857,-156.188
144.705,-2.399,-0.446,3.000,217.195,561.857,-156.188
144.710,-2.399,-0.446,3.000,217.195,561.857,-156.188
144.715,-2.399,-0.446,3.000,217.195,561.857,-156.188
144.721,-2.399,-0.446,3.000,217.195,561.857,-156.188
144.726,-2.399,-0.446,3.000,217.195,561.857,-156.188
144.731,-2.399,-0.446,3.000,217.195,561.857,-156.188
144.736,-2.399,-0.446,3.000,217.195,561.857,-156.188
144.741,-2.399,-0.446,3.000,217.195,561.857,-156.188
144.746,-2.399,-0.446,3.000,217.195,561.857,-156.188
144.752,-2.399,-0.446,3.000,217.195,561.857,-156.188
144.757,-2.399,-0.446,3.000,217.195,561.857,-156.188
144.762,-2.399,-0.446,3.000,217.195,561.857,-156.188
144.767,-2.399,-0.446,3.000,217.195,561.857,-156.188
144.772,-2.399,-0.446,3.000,217.195,561.857,-156.188
144.777,-2.399,-0.446,3.000,217.195,561.857,-156.188
144.783,-2.399,-0.446,3.000,217.195,561.857,-156.188
144.788,-2.399,-0.446,3.000,217.195,561.857,-156.188
144.793,-2.399,-0.446,3.000,217.195,561.857,-156.188
144.798,-2.399,-0.446,3.000,217.195,561.857,-156.188
144.803,-2.399,-0.446,3.000,217.195,561.857,-156.188
144.808,-2.399,-0.446,3.000,217.195,561.857,-156.188
144.813,-2.399,-0.446,3.000,217.195,561.857,-156.188
144.819,-2.399,-0.446,3.000,217.195,561.857,-156.188
144.824,-2.399,-0.446,3.000,217.195,561.857,-156.188
144.829,-2.399,-0.446,3.000,217.195,561.857,-156.188
144.834,-2.399,-0.446,3.000,217.195,561.857,-156.188
144.839,-2.399,-0.446,3.000,217.195,561.857,-156.188
144.844,0.000,-0.297,3.000,1.600,-2.969,0.794
144.851,0.000,-0.297,3.000,1.515,-3.307,1.582
144.857,0.000,-0.297,3.000,2.928,-4.589,1.813
144.863,0.000,-0.297,3.000,2.843,-4.568,0.640
144.869,0.000,-0.297,3.000,3.354,-3.950,0.928
144.875,0.000,-0.297,3.000,3.156,-2.461,0.126
144.882,0.000,-0.297,3.000,3.006,-2.233,-0.280
144.888,0.000,-0.297,3.000,2.291,-2.018,0.200
144.894,0.000,-0.297,3.000,1.215,-1.907,-0.553
144.900,0.000,-0.297,3.000,-0.465,-0.003,-2.207
144.906,0.000,-0.297,3.000,-0.929,0.546,-1.525
144.912,0.000,-0.297,3.000,-1.344,0.595,0.168
144.919,0.000,-0.297,3.000,-1.892,0.891,0.334
144.925,0.000,-0.297,3.000,-1.224,0.976,0.127
144.931,0.000,-0.297,3.000,-1.094,0.702,-0.576
144.937,0.000,-0.297,3.000,0.183,-0.781,0.946
144.943,0.000,-0.297,3.000,0.317,-0.920,-0.256
144.950,0.000,-0.297,3.000,0.665,-1.870,0.053
144.956,0.000,-0.297,3.000,1.451,-1.640,0.569
144.962,0.000,-0.297,3.000,2.004,-1.388,1.199
144.968,0.000,-0.297,3.000,1.999,-1.160,1.059
144.974,0.000,-0.297,3.000,1.653,-1.130,0.218
144.981,0.000,-0.297,3.000,0.408,-1.220,-1.195
144.987,0.000,-0.297,3.000,0.338,-1.120,-1.901
144.993,0.000,-0.297,3.000,0.050,-0.317,-3.415
144.999,0.000,-0.297,3.000,-0.139,-0.121,-1.237
145.005,0.000,-0.297,3.000,-0.170,-0.068,-3.055
145.011,0.000,-0.297,3.000,-0.668,-0.570,-2.103
145.018,0.000,-0.297,3.000,-0.465,-0.678,-2.085
145.024,0.000,-0.297,3.000,0.251,-0.717,-3.159
145.030,0.000,-0.297,3.000,0.319,-1.223,1.546
145.036,0.000,-0.297,3.000,0.387,-0.230,-2.088
145.042,0.000,-0.297,3.000,0.002,-1.438,-4.288
145.049,0.000,-0.297,3.000,0.609,-0.809,0.849
145.055,0.000,-0.297,3.000,0.727,-0.551,-0.418
145.061,0.000,-0.297,3.000,0.852,-0.795,-2.393
145.067,0.000,-0.297,3.000,0.919,0.087,0.265
145.073,0.000,-0.297,3.000,2.245,0.214,0.210
145.079,0.000,-0.297,3.000,2.376,-0.252,-1.066
145.086,0.000,-0.297,3.000,1.847,-1.101,0.197
145.092,0.000,-0.297,3.000,0.864,-1.120,-1.103
145.098,0.000,-0.297,3.000,2.043,-1.763,0.296
145.104,0.000,-0.297,3.000,2.466,-2.820,-0.252
145.110,0.000,-0.297,3.000,2.674,-2.261,-1.393
145.117,0.000,-0.297,3.000,3.147,-2.220,-0.835
145.123,0.000,-0.297,3.000,3.472,-3.590,0.017
145.129,0.000,-0.297,3.000,3.346,-4.005,-0.535
145.135,0.000,-0.297,3.000,2.776,-3.356,-0.149
145.141,0.000,-0.297,3.000,2.374,-1.421,-0.484
145.148,0.000,-0.297,3.000,1.490,-1.243,0.546
145.154,0.000,-0.297,3.000,1.795,-0.197,0.338
145.160,0.000,-0.297,3.000,0.292,0.357,-0.105
145.166,0.000,-0.297,3.000,0.719,0.600,-1.535
145.172,0.000,-0.297,3.000,-0.181,1.009,-1.550
145.179,0.000,-0.297,3.000,-0.671,0.541,-0.177
145.185,0.000,-0.297,3.000,0.223,0.712,-1.107
145.191,0.000,-0.297,3.000,0.039,1.230,-1.128
145.197,0.000,-0.297,3.000,0.692,0.957,0.051
145.203,0.000,-0.297,3.000,0.943,2.040,0.199
145.210,0.000,-0.297,3.000,1.384,0.602,0.187
145.216,0.000,-0.297,3.000,0.975,-1.058,0.332
145.222,0.000,-0.297,3.000,0.082,-1.358,-0.956
145.228,0.000,-0.297,3.000,0.643,-2.995,-0.288
145.235,0.000,-0.297,3.000,1.618,-3.547,0.611
145.241,0.000,-0.297,3.000,4.017,-4.598,1.727
145.247,0.000,-0.297,3.000,3.764,-3.206,2.929
145.253,0.000,-0.297,3.000,6.880,-3.494,3.167
145.260,0.000,-0.297,3.000,7.847,-1.072,4.674
145.266,0.000,-0.297,3.000,10.346,-0.810,3.955
145.272,0.000,-0.297,3.000,12.778,-0.394,4.575
145.278,0.000,-0.297,3.000,12.802,3.915,4.711
145.285,0.000,-0.297,3.000,12.709,9.997,6.000
145.291,0.000,-0.297,3.000,14.809,10.112,7.342
145.297,0.000,-0.297,3.000,13.619,15.006,8.127
145.304,0.000,-0.297,3.000,14.177,14.266,8.004
145.310,0.000,-0.297,3.000,13.093,14.465,8.215
145.316,0.000,-0.297,3.000,10.216,16.312,7.609
145.322,0.000,-0.297,3.000,11.589,15.373,10.285
145.329,0.000,-0.297,3.000,9.588,17.733,12.410
145.335,0.000,-0.297,3.000,10.016,17.783,13.733
145.341,0.000,-0.297,3.000,7.766,16.790,15.900
145.347,0.000,-0.297,3.000,5.850,12.682,17.723
145.354,0.000,-0.297,3.000,4.850,10.709,19.196
145.360,0.000,-0.297,3.000,4.856,6.080,21.091
145.366,0.000,-0.297,3.000,4.340,3.746,22.331
145.373,0.000,-0.297,3.000,5.613,2.175,21.739
145.379,0.000,-0.297,3.000,5.681,2.169,21.830
145.385,0.000,-0.297,3.000,5.465,2.250,22.020
145.391,0.000,-0.297,3.000,4.470,3.762,21.843
145.397,0.000,-0.297,3.000,3.489,7.574,19.312
145.404,0.000,-0.297,3.000,4.653,7.557,19.353
145.410,0.000,-0.297,3.000,3.303,9.944,19.197
145.416,0.000,-0.297,3.000,1.671,12.433,17.188
145.422,0.000,-0.297,3.000,1.856,14.726,17.216
145.429,0.000,-0.297,3.000,0.376,19.132,15.953
145.435,0.000,-0.297,3.000,-0.386,21.835,16.291
145.441,0.000,-0.297,3.000,-0.535,25.428,17.117
145.447,0.000,-0.297,3.000,-0.470,27.158,16.775
145.454,0.000,-0.297,3.000,-1.450,28.105,15.730
145.460,0.000,-0.297,3.000,-2.938,28.736,17.214
145.466,0.000,-0.297,3.000,-3.661,31.181,15.588
145.472,0.000,-0.297,3.000,-3.836,31.515,14.251
145.479,0.000,-0.297,3.000,-4.154,30.074,14.225
145.485,0.000,-0.297,3.000,-1.344,28.483,14.733
145.491,-0.297,-0.297,3.000,-2.399,26.660,13.136
145.496,-0.297,-0.297,3.000,-3.062,22.933,12.211
145.501,-0.446,-0.297,3.000,-2.045,21.093,12.400
145.507,-0.446,-0.297,3.000,-1.428,19.406,11.277
145.512,-0.446,-0.297,3.000,-1.926,18.445,10.094
145.517,-0.446,-0.297,3.000,-2.407,20.038,10.571
145.522,-0.446,-0.297,3.000,-2.271,20.022,9.788
145.528,-0.446,-0.297,3.000,-2.572,18.399,11.121
145.533,-3.014,-0.297,3.000,-3.140,17.925,11.671
145.538,-3.014,-0.297,3.000,-3.054,17.227,11.795
145.544,-3.481,-0.297,3.000,-2.988,14.588,12.137
145.549,-3.481,-0.297,3.000,-2.947,12.645,12.168
145.555,-3.955,-0.297,3.000,-3.451,11.450,10.884
145.560,-3.955,-0.297,3.000,-2.901,10.226,9.897
145.565,-3.955,-0.297,3.000,-4.393,10.645,6.926
145.571,-5.589,-0.297,3.000,-4.694,12.288,5.791
145.576,-6.272,-0.297,3.000,-4.090,14.658,5.485
145.581,-6.272,-0.297,3.000,-3.742,16.213,5.403
145.587,-6.272,-0.297,3.000,-4.575,17.364,6.327
145.592,-7.153,-0.297,3.000,-4.579,17.422,6.082
145.598,-7.153,-0.297,3.000,-4.896,17.618,6.164
145.603,-7.333,-0.297,3.000,-5.050,17.704,6.218
145.608,-7.515,-0.297,3.000,-5.126,17.567,5.854
145.614,-7.698,-0.297,3.000,-6.930,16.726,4.413
145.619,-7.698,-0.297,3.000,-7.363,18.895,2.881
145.624,-7.698,-0.297,3.000,-6.838,19.462,0.996
145.629,-7.698,-0.297,3.000,-6.871,21.658,1.143
145.635,-7.698,-0.297,3.000,-6.289,22.091,0.903
145.640,-7.698,-0.297,3.000,-7.392,22.037,1.868
145.645,-7.515,-0.297,3.000,-6.411,21.332,3.064
145.651,-7.515,-0.297,3.000,-7.040,21.072,1.729
145.656,-7.515,-0.297,3.000,-6.888,21.565,-0.250
145.661,-7.333,-0.297,3.000,-5.551,20.868,0.649
145.667,-7.333,-0.297,3.000,-5.549,20.675,-0.319
145.672,-6.974,-0.297,3.000,-5.939,19.131,-0.304
145.678,-6.796,-0.297,3.000,-6.005,17.326,1.076
145.683,-6.445,-0.297,3.000,-5.732,16.495,1.593
145.688,-6.445,-0.297,3.000,-4.850,15.799,1.308
145.694,-5.589,-0.297,2.000,-6.566,16.627,0.926
145.699,-5.088,-0.297,2.000,-6.623,16.403,0.358
145.704,-5.088,-0.297,2.000,-8.422,17.934,-0.564
145.710,-5.088,-0.297,2.000,-8.850,18.018,-0.104
145.715,-5.088,-0.297,2.000,-9.434,20.830,0.358
145.721,-5.088,-0.297,2.000,-9.955,23.317,0.927
145.726,-3.014,-0.297,2.000,-10.328,24.175,0.440
145.731,-1.341,-0.297,3.000,-12.742,26.787,-0.493
145.737,-1.042,-0.297,3.000,-13.608,27.983,-1.678
145.742,-1.042,-0.297,3.000,-14.533,30.171,-2.837
145.747,-1.042,-0.297,3.000,-15.642,33.810,-4.424
145.753,-1.042,-0.297,3.000,-16.357,37.326,-4.463
145.758,-1.042,-0.297,3.000,-17.776,39.499,-4.810
145.764,-0.446,-0.297,3.000,-17.814,39.225,-5.254
145.769,-0.446,-0.297,3.000,-18.004,38.287,-6.681
145.774,-0.446,-0.297,3.000,-16.547,37.234,-6.933
145.779,-0.297,-0.297,3.000,-15.275,37.096,-7.470
145.784,-0.297,-0.297,2.000,-12.492,34.388,-7.260
145.790,-0.297,-0.297,2.000,-11.003,29.024,-6.247
145.795,-0.297,-0.297,2.000,-10.905,22.460,-5.393
145.800,-0.297,-0.297,3.000,-9.643,20.760,-6.744
145.805,-0.297,-0.297,3.000,-9.427,23.042,-6.454
145.810,-0.297,-0.297,3.000,-7.650,26.184,-3.504
145.815,-0.297,-0.297,3.000,-6.658,27.990,-1.841
145.820,-0.297,-0.297,3.000,-5.995,27.031,-1.636
145.826,-0.148,-0.297,3.000,-4.740,26.891,-1.118
145.833,0.000,-0.297,2.000,-4.892,26.091,-0.084
145.839,0.000,-0.297,2.000,-3.825,25.682,-1.207
145.845,0.000,-0.297,2.000,-3.676,25.212,-0.915
145.851,0.000,-0.297,2.000,-3.788,24.902,-1.663
145.858,0.000,-0.297,2.000,-2.261,26.262,-1.812
145.864,0.000,-0.297,3.000,-1.593,25.660,-2.030
145.870,0.000,-0.297,3.000,-0.030,25.181,-1.034
145.876,0.000,-0.297,2.000,1.721,24.576,0.333
145.883,0.000,-0.297,2.000,2.865,24.217,1.501
145.889,0.000,-0.297,2.000,3.842,24.728,3.467
145.895,0.000,-0.297,2.000,3.792,24.930,3.889
145.901,0.000,-0.297,2.000,3.270,25.859,3.895
145.908,0.000,-0.297,2.000,2.459,26.773,5.071
145.914,0.000,-0.297,2.000,1.449,27.589,3.727
145.920,0.000,-0.297,2.000,-1.022,28.492,4.197
145.926,0.000,-0.297,2.000,-2.877,28.881,3.975
145.933,0.000,-0.297,2.000,-3.960,30.989,2.217
145.939,0.000,-0.297,2.000,-5.003,31.311,1.875
145.945,0.000,-0.297,2.000,-6.068,32.268,0.976
145.951,0.000,-0.297,2.000,-6.625,32.839,0.973
145.958,0.000,-0.297,2.000,-7.781,32.646,2.084
145.964,0.000,-0.446,2.000,-8.638,32.710,0.274
145.971,0.000,-0.446,1.000,-5.264,30.331,0.838
145.978,0.000,-0.446,1.000,-3.175,26.525,0.539
145.984,0.000,-0.446,1.000,-1.131,23.984,0.993
145.991,0.000,-0.595,1.000,0.034,22.786,0.676
145.997,0.000,-0.595,1.000,2.457,20.591,-0.777
146.003,0.000,-0.595,1.000,2.903,19.806,-0.497
146.009,0.000,-0.595,1.000,3.312,20.373,0.195
146.016,0.000,-0.595,1.000,3.702,20.526,-0.169
146.022,0.000,-0.595,0.000,4.245,19.015,0.874
146.028,0.000,-0.595,0.000,1.268,21.251,0.086
146.035,0.000,-0.595,0.000,1.327,20.623,0.875
146.041,0.000,-0.744,0.000,1.776,20.371,0.762
146.048,0.000,-0.893,0.000,1.576,22.143,-0.280
146.055,0.000,-0.893,0.000,0.737,21.351,-0.449
146.061,0.000,-1.341,-1.000,0.765,21.172,-0.408
146.068,0.000,-1.341,-1.000,0.510,18.454,2.124
146.075,0.000,-1.341,-1.000,-1.227,17.857,2.902
146.080,0.000,-1.341,-1.000,-1.393,16.368,2.986
146.086,0.000,-2.706,-1.000,-1.907,14.854,2.643
146.093,0.000,-2.706,-1.000,-1.913,13.388,2.392
146.098,0.297,-6.620,-1.000,-1.638,13.459,2.105
146.104,0.297,-6.620,-1.000,-0.549,12.117,2.328
146.109,0.297,-6.620,-1.000,-0.919,13.367,2.230
146.114,0.297,-6.620,-1.000,-1.178,14.310,2.974
146.120,0.297,-6.620,-1.000,-0.743,14.973,2.547
146.125,2.095,-17.946,-1.000,-1.683,16.349,2.478
146.131,2.095,-17.946,-1.000,-2.998,18.448,2.393
146.137,3.481,-23.889,-1.000,-2.030,20.483,1.672
146.142,3.481,-23.889,-1.000,-2.148,25.096,0.281
146.148,4.114,-25.298,-1.000,-1.871,27.696,-0.227
146.154,4.114,-25.298,-1.000,-1.040,27.704,-0.734
146.160,4.114,-25.298,-1.000,-2.048,28.206,-1.038
146.165,5.421,-41.500,0.000,-0.889,25.790,-1.471
146.171,5.421,-41.500,0.000,-0.884,23.227,-1.709
146.177,5.421,-41.500,0.000,-0.675,22.441,-1.594
146.182,5.421,-41.500,0.000,0.664,20.020,-2.381
146.188,6.099,-42.560,0.000,2.584,16.696,-1.984
146.194,6.099,-42.560,0.000,1.984,14.327,-1.678
146.199,6.099,-48.778,0.000,2.216,10.521,-1.683
146.205,6.099,-48.778,0.000,3.295,5.161,-2.060
146.211,6.099,-48.185,0.000,2.914,3.736,-2.711
146.217,6.099,-48.185,0.000,4.542,0.832,-3.455
146.222,5.928,-51.208,0.000,4.911,-2.476,-2.460
146.228,5.928,-51.208,0.000,1.739,-3.766,-2.648
146.234,5.758,-50.592,0.000,0.301,-6.374,-0.881
146.239,5.758,-50.592,0.000,0.318,-8.595,0.641
146.245,5.589,-51.208,0.000,-0.988,-8.791,1.308
146.251,5.589,-51.208,0.000,0.263,-10.989,3.569
146.256,5.589,-51.208,0.000,-0.973,-11.292,3.963
146.262,5.589,-50.592,0.000,-2.309,-12.423,6.708
146.268,5.421,-47.597,0.000,-0.813,-16.800,9.146
146.274,5.421,-47.597,0.000,-0.719,-17.454,10.353
146.279,5.421,-47.597,0.000,0.703,-18.060,10.472
146.285,5.421,-47.597,0.000,2.623,-19.541,11.227
146.291,5.088,-47.016,0.000,1.390,-19.717,12.409
146.297,5.088,-47.016,0.000,1.725,-21.228,12.901
146.302,4.924,-45.304,0.000,0.727,-22.485,12.869
146.307,4.924,-45.304,0.000,1.160,-23.630,11.332
146.313,4.924,-45.304,0.000,1.329,-24.094,9.734
146.318,4.924,-45.304,0.000,2.757,-25.171,9.652
146.323,4.924,-45.304,0.000,2.259,-25.808,9.332
146.329,4.924,-45.304,0.000,2.785,-26.279,7.573
146.334,4.924,-45.304,0.000,5.294,-27.906,7.016
146.340,4.924,-45.304,0.000,6.466,-27.635,8.221
146.345,4.924,-45.304,0.000,8.691,-29.074,8.421
146.350,4.924,-45.304,0.000,10.187,-29.909,10.081
146.356,3.955,-43.641,0.000,12.745,-30.873,10.236
146.362,3.955,-43.641,0.000,14.844,-31.782,9.715
146.367,3.955,-43.641,0.000,16.169,-32.455,9.449
146.373,3.955,-43.641,0.000,17.631,-33.481,10.624
146.379,3.955,-43.641,0.000,18.121,-34.298,11.318
146.384,3.955,-43.641,0.000,18.307,-34.910,10.026
146.390,3.955,-43.641,0.000,18.863,-34.400,8.902
146.396,3.955,-42.027,0.000,19.866,-34.823,7.045
146.402,3.955,-39.441,0.000,20.324,-33.911,5.599
146.407,3.955,-39.441,0.000,21.295,-33.107,4.932
146.413,3.955,-39.441,0.000,21.259,-33.191,3.667
146.419,3.955,-39.441,0.000,22.509,-35.248,2.689
146.425,3.955,-35.100,0.000,21.580,-32.963,1.391
146.430,3.955,-35.100,0.000,22.555,-34.758,-0.604
146.436,3.955,-35.100,0.000,22.473,-35.333,-0.133
146.442,3.481,-28.300,0.000,21.700,-35.712,-2.296
146.447,3.481,-28.300,0.000,21.386,-34.662,-3.941
146.453,3.481,-28.300,0.000,20.351,-34.830,-4.882
146.459,3.481,-28.300,0.000,17.908,-35.643,-5.346
146.465,1.492,-23.206,0.000,16.419,-37.925,-6.113
146.470,1.492,-23.206,0.000,15.281,-38.441,-5.083
146.476,0.595,-22.538,0.000,15.314,-38.724,-7.867
146.481,0.595,-22.538,0.000,14.123,-38.964,-7.971
146.487,0.595,-22.538,0.000,13.115,-41.346,-7.668
146.492,0.446,-21.561,0.000,11.405,-42.070,-8.354
146.498,0.446,-21.561,0.000,11.723,-44.953,-8.737
146.503,0.446,-21.561,0.000,12.006,-46.227,-10.203
146.509,0.446,-21.561,0.000,10.768,-44.751,-10.654
146.515,0.446,-20.927,0.000,11.095,-45.441,-9.591
146.520,0.446,-20.927,0.000,10.084,-46.979,-8.507
146.526,0.446,-20.927,0.000,7.335,-45.645,-6.011
146.531,0.297,-21.242,0.000,5.225,-47.053,-3.099
146.537,0.297,-21.242,0.000,4.519,-49.700,-2.664
146.542,0.297,-21.242,0.000,1.343,-48.926,-2.719
146.547,0.446,-20.927,0.000,1.202,-49.241,-2.138
146.553,0.446,-20.614,0.000,2.725,-50.432,-1.999
146.559,0.446,-20.614,0.000,3.151,-48.989,-0.830
146.564,0.446,-20.614,0.000,2.162,-45.562,-1.405
146.570,0.297,-20.305,0.000,1.882,-42.071,-0.353
146.575,0.297,-20.305,0.000,4.119,-42.264,0.283
146.580,0.297,-20.305,0.000,4.970,-41.185,1.241
146.586,0.297,-20.000,0.000,5.109,-39.777,1.356
146.591,0.297,-19.398,0.000,5.770,-37.723,1.770
146.597,0.297,-19.398,0.000,7.270,-39.102,1.623
146.602,0.297,-19.398,0.000,7.219,-40.570,0.836
146.607,0.446,-19.697,0.000,6.648,-40.195,0.024
146.613,0.446,-19.697,0.000,6.764,-39.660,-1.062
146.618,0.446,-19.697,0.000,6.983,-39.477,-1.569
146.624,0.446,-19.697,0.000,5.681,-38.615,-2.324
146.630,0.446,-19.697,0.000,4.448,-37.995,-2.076
146.635,0.446,-19.697,0.000,3.442,-38.045,-1.666
146.641,0.446,-19.697,0.000,3.511,-37.690,-1.565
146.646,0.297,-19.697,0.000,4.338,-37.855,-0.895
146.652,0.297,-19.697,0.000,3.645,-37.815,-1.023
146.657,0.297,-19.697,0.000,4.041,-36.100,0.888
146.663,0.446,-19.697,0.000,4.547,-35.490,2.023
146.668,0.446,-19.697,0.000,4.901,-34.559,3.583
146.674,0.446,-19.697,0.000,3.958,-35.224,3.597
146.679,0.446,-19.697,0.000,3.306,-35.423,4.060
146.685,0.297,-21.242,0.000,2.877,-35.522,2.981
146.690,0.297,-21.242,0.000,0.749,-34.302,1.691
146.696,0.297,-21.242,0.000,0.066,-32.260,1.611
146.701,0.446,-24.586,0.000,-0.992,-31.695,0.355
146.707,0.446,-24.941,0.000,-2.174,-32.401,1.077
146.712,0.446,-24.941,0.000,-2.616,-34.369,1.195
146.718,0.446,-24.941,0.000,-1.515,-35.772,0.480
146.723,0.446,-37.463,0.000,-0.284,-37.215,0.510
146.729,0.446,-37.463,0.000,0.094,-37.919,0.901
146.734,0.446,-37.463,0.000,0.141,-37.457,-0.951
146.740,0.446,-40.977,0.000,1.308,-38.502,-1.743
146.746,0.446,-40.977,0.000,3.116,-39.732,-2.923
146.751,0.446,-40.977,0.000,3.973,-41.850,-4.063
146.757,0.446,-40.977,0.000,4.224,-43.690,-5.904
146.762,0.446,-44.744,0.000,4.216,-44.560,-6.647
146.768,0.446,-44.744,0.000,4.861,-44.021,-7.263
146.773,0.446,-44.744,0.000,4.697,-41.910,-7.817
146.779,0.297,-43.098,0.000,5.173,-38.974,-8.162
146.784,0.297,-44.190,0.000,5.839,-35.803,-7.576
146.790,0.297,-44.190,0.000,7.184,-33.345,-6.506
146.795,0.297,-44.190,0.000,10.141,-34.081,-4.862
146.800,0.148,-45.304,0.000,10.609,-32.374,-4.183
146.805,0.148,-45.304,0.000,12.706,-31.261,-2.013
146.811,0.148,-45.304,0.000,14.063,-33.852,-1.400
146.817,0.148,-45.304,0.000,13.633,-34.887,-2.671
146.824,0.148,-47.016,0.000,14.461,-36.283,-4.044
146.829,0.148,-47.016,0.000,13.608,-37.642,-3.438
146.834,0.148,-47.016,0.000,12.054,-38.104,-3.508
146.839,0.148,-47.016,0.000,11.575,-40.408,-2.744
146.844,0.148,-47.016,0.000,11.939,-43.105,-3.749
146.849,0.148,-47.016,0.000,12.040,-43.951,-5.004
146.854,0.148,-47.016,0.000,12.556,-42.079,-6.038
146.859,0.148,-47.016,0.000,13.759,-42.788,-6.586
146.866,0.148,-47.597,0.000,12.132,-40.591,-6.331
146.873,0.148,-47.597,0.000,13.505,-43.263,-4.648
146.878,0.148,-49.377,0.000,12.319,-40.468,-5.013
146.884,0.148,-49.377,0.000,12.108,-39.588,-4.498
146.889,0.148,-49.377,0.000,11.709,-38.107,-4.757
146.895,0.000,-50.592,0.000,12.953,-36.068,-6.332
146.901,0.000,-50.592,0.000,11.152,-35.835,-5.686
146.908,0.000,-51.831,0.000,7.481,-34.663,-6.663
146.915,0.000,-50.592,0.000,6.551,-34.515,-5.678
146.920,0.000,-50.592,0.000,6.032,-36.434,-5.040
146.925,0.000,-50.592,0.000,5.043,-36.219,-4.268
146.932,0.000,-51.208,0.000,4.850,-36.989,-5.362
146.937,0.000,-51.208,0.000,4.245,-34.732,-5.844
146.943,0.000,-51.208,0.000,2.702,-35.023,-5.294
146.950,0.000,-51.208,0.000,2.917,-37.982,-5.457
146.957,0.000,-51.208,0.000,3.184,-38.158,-5.382
146.963,0.000,-51.208,0.000,3.760,-40.233,-3.100
146.970,0.000,-51.208,0.000,3.731,-40.526,-1.860
146.977,0.000,-50.592,0.000,3.571,-42.629,-1.108
146.982,0.000,-50.592,0.000,4.464,-42.800,-0.332
146.987,0.000,-49.981,0.000,4.727,-42.268,1.054
146.994,0.000,-49.981,0.000,4.973,-44.265,2.304
147.001,0.000,-47.597,0.000,5.018,-46.173,1.982
147.007,0.000,-47.597,0.000,3.732,-45.773,0.486
147.012,0.000,-47.597,0.000,5.825,-46.830,-1.389
147.019,0.000,-47.597,0.000,4.295,-44.694,-1.173
147.024,0.000,-45.869,0.000,3.814,-45.468,-2.204
147.029,0.000,-45.869,0.000,3.064,-43.768,-2.295
147.034,0.000,-43.641,0.000,2.322,-41.243,-3.192
147.041,0.000,-43.641,0.000,2.233,-44.541,-1.677
147.046,0.000,-43.641,0.000,1.939,-43.669,-2.430
147.051,0.000,-43.641,0.000,0.543,-40.988,-1.532
147.057,0.000,-29.896,0.000,1.016,-42.284,-1.476
147.064,-0.148,-26.025,0.000,0.616,-47.837,-0.932
147.071,-0.148,-23.206,0.000,0.389,-48.851,-0.336
147.077,-0.446,-22.538,0.000,-0.051,-48.647,-0.705
147.083,-0.446,-22.538,0.000,0.674,-52.037,-1.445
147.088,-0.446,-22.538,0.000,1.128,-54.367,-1.925
147.094,-0.446,-22.538,0.000,0.820,-55.584,-2.566
147.100,-2.247,-18.231,0.000,0.612,-56.193,-4.294
147.105,-2.247,-18.231,0.000,-0.052,-54.675,-5.366
147.111,-3.796,-16.302,0.000,-1.529,-53.196,-4.511
147.117,-4.597,-15.776,0.000,-3.237,-51.659,-5.298
147.123,-4.597,-15.776,0.000,-5.916,-49.711,-4.220
147.128,-4.597,-15.776,0.000,-7.639,-47.258,-3.814
147.134,-7.333,-10.849,0.000,-9.780,-44.551,-3.289
147.139,-7.333,-10.849,0.000,-10.972,-41.515,-3.068
147.144,-7.333,-10.849,0.000,-12.772,-38.381,-2.443
147.150,-12.379,-6.620,0.000,-14.228,-35.976,-1.566
147.156,-12.607,-6.620,0.000,-14.382,-35.471,-1.355
147.161,-12.607,-6.620,0.000,-13.728,-33.505,-1.615
147.167,-12.607,-6.620,0.000,-13.464,-30.136,-1.380
147.173,-21.561,-3.481,0.000,-14.486,-26.998,-0.796
147.178,-21.561,-3.481,0.000,-13.912,-24.203,-0.859
147.184,-28.693,-1.341,0.000,-12.875,-21.178,-1.317
147.190,-28.693,-1.341,0.000,-12.750,-18.680,-1.358
147.195,-34.188,-1.042,0.000,-11.995,-17.346,-1.451
147.201,-34.188,-1.042,0.000,-10.857,-15.575,-0.433
147.207,-40.977,-0.744,0.000,-10.484,-13.685,0.010
147.212,-40.977,-0.744,0.000,-10.611,-13.547,-0.391
147.218,-40.977,-0.744,0.000,-11.155,-12.278,-0.661
147.224,-40.977,-0.744,0.000,-11.218,-12.374,-0.285
147.229,-40.977,-0.744,0.000,-12.259,-11.574,-1.897
147.235,-48.185,-0.297,0.000,-13.607,-10.855,-2.583
147.240,-48.185,-0.297,0.000,-13.817,-11.675,-2.105
147.246,-47.597,-0.297,0.000,-14.318,-14.084,-1.505
147.251,-47.597,-0.297,0.000,-16.099,-16.877,-2.598
147.256,-47.597,-0.297,0.000,-17.041,-19.521,-1.360
147.262,-47.597,-0.297,0.000,-18.671,-19.409,-1.289
147.267,-47.597,-0.297,0.000,-20.619,-19.583,-1.052
147.272,-46.439,-0.148,0.000,-22.043,-18.832,-0.353
147.279,-46.439,-0.148,0.000,-24.497,-21.549,-1.898
147.284,-45.869,0.000,0.000,-25.730,-21.233,-0.937
147.289,-45.869,0.000,0.000,-26.851,-19.161,0.521
147.296,-45.304,0.148,0.000,-27.195,-20.627,0.756
147.301,-45.304,0.148,0.000,-29.315,-19.629,0.031
147.306,-45.304,0.148,0.000,-30.280,-16.033,0.008
147.311,-43.098,1.492,0.000,-31.485,-14.129,0.894
147.317,-42.560,2.552,0.000,-31.944,-12.485,1.498
147.323,-40.460,3.638,0.000,-31.751,-11.658,2.971
147.328,-40.460,3.638,0.000,-33.787,-9.317,3.366
147.334,-39.948,3.638,0.000,-34.414,-6.853,2.621
147.340,-39.948,3.638,0.000,-35.236,-4.326,1.776
147.345,-40.460,4.597,0.000,-36.786,-1.412,1.490
147.351,-40.460,4.597,0.000,-38.612,0.681,0.853
147.357,-39.948,5.088,0.000,-39.295,1.899,-0.454
147.362,-40.460,5.928,0.000,-40.617,3.589,-0.754
147.368,-40.460,5.928,0.000,-41.625,4.229,-0.037
147.374,-40.460,7.153,0.000,-42.210,4.355,-0.183
147.379,-40.460,7.153,0.000,-42.972,2.946,-0.435
147.385,-39.948,7.515,0.000,-43.130,3.251,0.181
147.391,-39.948,7.515,0.000,-43.907,2.357,-0.237
147.397,-39.948,7.515,0.000,-45.096,3.122,-0.419
147.402,-39.948,7.515,0.000,-44.879,3.865,-2.690
147.408,-36.981,7.153,0.000,-45.068,4.412,-3.908
147.414,-36.981,7.153,0.000,-44.810,7.144,-4.791
147.419,-35.563,7.333,0.000,-44.662,7.129,-4.617
147.425,-35.563,7.333,0.000,-44.129,9.006,-4.164
147.431,-31.560,6.974,0.000,-44.605,11.819,-4.093
147.437,-31.560,6.974,0.000,-45.295,14.195,-3.251
147.442,-31.560,6.974,0.000,-46.503,18.137,-3.626
147.448,-28.300,6.796,0.000,-46.998,22.171,-4.867
147.454,-28.300,6.796,0.000,-46.937,28.574,-5.010
147.459,-28.300,6.796,0.000,-47.816,33.383,-5.535
147.465,-28.300,6.796,0.000,-47.577,37.113,-5.576
147.471,-28.300,6.796,0.000,-46.393,40.373,-5.836
147.477,-28.300,6.796,0.000,-46.419,43.848,-5.351
147.482,-28.300,6.796,0.000,-46.255,44.912,-4.015
147.488,-27.911,6.620,0.000,-46.696,47.934,-4.560
147.494,-27.911,6.620,0.000,-44.460,49.590,-4.562
147.499,-27.911,6.620,0.000,-45.006,50.167,-3.452
147.505,-27.911,6.620,0.000,-45.132,48.649,-1.871
147.511,-27.911,6.620,0.000,-44.559,46.570,-0.509
147.517,-27.911,6.620,0.000,-44.762,44.001,0.062
147.522,-27.911,6.620,0.000,-44.400,39.243,0.631
147.528,-27.911,6.620,0.000,-43.680,35.433,1.652
147.534,-27.911,6.620,0.000,-43.883,32.651,2.982
147.539,-24.586,6.099,0.000,-43.246,31.466,2.085
147.545,-24.586,6.099,0.000,-42.487,30.038,1.484
147.551,-24.586,6.099,0.000,-40.814,28.320,1.894
147.557,-20.305,6.272,0.000,-40.065,26.390,1.079
147.562,-17.111,6.272,0.000,-38.440,25.573,1.875
147.568,-17.111,6.272,0.000,-36.939,25.483,1.653
147.574,-17.111,6.272,0.000,-35.289,26.518,2.213
147.580,-13.068,6.445,0.000,-34.370,25.545,2.461
147.585,-12.154,6.445,0.000,-32.380,25.361,1.101
147.591,-12.154,6.445,0.000,-30.617,24.857,1.626
147.597,-11.711,6.796,0.000,-29.206,24.848,1.538
147.602,-10.430,7.153,0.000,-28.487,24.584,1.265
147.608,-10.430,7.153,0.000,-27.442,25.318,0.196
147.614,-10.430,7.153,0.000,-27.587,26.492,-0.376
147.619,-10.430,7.153,0.000,-27.369,26.644,0.411
147.625,-9.615,7.515,0.000,-27.308,27.061,-1.186
147.631,-9.615,7.515,0.000,-27.909,29.308,-1.994
147.637,-9.615,7.515,0.000,-27.489,29.686,-0.575
147.642,-9.615,7.515,0.000,-26.071,29.557,-0.683
147.648,-9.615,7.515,0.000,-25.977,30.603,-1.248
147.654,-6.272,7.153,0.000,-25.868,30.606,-1.246
147.659,-6.272,7.153,0.000,-25.915,31.828,-1.269
147.665,-5.254,6.445,0.000,-25.857,32.979,-0.926
147.671,-5.254,6.445,0.000,-25.829,33.542,-0.807
147.676,-3.481,5.758,0.000,-25.426,34.983,-0.675
147.682,-3.481,5.758,0.000,-25.433,39.898,-0.434
147.688,-2.399,5.088,0.000,-26.143,41.699,-0.747
147.693,-2.399,5.088,0.000,-24.593,42.786,0.252
147.698,-2.399,5.088,0.000,-23.696,46.232,0.774
147.704,-1.192,4.274,0.000,-23.605,49.207,0.372
147.709,-1.042,4.274,0.000,-23.968,52.234,0.258
147.715,-1.042,4.274,0.000,-24.160,56.103,1.500
147.721,-1.042,4.274,0.000,-23.474,59.568,1.107
147.726,-1.192,4.274,0.000,-22.724,61.666,1.849
147.731,-1.192,4.274,0.000,-21.722,63.454,2.000
147.737,-1.192,4.274,0.000,-21.683,67.293,0.798
147.742,-1.192,4.114,0.000,-21.907,69.597,0.233
147.748,-1.192,4.114,0.000,-22.101,71.448,0.963
147.753,-1.192,4.114,0.000,-20.999,71.603,2.045
147.758,-1.192,4.114,0.000,-20.735,73.803,1.985
147.764,-1.192,4.597,-11.000,-20.449,74.547,1.023
147.769,-1.192,4.597,-11.000,-20.490,72.053,1.453
147.775,-1.192,4.597,-11.000,-19.395,68.471,0.816
147.780,-1.192,4.597,-11.000,-18.226,62.924,0.713
147.785,-1.192,4.597,-11.000,-17.797,60.897,-0.724
147.791,-1.192,4.597,-11.000,-17.963,57.666,-1.513
147.796,-1.192,4.597,-11.000,-18.088,54.983,-2.768
147.802,-2.095,6.974,-21.000,-17.799,49.873,-2.889
147.807,-2.552,7.515,-24.000,-17.329,47.529,-3.672
147.813,-2.552,7.515,-24.000,-15.822,44.351,-4.693
147.819,-2.552,7.515,-24.000,-15.280,43.178,-6.503
147.824,-3.014,7.698,-27.000,-14.757,43.489,-7.576
147.830,-3.014,7.698,-27.000,-14.433,44.445,-8.346
147.836,-3.014,7.698,-27.000,-13.868,46.690,-9.527
147.841,-3.014,7.698,-27.000,-12.665,48.781,-10.579
147.847,-3.014,7.698,-27.000,-11.740,51.806,-12.047
147.852,-3.014,7.698,-27.000,-10.871,53.539,-12.437
147.858,-3.014,7.698,-27.000,-9.997,55.743,-13.006
147.864,-3.014,7.698,-27.000,-8.066,56.970,-14.688
147.869,-3.014,7.698,-27.000,-8.056,58.344,-16.979
147.875,-3.014,7.698,-27.000,-7.206,60.257,-16.519
147.881,-3.014,7.698,-27.000,-8.561,62.251,-17.156
147.886,-3.014,7.698,-27.000,-8.024,62.388,-17.750
147.892,-3.014,7.698,-27.000,-7.395,62.150,-18.646
147.898,-3.014,7.698,-27.000,-7.652,61.649,-21.232
147.903,-3.014,7.698,-27.000,-7.896,61.867,-21.685
147.909,-3.014,7.698,-27.000,-9.104,61.981,-22.919
147.914,-3.014,7.698,-27.000,-8.385,63.219,-25.361
147.920,-0.744,6.620,-26.000,-7.539,63.035,-27.435
147.926,-0.744,6.620,-26.000,-6.600,64.177,-28.305
147.932,-0.744,6.620,-26.000,-5.983,66.806,-30.119
147.937,-0.744,6.620,-26.000,-5.070,70.007,-31.718
147.943,-0.744,6.620,-26.000,-3.858,72.154,-34.635
147.949,-0.297,5.254,-23.000,-1.430,72.310,-35.717
147.954,-0.148,4.435,-23.000,-0.442,73.861,-36.073
147.959,-0.148,4.435,-23.000,1.866,74.621,-38.298
147.964,-0.148,4.435,-23.000,2.296,75.858,-40.311
147.969,0.000,3.638,-22.000,4.185,77.251,-42.170
147.976,0.000,3.638,-22.000,4.316,78.711,-41.347
147.981,0.000,3.481,-21.000,5.303,77.191,-41.985
147.986,0.000,3.481,-21.000,5.875,79.506,-42.482
147.993,0.000,3.014,-20.000,5.896,79.440,-43.030
147.999,0.000,3.014,-20.000,9.968,75.253,-41.282
148.006,0.000,3.481,-19.000,9.690,75.136,-40.684
148.013,0.000,3.481,-19.000,9.668,73.085,-39.310
148.018,0.000,3.481,-19.000,10.775,70.233,-37.439
148.025,0.000,3.481,-19.000,11.475,71.656,-36.351
148.030,0.000,3.481,-19.000,10.830,73.834,-34.883
148.036,0.000,0.893,-17.000,10.080,72.222,-33.112
148.043,0.000,0.893,-17.000,12.167,68.400,-32.378
148.049,0.000,0.148,-13.000,12.920,64.254,-31.046
148.055,0.000,0.000,-11.000,11.703,60.808,-30.582
148.060,0.000,0.000,-11.000,12.140,58.787,-28.011
148.066,0.000,0.000,-11.000,12.039,57.149,-25.974
148.073,0.297,-0.297,-12.000,12.109,59.186,-24.836
148.078,0.446,-0.297,-12.000,11.373,56.578,-22.203
148.083,0.446,-0.297,-12.000,11.979,57.165,-20.204
148.088,0.446,-0.297,-12.000,12.021,58.326,-19.104
148.094,0.595,-0.297,-10.000,10.991,59.967,-18.578
148.099,0.595,-0.297,-10.000,10.237,60.988,-17.474
148.104,0.595,-0.297,-10.000,10.143,64.182,-16.400
148.109,0.595,-0.297,-10.000,9.631,72.273,-15.696
148.114,0.595,-0.297,-10.000,9.279,78.402,-14.411
148.119,2.706,-0.595,-1.000,11.102,82.203,-14.593
148.124,2.706,-0.595,-1.000,11.505,85.501,-12.985
148.130,2.706,-0.595,-1.000,12.233,89.032,-12.868
148.135,5.421,-1.793,0.000,12.361,91.127,-11.740
148.141,5.421,-1.793,0.000,12.198,93.213,-10.907
148.147,5.421,-1.793,0.000,13.286,92.156,-8.729
148.152,5.421,-1.793,0.000,14.985,90.338,-6.490
148.158,8.828,-4.114,0.000,16.494,89.738,-5.217
148.164,9.615,-4.597,0.000,17.173,88.136,-5.323
148.169,11.276,-6.796,0.000,16.520,87.457,-5.391
148.175,11.276,-6.796,0.000,16.152,84.577,-4.441
148.181,13.302,-7.153,0.000,16.304,81.088,-2.847
148.186,13.302,-7.153,0.000,16.575,77.223,-2.240
148.192,17.111,-9.615,0.000,16.454,75.096,-1.003
148.198,17.111,-9.615,0.000,15.102,74.150,-1.103
148.203,18.231,-14.018,0.000,14.970,71.859,0.444
148.209,18.231,-14.018,0.000,13.025,72.359,0.737
148.215,18.231,-14.018,0.000,11.556,71.368,2.460
148.220,18.231,-14.018,0.000,9.887,69.212,3.626
148.226,23.889,-15.261,0.000,9.725,65.267,4.664
148.232,23.889,-15.261,0.000,9.311,61.258,6.101
148.238,23.889,-15.261,0.000,9.563,58.427,7.767
148.243,23.889,-15.261,0.000,9.841,54.687,9.801
148.249,23.889,-15.261,0.000,11.148,50.766,10.964
148.255,23.889,-15.261,0.000,12.184,48.372,11.864
148.260,23.889,-15.261,0.000,13.979,46.231,12.644
148.266,23.889,-15.261,0.000,15.167,45.950,12.673
148.272,23.889,-15.261,0.000,16.085,46.749,12.489
148.278,23.889,-15.261,0.000,18.918,47.348,11.856
148.283,23.889,-15.261,0.000,21.246,46.374,13.789
148.289,33.294,-20.927,0.000,23.230,46.728,14.052
148.295,33.294,-20.927,0.000,25.534,48.405,15.411
148.300,37.463,-22.870,0.000,28.152,50.349,15.837
148.306,37.463,-22.870,0.000,31.789,52.130,15.732
148.312,43.641,-24.236,0.000,33.666,54.025,14.364
148.317,43.641,-24.236,0.000,35.274,55.970,14.472
148.323,48.185,-25.660,0.000,36.760,57.636,12.736
148.329,48.185,-25.660,0.000,38.639,58.278,12.222
148.335,51.208,-27.911,0.000,39.173,59.969,10.871
148.340,51.208,-27.911,0.000,39.809,61.788,9.347
148.346,56.356,-34.188,0.000,40.964,62.397,8.197
148.352,56.356,-34.188,0.000,42.606,62.462,7.770
148.357,58.389,-35.563,0.000,43.781,62.635,6.461
148.363,63.359,-38.939,0.000,46.474,60.721,6.873
148.369,63.359,-38.939,0.000,48.492,59.534,7.682
148.375,65.589,-39.441,0.000,50.876,56.133,8.209
148.380,65.589,-39.441,0.000,53.242,53.828,8.605
148.386,69.444,-40.977,0.000,54.401,48.328,9.602
148.392,69.444,-40.977,0.000,55.300,42.988,9.121
148.398,70.236,-39.948,0.000,57.517,40.053,9.780
148.403,70.236,-39.948,0.000,58.152,35.957,9.996
148.409,70.236,-38.939,0.000,59.797,31.088,9.604
148.415,70.236,-38.939,0.000,63.140,25.905,9.310
148.420,70.236,-38.442,0.000,64.603,22.445,9.070
148.426,70.236,-40.460,0.000,67.183,19.448,9.259
148.432,71.036,-39.948,0.000,68.475,18.123,9.831
148.437,71.036,-39.948,0.000,70.465,16.948,9.105
148.443,71.036,-39.948,0.000,73.378,16.268,10.470
148.449,71.842,-44.190,0.000,75.505,14.980,10.277
148.454,71.036,-43.641,0.000,77.948,13.005,10.630
148.460,71.036,-43.641,0.000,80.446,10.680,11.049
148.466,71.036,-43.641,0.000,82.258,8.446,10.647
148.472,71.036,-43.641,0.000,84.351,8.639,10.036
148.477,71.036,-43.641,0.000,86.489,9.627,8.979
148.483,71.036,-43.641,0.000,87.662,9.621,7.795
148.489,70.236,-48.185,0.000,87.776,10.674,6.035
148.494,70.236,-48.185,0.000,87.715,11.801,4.739
148.500,58.389,-48.778,0.000,88.514,10.476,4.261
148.506,58.389,-48.778,0.000,89.107,9.414,3.439
148.512,51.831,-50.592,0.000,90.788,8.540,2.963
148.517,51.831,-50.592,0.000,93.340,7.129,3.389
148.523,35.563,-49.981,0.000,93.313,6.094,2.111
148.529,35.563,-49.981,0.000,94.007,5.851,1.615
148.534,32.418,-49.981,0.000,93.892,5.489,0.287
148.540,32.418,-49.981,0.000,94.961,3.276,-0.961
148.546,32.418,-49.981,0.000,94.448,0.546,-2.185
148.551,25.298,-51.831,0.000,94.247,-1.479,-2.003
148.557,25.298,-51.831,0.000,93.409,-4.039,-1.141
148.563,25.298,-51.831,0.000,92.541,-6.156,-2.187
148.569,25.298,-51.831,0.000,90.991,-6.667,-2.001
148.574,25.298,-51.831,0.000,89.568,-8.502,-0.904
148.580,25.298,-51.831,0.000,88.324,-9.776,-0.660
148.586,13.068,-70.236,0.000,87.453,-11.412,-0.147
148.591,13.068,-70.236,0.000,87.440,-13.245,-0.142
148.597,13.068,-70.236,0.000,86.614,-17.851,0.260
148.603,13.068,-70.236,0.000,84.793,-21.255,1.957
148.608,8.256,-106.108,0.000,82.662,-22.827,1.612
148.614,8.256,-106.108,0.000,80.737,-24.844,1.454
148.620,8.068,-110.602,0.000,77.369,-27.289,2.259
148.625,8.068,-110.602,0.000,75.303,-27.497,3.266
148.631,8.068,-110.602,0.000,73.734,-28.682,3.465
148.637,8.068,-110.602,0.000,72.484,-30.650,3.501
148.643,8.068,-110.602,0.000,73.398,-32.486,4.300
148.648,8.445,-161.307,0.000,74.495,-32.999,3.391
148.654,8.445,-161.307,0.000,73.207,-35.827,3.610
148.660,8.445,-161.307,0.000,71.963,-38.395,2.588
148.665,8.445,-161.307,0.000,71.566,-42.154,2.411
148.671,8.068,-169.163,0.000,70.096,-47.196,2.820
148.677,8.068,-169.163,0.000,67.562,-52.389,2.663
148.682,8.068,-169.163,0.000,64.692,-55.761,2.210
148.688,8.068,-169.163,0.000,63.872,-58.794,3.742
148.694,5.589,-178.988,0.000,63.090,-63.458,3.207
148.700,5.589,-178.988,0.000,62.838,-67.406,3.195
148.705,5.589,-178.988,0.000,62.392,-72.790,3.904
148.711,5.589,-178.988,0.000,60.527,-77.449,3.161
148.716,0.446,-189.263,0.000,60.062,-83.531,2.346
148.722,0.446,-189.263,0.000,58.527,-88.943,1.836
148.728,0.446,-189.263,0.000,56.471,-93.988,0.433
148.733,0.000,-209.315,0.000,55.107,-99.238,0.175
148.740,0.000,-209.315,0.000,55.109,-103.018,-0.061
148.747,0.000,-209.315,0.000,54.339,-104.700,0.778
148.753,0.000,-209.315,0.000,53.996,-108.029,0.363
148.760,0.000,-241.463,0.000,52.643,-108.487,-0.795
148.765,0.000,-237.243,0.000,52.243,-110.025,-0.625
148.770,0.000,-243.596,0.000,51.085,-112.440,-1.531
148.777,0.000,-243.596,0.000,50.709,-113.002,-4.221
148.783,0.000,-250.084,0.000,50.123,-115.625,-5.457
148.788,0.000,-250.084,0.000,49.568,-117.183,-5.746
148.794,0.000,-247.906,0.000,50.302,-120.236,-5.870
148.799,0.000,-247.906,0.000,50.747,-122.619,-6.415
148.804,0.000,-254.485,0.000,50.746,-124.815,-6.202
148.809,0.000,-254.485,0.000,51.850,-126.239,-5.278
148.814,0.000,-254.485,0.000,52.975,-131.010,-4.140
148.819,0.000,-261.203,0.000,51.064,-133.554,-3.601
148.824,0.000,-261.203,0.000,48.125,-137.334,-3.743
148.831,0.000,-261.203,0.000,47.067,-143.540,-3.679
148.836,0.000,-289.501,0.000,45.574,-145.738,-2.585
148.841,0.000,-296.944,0.000,43.728,-149.484,-2.206
148.846,0.000,-296.944,0.000,41.862,-155.783,-2.800
148.851,0.000,-296.944,0.000,39.416,-161.503,-3.659
148.856,0.000,-299.458,0.000,39.267,-166.694,-4.548
148.861,0.000,-299.458,0.000,37.564,-167.558,-7.128
148.866,0.000,-299.458,0.000,37.181,-168.778,-7.871
148.871,0.000,-291.965,0.000,35.123,-170.186,-7.777
148.878,0.000,-279.810,0.000,33.949,-176.522,-8.140
148.883,0.000,-279.810,0.000,33.406,-181.280,-8.773
148.888,0.000,-279.810,0.000,32.355,-183.834,-7.916
148.893,0.000,-279.810,0.000,31.819,-183.969,-7.556
148.898,0.000,-279.810,0.000,30.162,-184.096,-8.087
148.903,0.000,-279.810,0.000,28.519,-185.405,-8.586
148.908,0.000,-258.948,0.000,26.172,-187.923,-8.662
148.913,0.000,-258.948,0.000,25.546,-191.290,-10.115
148.918,0.000,-258.948,0.000,25.817,-195.524,-9.745
148.923,0.000,-258.948,0.000,26.454,-198.056,-10.170
148.928,0.000,-258.948,0.000,26.593,-201.659,-9.893
148.933,0.000,-250.084,0.000,25.064,-206.171,-8.151
148.938,0.000,-250.084,0.000,23.147,-210.975,-7.717
148.943,0.000,-250.084,0.000,21.604,-212.027,-6.404
148.948,-0.297,-228.978,0.000,20.228,-211.763,-5.992
148.954,-0.297,-228.978,0.000,17.646,-210.536,-5.342
148.959,-0.595,-217.011,0.000,16.856,-208.610,-5.038
148.965,-0.595,-217.011,0.000,16.816,-206.641,-4.729
148.970,-2.859,-185.787,0.000,14.410,-202.379,-4.123
148.976,-2.859,-185.787,0.000,13.626,-199.366,-3.317
148.981,-2.859,-185.787,0.000,12.302,-197.187,-1.971
148.987,-4.924,-159.771,0.000,12.668,-197.145,-1.791
148.992,-4.924,-159.771,0.000,13.205,-197.423,-1.642
148.998,-4.924,-159.771,0.000,12.671,-196.210,-0.873
149.003,-4.924,-159.771,0.000,11.092,-194.621,0.598
149.009,-10.019,-111.748,0.000,11.112,-194.507,1.542
149.014,-10.019,-111.748,0.000,11.825,-193.660,2.489
149.020,-10.019,-111.748,0.000,11.305,-191.598,0.912
149.026,-10.019,-111.748,0.000,10.375,-189.510,0.109
149.031,-22.870,-71.036,0.000,9.236,-186.767,1.334
149.037,-22.870,-71.036,0.000,8.308,-184.086,0.731
149.043,-26.025,-62.629,0.000,7.407,-179.429,0.963
149.049,-37.950,-49.377,0.000,6.398,-175.593,-0.796
149.054,-37.950,-49.377,0.000,4.160,-170.719,-0.676
149.060,-37.950,-49.377,0.000,2.564,-167.320,-0.098
149.066,-54.380,-42.027,0.000,1.820,-162.040,0.023
149.072,-64.096,-26.395,0.000,1.530,-157.670,-0.506
149.077,-71.036,-22.870,0.000,0.910,-152.987,-0.675
149.083,-71.036,-22.870,0.000,-0.552,-148.649,-1.503
149.089,-71.036,-22.870,0.000,-2.003,-144.170,-2.389
149.095,-106.108,-12.154,0.000,-4.943,-136.724,-3.925
149.100,-106.108,-12.154,0.000,-7.116,-130.998,-5.199
149.106,-106.108,-12.154,0.000,-11.752,-124.783,-4.116
149.112,-132.732,-6.272,0.000,-15.888,-119.112,-4.362
149.117,-138.096,-5.254,0.000,-19.680,-115.302,-4.167
149.123,-138.096,-5.254,0.000,-25.050,-110.659,-4.545
149.129,-147.899,-1.793,0.000,-28.280,-109.735,-3.562
149.135,-152.266,-1.042,0.000,-30.437,-109.229,-2.206
149.140,-152.266,-1.042,0.000,-33.214,-108.061,-1.366
149.146,-152.266,-1.042,0.000,-37.494,-105.719,-0.691
149.151,-162.854,-0.297,0.000,-42.763,-102.999,0.726
149.157,-164.414,-0.297,0.000,-47.535,-101.434,1.325
149.162,-164.414,-0.297,0.000,-52.572,-97.114,1.885
149.168,-164.414,-0.297,0.000,-58.510,-90.385,1.523
149.173,-152.266,-0.148,0.000,-65.799,-83.605,1.783
149.180,-147.899,0.000,0.000,-70.619,-77.692,1.469
149.187,-147.899,0.000,0.000,-76.541,-72.639,1.849
149.193,-147.899,0.000,0.000,-84.633,-64.893,0.556
149.200,-147.899,0.000,0.000,-89.240,-62.244,0.472
149.207,-147.899,0.000,0.000,-96.084,-55.689,0.595
149.212,-139.464,5.928,0.000,-100.195,-53.860,-1.564
149.218,-136.739,7.153,0.000,-103.942,-52.144,-3.451
149.224,-123.743,9.615,0.000,-107.813,-48.840,-3.976
149.229,-123.743,9.615,0.000,-110.931,-46.733,-4.658
149.235,-121.266,9.218,0.000,-114.063,-43.515,-4.875
149.241,-121.266,9.218,0.000,-116.584,-41.394,-5.923
149.246,-121.266,9.218,0.000,-118.047,-39.009,-6.938
149.252,-116.430,13.068,0.000,-118.936,-36.652,-5.804
149.258,-116.430,14.756,0.000,-119.878,-34.765,-6.009
149.263,-116.430,14.756,0.000,-121.114,-32.613,-5.926
149.269,-116.430,14.756,0.000,-122.064,-31.161,-5.647
149.275,-116.430,18.518,0.000,-123.035,-27.981,-5.068
149.281,-116.430,19.101,0.000,-124.847,-25.699,-4.543
149.286,-115.245,23.206,0.000,-125.519,-22.285,-4.415
149.292,-115.245,23.206,0.000,-126.256,-19.241,-3.786
149.298,-111.748,25.298,0.000,-125.359,-16.505,-2.844
149.304,-111.748,25.298,0.000,-125.301,-13.919,-2.356
149.309,-101.762,32.854,0.000,-124.239,-11.020,-1.358
149.315,-101.762,32.854,0.000,-124.808,-7.796,-0.738
149.321,-96.529,34.642,0.000,-125.278,-4.197,-1.149
149.326,-96.529,34.642,0.000,-125.791,-0.853,-0.986
149.332,-83.919,34.188,0.000,-125.670,2.509,-0.727
149.338,-83.919,34.188,0.000,-124.217,4.649,-0.922
149.344,-83.919,34.188,0.000,-123.480,7.819,-0.757
149.349,-83.919,34.188,0.000,-122.074,11.150,-3.270
149.355,-67.881,30.720,0.000,-121.012,13.793,-2.944
149.361,-67.881,30.720,0.000,-120.672,15.640,-2.854
149.366,-59.080,27.911,0.000,-119.598,16.354,-2.222
149.372,-59.080,27.911,0.000,-118.152,18.789,-2.116
149.378,-53.093,23.546,0.000,-118.649,21.803,-2.755
149.383,-53.093,23.546,0.000,-118.110,25.650,-2.279
149.389,-48.778,23.206,0.000,-118.330,29.531,-1.241
149.395,-48.778,23.206,0.000,-118.539,32.355,0.201
149.401,-38.442,20.927,0.000,-119.370,35.491,0.698
149.406,-38.442,20.927,0.000,-118.100,37.309,1.242
149.412,-38.442,20.927,0.000,-117.865,40.123,1.028
149.418,-33.739,20.305,0.000,-116.437,43.424,0.709
149.424,-33.739,20.305,0.000,-115.472,45.653,2.298
149.429,-31.138,19.398,0.000,-115.106,46.914,3.227
149.435,-31.138,19.398,0.000,-114.744,47.089,4.104
149.441,-24.586,16.569,0.000,-113.048,48.344,4.187
149.447,-24.586,16.569,0.000,-110.288,50.459,4.181
149.452,-24.586,16.569,0.000,-107.980,52.857,5.066
149.458,-16.038,8.636,0.000,-105.255,55.279,5.338
149.464,-12.607,5.928,0.000,-103.297,55.783,5.288
149.469,-12.607,5.928,0.000,-101.586,55.680,5.680
149.475,-8.828,2.552,0.000,-99.702,56.722,5.449
149.481,-7.153,1.042,0.000,-98.116,59.366,4.045
149.487,-6.620,0.446,0.000,-96.134,61.971,3.117
149.492,-6.620,0.446,0.000,-96.476,63.805,3.457
149.497,-5.254,0.000,0.000,-96.554,63.361,4.106
149.502,-5.088,0.000,0.000,-94.994,61.280,3.821
149.508,-5.088,0.000,0.000,-94.311,57.242,3.052
149.513,-5.088,0.000,0.000,-92.469,52.694,0.440
149.519,-4.435,0.000,0.000,-91.937,50.095,-0.227
149.526,-4.435,0.000,0.000,-90.836,46.506,0.678
149.533,-4.435,0.000,0.000,-87.215,43.405,1.359
149.539,-3.169,-0.148,0.000,-86.860,43.279,1.136
149.544,-3.169,-0.148,0.000,-85.602,40.724,0.423
149.551,-3.169,-0.148,0.000,-83.459,42.368,0.464
149.558,-0.148,-0.297,0.000,-81.604,43.043,-0.853
149.564,-0.148,-0.297,0.000,-79.744,41.916,-1.884
149.570,0.000,-0.297,0.000,-78.312,43.402,-2.074
149.577,0.000,-0.297,0.000,-75.212,43.625,-1.620
149.583,0.000,-0.297,0.000,-70.944,40.494,-0.942
149.589,0.000,-0.297,0.000,-68.710,39.382,-1.164
149.595,0.000,-0.297,0.000,-66.093,39.286,-0.855
149.602,0.000,-0.297,0.000,-65.864,39.233,-1.176
149.608,0.000,-0.297,0.000,-64.851,40.029,-0.997
149.614,0.000,-0.297,1.000,-64.503,41.539,-0.272
149.620,0.000,-0.297,1.000,-62.866,44.860,-1.165
149.627,0.000,-0.297,1.000,-59.478,47.512,-0.028
149.633,0.000,-0.297,1.000,-49.762,51.323,-1.641
149.638,0.000,-0.297,1.000,-49.762,51.323,-1.641
149.643,0.000,-0.297,1.000,-49.762,51.323,-1.641
149.649,0.000,-0.297,1.000,-49.762,51.323,-1.641
149.654,0.000,-0.297,1.000,-49.762,51.323,-1.641
149.659,0.000,-0.297,1.000,-49.762,51.323,-1.641
149.664,0.000,-0.297,1.000,-49.762,51.323,-1.641
149.670,0.000,-0.297,1.000,-49.762,51.323,-1.641
149.675,0.000,-0.297,1.000,-49.762,51.323,-1.641
149.680,0.000,-0.297,1.000,-49.762,51.323,-1.641
149.685,0.000,-0.297,1.000,-49.762,51.323,-1.641
149.691,0.000,-0.297,1.000,-49.762,51.323,-1.641
149.696,0.000,-0.297,1.000,-49.762,51.323,-1.641
149.701,0.000,-0.297,1.000,-49.762,51.323,-1.641
149.706,0.000,-0.297,1.000,-49.762,51.323,-1.641
149.712,0.000,-0.297,1.000,-49.762,51.323,-1.641
149.717,0.000,-0.297,1.000,-49.762,51.323,-1.641
149.722,0.000,-0.297,1.000,-49.762,51.323,-1.641
149.728,0.000,-0.297,1.000,-49.762,51.323,-1.641
149.733,0.000,-0.297,1.000,-49.762,51.323,-1.641
149.738,0.000,-0.297,1.000,-49.762,51.323,-1.641
149.744,0.000,-0.297,1.000,-49.762,51.323,-1.641
149.749,0.000,-0.297,1.000,-49.762,51.323,-1.641
149.754,0.000,-0.297,1.000,-49.762,51.323,-1.641
149.760,0.000,-0.297,1.000,-49.762,51.323,-1.641
149.765,0.000,-0.297,1.000,-49.762,51.323,-1.641
149.770,0.000,-0.297,1.000,-49.762,51.323,-1.641
149.776,0.000,-0.297,1.000,-49.762,51.323,-1.641
149.781,0.000,-0.297,1.000,-49.762,51.323,-1.641
149.786,0.000,-0.297,1.000,-49.762,51.323,-1.641
149.792,0.000,-0.297,1.000,-49.762,51.323,-1.641
149.797,0.000,-0.297,1.000,-49.762,51.323,-1.641
149.802,0.000,-0.297,1.000,-49.762,51.323,-1.641
149.807,0.000,-0.297,1.000,-49.762,51.323,-1.641
149.812,0.000,-0.297,1.000,-49.762,51.323,-1.641
149.818,0.000,-0.297,1.000,-49.762,51.323,-1.641
149.823,0.000,-0.297,1.000,-49.762,51.323,-1.641
149.828,0.000,-0.297,1.000,-49.762,51.323,-1.641
149.833,0.000,-0.297,1.000,-49.762,51.323,-1.641
149.838,0.000,-0.297,1.000,-49.762,51.323,-1.641
149.843,0.000,-0.297,1.000,-49.762,51.323,-1.641
149.849,0.000,-0.297,1.000,-49.762,51.323,-1.641
149.854,0.000,-0.297,1.000,-49.762,51.323,-1.641
149.859,0.000,-0.297,1.000,-49.762,51.323,-1.641
149.864,0.000,-0.297,1.000,-49.762,51.323,-1.641
149.869,0.000,-0.297,1.000,-49.762,51.323,-1.641
149.875,0.000,-0.297,1.000,-49.762,51.323,-1.641
149.880,0.000,-0.297,1.000,-49.762,51.323,-1.641
149.885,0.000,-0.297,1.000,-49.762,51.323,-1.641
149.890,0.000,-0.297,1.000,-49.762,51.323,-1.641
149.895,0.000,-0.297,1.000,-49.762,51.323,-1.641
149.900,0.000,-0.297,1.000,-49.762,51.323,-1.641
149.905,0.000,-0.297,1.000,-49.762,51.323,-1.641
149.910,0.000,-0.297,1.000,-49.762,51.323,-1.641
149.915,0.000,-0.297,1.000,-49.762,51.323,-1.641
149.921,0.000,-0.297,1.000,-49.762,51.323,-1.641
149.926,0.000,-0.297,1.000,-49.762,51.323,-1.641
149.931,0.000,-0.297,1.000,-49.762,51.323,-1.641
149.936,0.000,-0.297,1.000,-49.762,51.323,-1.641
149.941,0.000,-0.297,1.000,-49.762,51.323,-1.641
149.946,0.000,-0.297,1.000,-49.762,51.323,-1.641
149.951,0.000,-0.297,1.000,-49.762,51.323,-1.641
149.956,0.000,-0.297,1.000,-49.762,51.323,-1.641
149.961,0.000,-0.297,1.000,-49.762,51.323,-1.641
149.967,0.000,-0.297,1.000,-49.762,51.323,-1.641
149.972,0.000,-0.297,1.000,-49.762,51.323,-1.641
149.977,0.000,-0.297,1.000,-49.762,51.323,-1.641
149.982,0.000,-0.297,1.000,-49.762,51.323,-1.641
149.987,0.000,-0.297,1.000,-49.762,51.323,-1.641
149.992,0.000,-0.297,1.000,-49.762,51.323,-1.641
149.997,0.000,-0.297,1.000,-49.762,51.323,-1.641
150.002,0.000,-0.297,1.000,-49.762,51.323,-1.641
150.007,0.000,-0.297,1.000,-49.762,51.323,-1.641
150.012,0.000,-0.297,1.000,-49.762,51.323,-1.641
150.018,0.000,-0.297,1.000,-49.762,51.323,-1.641
150.023,0.000,-0.297,1.000,-49.762,51.323,-1.641
150.028,0.000,-0.297,1.000,-49.762,51.323,-1.641
150.033,0.000,-0.297,1.000,-49.762,51.323,-1.641
150.038,0.000,-0.297,1.000,-49.762,51.323,-1.641
150.043,0.000,-0.297,1.000,-49.762,51.323,-1.641
150.048,0.000,-0.297,1.000,-49.762,51.323,-1.641
150.053,0.000,-0.297,1.000,-49.762,51.323,-1.641
150.058,0.000,-0.297,1.000,-49.762,51.323,-1.641
150.063,0.000,-0.297,1.000,-49.762,51.323,-1.641
150.069,0.000,-0.297,1.000,-49.762,51.323,-1.641
150.074,0.000,-0.297,1.000,-49.762,51.323,-1.641
150.079,0.000,-0.297,1.000,-49.762,51.323,-1.641
150.084,0.000,-0.297,1.000,-49.762,51.323,-1.641
150.089,0.000,-0.297,1.000,-49.762,51.323,-1.641
150.094,0.000,-0.297,1.000,-49.762,51.323,-1.641
150.099,0.000,-0.297,1.000,-49.762,51.323,-1.641
150.104,0.000,-0.297,1.000,-49.762,51.323,-1.641
150.109,0.000,-0.297,1.000,-49.762,51.323,-1.641
150.114,0.000,-0.297,1.000,-49.762,51.323,-1.641
150.120,0.000,-0.297,1.000,-49.762,51.323,-1.641
150.125,0.000,-0.297,1.000,-49.762,51.323,-1.641
150.130,0.000,-0.297,1.000,-49.762,51.323,-1.641
150.135,0.000,-0.297,1.000,-49.762,51.323,-1.641
150.140,0.000,-0.297,1.000,-49.762,51.323,-1.641
150.145,0.000,-0.297,1.000,-49.762,51.323,-1.641
150.150,0.000,-0.297,1.000,-49.762,51.323,-1.641
150.155,0.000,-0.297,1.000,-49.762,51.323,-1.641
150.160,0.000,-0.297,1.000,-49.762,51.323,-1.641
150.165,0.000,-0.297,1.000,-49.762,51.323,-1.641
150.171,0.000,-0.297,1.000,-49.762,51.323,-1.641
150.176,0.000,-0.297,1.000,-49.762,51.323,-1.641
150.181,0.000,-0.297,1.000,-49.762,51.323,-1.641
150.186,0.000,-0.297,1.000,-49.762,51.323,-1.641
150.191,0.000,-0.297,1.000,-49.762,51.323,-1.641
150.196,0.000,-0.297,1.000,-49.762,51.323,-1.641
150.201,0.000,-0.297,1.000,-49.762,51.323,-1.641
150.206,0.000,-0.297,1.000,-49.762,51.323,-1.641
150.211,0.000,-0.297,1.000,-49.762,51.323,-1.641
150.217,0.000,-0.297,1.000,-49.762,51.323,-1.641
150.222,0.000,-0.297,1.000,-49.762,51.323,-1.641
150.227,0.000,-0.297,1.000,-49.762,51.323,-1.641
150.232,0.000,-0.297,1.000,-49.762,51.323,-1.641
150.237,0.000,-0.297,1.000,-49.762,51.323,-1.641
150.242,0.000,-0.297,1.000,-49.762,51.323,-1.641
150.247,0.000,-0.297,1.000,-49.762,51.323,-1.641
150.252,0.000,-0.297,1.000,-49.762,51.323,-1.641
150.257,0.000,-0.297,1.000,-49.762,51.323,-1.641
150.263,0.000,-0.297,1.000,-49.762,51.323,-1.641
150.268,0.000,-0.297,1.000,-49.762,51.323,-1.641
150.273,0.000,-0.297,1.000,-49.762,51.323,-1.641
150.278,0.000,-0.297,1.000,-49.762,51.323,-1.641
150.283,0.000,-0.297,1.000,-49.762,51.323,-1.641
150.288,0.000,-0.297,1.000,-49.762,51.323,-1.641
150.293,0.000,-0.297,1.000,-49.762,51.323,-1.641
150.298,0.000,-0.297,1.000,-49.762,51.323,-1.641
150.303,0.000,-0.297,1.000,-49.762,51.323,-1.641
150.309,0.000,-0.297,1.000,-49.762,51.323,-1.641
150.314,0.000,-0.297,1.000,-49.762,51.323,-1.641
150.319,0.000,-0.297,1.000,-49.762,51.323,-1.641
150.324,0.000,-0.297,1.000,-49.762,51.323,-1.641
150.329,0.000,-0.297,1.000,-49.762,51.323,-1.641
150.334,0.000,-0.297,1.000,-49.762,51.323,-1.641
150.339,0.000,-0.297,1.000,-49.762,51.323,-1.641
150.344,0.000,-0.297,1.000,-49.762,51.323,-1.641
150.349,0.000,-0.297,1.000,-49.762,51.323,-1.641
150.354,0.000,-0.297,1.000,-49.762,51.323,-1.641
150.360,0.000,-0.297,1.000,-49.762,51.323,-1.641
150.365,0.000,-0.297,1.000,-49.762,51.323,-1.641
150.370,0.000,-0.297,1.000,-49.762,51.323,-1.641
150.375,0.000,-0.297,1.000,-49.762,51.323,-1.641
150.380,0.000,-0.297,1.000,-49.762,51.323,-1.641
150.385,0.000,-0.297,1.000,-49.762,51.323,-1.641
150.390,0.000,-0.297,1.000,-49.762,51.323,-1.641
150.395,0.000,-0.297,1.000,-49.762,51.323,-1.641
150.400,0.000,-0.297,1.000,-49.762,51.323,-1.641
150.405,0.000,-0.297,1.000,-49.762,51.323,-1.641
150.410,0.000,-0.297,1.000,-49.762,51.323,-1.641
150.416,0.000,-0.297,1.000,-49.762,51.323,-1.641
150.421,0.000,-0.297,1.000,-49.762,51.323,-1.641
150.426,0.000,-0.297,1.000,-49.762,51.323,-1.641
150.431,0.000,-0.297,1.000,-49.762,51.323,-1.641
150.436,0.000,-0.297,1.000,-49.762,51.323,-1.641
150.441,0.000,-0.297,1.000,-49.762,51.323,-1.641
150.446,0.000,-0.297,1.000,-49.762,51.323,-1.641
150.451,0.000,-0.297,1.000,-49.762,51.323,-1.641
150.456,0.000,-0.297,1.000,-49.762,51.323,-1.641
150.461,0.000,-0.297,1.000,-49.762,51.323,-1.641
150.466,0.000,-0.297,1.000,-49.762,51.323,-1.641
150.472,0.000,-0.297,1.000,-49.762,51.323,-1.641
150.477,0.000,-0.297,1.000,-49.762,51.323,-1.641
150.482,0.000,-0.297,1.000,-49.762,51.323,-1.641
150.487,0.000,-0.297,1.000,-49.762,51.323,-1.641
150.492,0.000,-0.297,1.000,-49.762,51.323,-1.641
150.497,0.000,-0.297,1.000,-49.762,51.323,-1.641
150.502,0.000,-0.297,1.000,-49.762,51.323,-1.641
150.507,0.000,-0.297,1.000,-49.762,51.323,-1.641
150.512,0.000,-0.297,1.000,-49.762,51.323,-1.641
150.518,0.000,-0.297,1.000,-49.762,51.323,-1.641
150.523,0.000,-0.297,1.000,-49.762,51.323,-1.641
150.528,0.000,-0.297,1.000,-49.762,51.323,-1.641
150.533,0.000,-0.297,1.000,-49.762,51.323,-1.641
150.538,0.000,-0.297,1.000,-49.762,51.323,-1.641
150.543,0.000,-0.297,1.000,-49.762,51.323,-1.641
150.548,0.000,-0.297,1.000,-49.762,51.323,-1.641
150.553,0.000,-0.297,1.000,-49.762,51.323,-1.641
150.558,0.000,-0.297,1.000,-49.762,51.323,-1.641
150.563,0.000,-0.297,1.000,-49.762,51.323,-1.641
150.569,0.000,-0.297,1.000,-49.762,51.323,-1.641
150.574,0.000,-0.297,1.000,-49.762,51.323,-1.641
150.579,0.000,-0.297,1.000,-49.762,51.323,-1.641
150.584,0.000,-0.297,1.000,-49.762,51.323,-1.641
150.589,0.000,-0.297,1.000,-49.762,51.323,-1.641
150.594,0.000,-0.297,1.000,-49.762,51.323,-1.641
150.599,0.000,-0.297,1.000,-49.762,51.323,-1.641
150.604,0.000,-0.297,1.000,-49.762,51.323,-1.641
150.609,0.000,-0.297,1.000,-49.762,51.323,-1.641
150.615,0.000,-0.297,1.000,-49.762,51.323,-1.641
150.620,0.000,-0.297,1.000,-49.762,51.323,-1.641
150.625,0.000,-0.297,1.000,-49.762,51.323,-1.641
150.630,0.000,-0.297,1.000,-49.762,51.323,-1.641
150.635,0.000,-0.297,1.000,-49.762,51.323,-1.641
150.640,0.000,-0.297,1.000,-49.762,51.323,-1.641
150.645,0.000,-0.297,1.000,-49.762,51.323,-1.641
150.650,0.000,-0.297,1.000,-49.762,51.323,-1.641
150.655,0.000,-0.297,1.000,-49.762,51.323,-1.641
150.660,0.000,-0.297,1.000,-49.762,51.323,-1.641
150.665,0.000,-0.297,1.000,-49.762,51.323,-1.641
150.670,0.000,-0.297,1.000,-49.762,51.323,-1.641
150.675,0.000,-0.297,1.000,-49.762,51.323,-1.641
150.680,0.000,-0.297,1.000,-49.762,51.323,-1.641
150.685,0.000,-0.297,1.000,-49.762,51.323,-1.641
150.690,0.000,-0.297,1.000,-49.762,51.323,-1.641
150.695,0.000,-0.297,1.000,-49.762,51.323,-1.641
150.700,0.000,-0.297,1.000,-49.762,51.323,-1.641
150.705,0.000,-0.297,1.000,-49.762,51.323,-1.641
150.711,0.000,-0.297,1.000,-49.762,51.323,-1.641
150.716,0.000,-0.297,1.000,-49.762,51.323,-1.641
150.721,0.000,-0.297,1.000,-49.762,51.323,-1.641
150.726,0.000,-0.297,1.000,-49.762,51.323,-1.641
150.731,0.000,-0.297,1.000,-49.762,51.323,-1.641
150.736,0.000,-0.297,1.000,-49.762,51.323,-1.641
150.741,0.000,-0.297,1.000,-49.762,51.323,-1.641
150.746,0.000,-0.297,1.000,-49.762,51.323,-1.641
150.751,0.000,-0.297,1.000,-49.762,51.323,-1.641
150.756,0.000,-0.297,1.000,-49.762,51.323,-1.641
150.761,0.000,-0.297,1.000,-49.762,51.323,-1.641
150.766,0.000,-0.297,1.000,-49.762,51.323,-1.641
150.771,0.000,-0.297,1.000,-49.762,51.323,-1.641
150.776,0.000,-0.297,1.000,-49.762,51.323,-1.641
150.781,0.000,-0.297,1.000,-49.762,51.323,-1.641
150.786,0.000,-0.297,1.000,-49.762,51.323,-1.641
150.791,0.000,-0.297,1.000,-49.762,51.323,-1.641
150.796,0.000,-0.297,1.000,-49.762,51.323,-1.641
150.801,0.000,-0.297,1.000,-49.762,51.323,-1.641
150.806,0.000,-0.297,1.000,-49.762,51.323,-1.641
150.811,0.000,-0.297,1.000,-49.762,51.323,-1.641
150.817,0.000,-0.297,1.000,-49.762,51.323,-1.641
150.822,0.000,-0.297,1.000,-49.762,51.323,-1.641
150.827,0.000,-0.297,1.000,-49.762,51.323,-1.641
150.832,0.000,-0.297,1.000,-49.762,51.323,-1.641
150.837,0.000,-0.297,1.000,-49.762,51.323,-1.641
150.842,0.000,-0.297,1.000,-49.762,51.323,-1.641
150.847,0.000,-0.297,1.000,-49.762,51.323,-1.641
150.852,0.000,-0.297,1.000,-49.762,51.323,-1.641
150.857,0.000,-0.297,1.000,-49.762,51.323,-1.641
150.862,0.000,-0.297,1.000,-49.762,51.323,-1.641
150.867,0.000,-0.297,1.000,-49.762,51.323,-1.641
150.872,0.000,-0.297,1.000,-49.762,51.323,-1.641
150.877,0.000,-0.297,1.000,-49.762,51.323,-1.641
150.882,0.000,-0.297,1.000,-49.762,51.323,-1.641
150.887,0.000,-0.297,1.000,-49.762,51.323,-1.641
150.892,0.000,-0.297,1.000,-49.762,51.323,-1.641
150.897,0.000,-0.297,1.000,-49.762,51.323,-1.641
150.902,0.000,-0.297,1.000,-49.762,51.323,-1.641
150.907,0.000,-0.297,1.000,-49.762,51.323,-1.641
150.912,0.000,-0.297,1.000,-49.762,51.323,-1.641
150.917,0.000,-0.297,1.000,-49.762,51.323,-1.641
150.923,0.000,-0.297,1.000,-49.762,51.323,-1.641
150.928,0.000,-0.297,1.000,-49.762,51.323,-1.641
150.933,0.000,-0.297,1.000,-49.762,51.323,-1.641
150.938,0.000,-0.297,1.000,-49.762,51.323,-1.641
150.943,0.000,-0.297,1.000,-49.762,51.323,-1.641
150.948,0.000,-0.297,1.000,-49.762,51.323,-1.641
150.953,0.000,-0.297,1.000,-49.762,51.323,-1.641
150.958,0.000,-0.297,1.000,-49.762,51.323,-1.641
150.963,0.000,-0.297,1.000,-49.762,51.323,-1.641
150.968,0.000,-0.297,1.000,-49.762,51.323,-1.641
150.973,0.000,-0.297,1.000,-49.762,51.323,-1.641
150.978,0.000,-0.297,1.000,-49.762,51.323,-1.641
150.983,0.000,-0.297,1.000,-49.762,51.323,-1.641
150.988,0.000,-0.297,1.000,-49.762,51.323,-1.641
150.993,0.000,-0.297,1.000,-49.762,51.323,-1.641
150.998,0.000,-0.297,1.000,-49.762,51.323,-1.641
151.003,0.000,-0.297,1.000,-49.762,51.323,-1.641
151.008,0.000,-0.297,1.000,-49.762,51.323,-1.641
151.013,0.000,-0.297,1.000,-49.762,51.323,-1.641
151.018,0.000,-0.297,1.000,-49.762,51.323,-1.641